Familia;Formato;Color;Modelo;;Imagen;Desc._Familia;Desc._Articulo;Estado;Tarifa;Tarifa_Cial.;PV_Calidad_100;Grupo_Tarifa;Desc._Caja;Desc._Marca;Desc._Envase;EAN13;;Cod._SASO;UM;Pz/Caja;M2/Caja;Cj/Pallet;M2/Pallet;Kg/Caja;Kg/Pallet;Largo_PL_cm;Ancho_PL_cm;Alto_PL_cm;Remontable;Espesor_(mm);Fecha_de_alta;Desc._Marca_web;Desc._Serie_promo;Desc._Familia_web;Id._Articulo;Moodboard;Coleccion_web;Serie_web;Efecto_web;Gama_web;Tipo_de_uso;Tipo_complementario;Tipo_clasificacion;Acabado_pieza_web;Variacion_cromatica;Relieve_web;Relieve;Texturizado;Graficas;UNE-EN_ISO_10545-7;UNE_41901:2017_EX;Deslizamiento_DIN_51130;DIN_51097;Grupo_B(X)_UNE-EN_14411;Tipo_baldosa;PTV_(DRY);PTV_(WET);UPEC;DCOF_ANSI_A326.3;Resistencia_flexion;Marca_web;Ref._Catalogo;Formato;Catalogo_web;URL_imagen_PIM;Estado_PIM;Ancho;Alto;Espesor_mm;area;Medida;Nombre;Color_ok;Imagen_web
2;734;17;4379;0027340174379;SI;RVTO.;34x50 BRITANIA ARENA;A;SI;SI;16.7500;RED15;PAMESA;PAMESA;C/48/09;8429991569662;;8429991773281;M2;9;1.50;48;72.00;25.20;1,229.60;95.00;95.00;116.00;;;26/08/2020;ATRIUM;SERIE ATRIUM;REVESTIMIENTO PASTA ROJA;0027340174379;;BRICKSTONE;BRITANIA;PIEDRA;;REVESTIMIENTO;BASE;BASE;MATE;VARIACION ALTA;;SIN INFORMAR;;;;SIN CLASE;;;GRUPO BIII;GL Esmaltado;;;NO;;600-900 N - 15-25 N/mm2;3;002.734.0017.04379;33,3x33,3;CATLOGO PAMESA;;;34;50;10;1700;34x50;BRITANIA;ARENA;https://www.pamesa.com/ERP/4.0/empresas/151/045/imagenes/t00010602/0027340174379.jpg
2;734;28;4379;0027340284379;SI;RVTO.;34x50 BRITANIA MARENGO;A;SI;SI;16.7500;RED15;PAMESA;PAMESA;C/48/09;8429991569679;;8429991773281;M2;9;1.50;48;72.00;25.20;1,229.60;95.00;95.00;116.00;;;26/08/2020;ATRIUM;SERIE ATRIUM;REVESTIMIENTO PASTA ROJA;0027340284379;;BRICKSTONE;BRITANIA;PIEDRA;;REVESTIMIENTO;BASE;BASE;MATE;VARIACION ALTA;;SIN INFORMAR;;;;SIN CLASE;;;GRUPO BIII;GL Esmaltado;;;NO;;600-900 N - 15-25 N/mm2;3;002.734.0028.04379;7X28 C.G.;CATLOGO PAMESA;;;34;50;10;1700;34x50;BRITANIA;MARENGO;https://www.pamesa.com/ERP/4.0/empresas/151/045/imagenes/t00010602/0027340284379.jpg
2;734;160;4379;0027341604379;SI;RVTO.;34x50 BRITANIA NOCE;A;SI;SI;16.7500;RED15;PAMESA;PAMESA;C/48/09;8429991569693;;8429991773281;M2;9;1.50;48;72.00;25.20;1,229.60;95.00;95.00;116.00;;;26/08/2020;ATRIUM;SERIE ATRIUM;REVESTIMIENTO PASTA ROJA;0027341604379;;BRICKSTONE;BRITANIA;PIEDRA;;REVESTIMIENTO;BASE;BASE;MATE;VARIACION ALTA;;SIN INFORMAR;;;;SIN CLASE;;;GRUPO BIII;GL Esmaltado;;;NO;;600-900 N - 15-25 N/mm2;3;002.734.0160.04379;30x30(7)Malla;CATLOGO PAMESA;;;34;50;10;1700;34x50;BRITANIA;NOCE;https://www.pamesa.com/ERP/4.0/empresas/151/045/imagenes/t00010602/0027341604379.jpg
2;734;52;4379;0027340524379;SI;RVTO.;34x50 BRITANIA OCRE;A;SI;SI;16.7500;RED15;PAMESA;PAMESA;C/48/09;8429991569686;;8429991773281;M2;9;1.50;48;72.00;25.20;1,229.60;95.00;95.00;116.00;;;26/08/2020;ATRIUM;SERIE ATRIUM;REVESTIMIENTO PASTA ROJA;0027340524379;;BRICKSTONE;BRITANIA;PIEDRA;;REVESTIMIENTO;BASE;BASE;MATE;VARIACION ALTA;;SIN INFORMAR;;;;SIN CLASE;;;GRUPO BIII;GL Esmaltado;;;NO;;600-900 N - 15-25 N/mm2;3;002.734.0052.04379;7X28 C.G.;CATLOGO PAMESA;;;34;50;10;1700;34x50;BRITANIA;OCRE;https://www.pamesa.com/ERP/4.0/empresas/151/045/imagenes/t00010602/0027340524379.jpg
15;838;7;1546;0158380071546;SI;COM.GL;17x52 EOS BEIGE;A;SI;SI;19.5000;BKS03;PAMESA;PAMESA;F/55/13;8429991495923;;8429991773182;M2;13;1.15;55;63.25;23.00;1,285.00;120.00;80.00;100.00;;;21/01/2020;PAMESA;PAMESA;GRES PORCELNICO ESMALTADO;0158380071546;;BRICKSTONE;EOS;PIEDRA;;REVESTIMIENTO;BASE;BASE;MATE;VARIACION ALTA;;SIN INFORMAR;;;PEI III;;;;GRUPO BIa;GL Esmaltado;;;NO;;1600-2400 N - 35-45 N/mm2;1;015.838.0007.01546;30x30(7)Malla;CATLOGO PAMESA;;;17;52;11,5;884;17x52;EOS;BEIGE;https://www.pamesa.com/ERP/4.0/empresas/151/045/imagenes/t00010602/0158380071546.jpg
15;838;96;1546;0158380961546;SI;COM.GL;17x52 EOS CREMA;A;SI;SI;19.5000;BKS03;PAMESA;PAMESA;F/55/13;8429991495916;;8429991773182;M2;13;1.15;55;63.25;23.00;1,285.00;120.00;80.00;100.00;;;21/01/2020;PAMESA;PAMESA;GRES PORCELNICO ESMALTADO;0158380961546;;BRICKSTONE;EOS;PIEDRA;;REVESTIMIENTO;BASE;BASE;MATE;VARIACION ALTA;;SIN INFORMAR;;;PEI III;;;;GRUPO BIa;GL Esmaltado;;;NO;;1600-2400 N - 35-45 N/mm2;1;015.838.0096.01546;30x30(7)Malla;CATLOGO PAMESA;;;17;52;11,5;884;17x52;EOS;CREMA;https://www.pamesa.com/ERP/4.0/empresas/151/045/imagenes/t00010602/0158380961546.jpg
15;838;2;1546;0158380021546;SI;COM.GL;17x52 EOS GRIS;A;SI;SI;19.5000;BKS03;PAMESA;PAMESA;F/55/13;8429991495909;;8429991773182;M2;13;1.15;55;63.25;23.00;1,285.00;120.00;80.00;100.00;;;21/01/2020;PAMESA;PAMESA;GRES PORCELNICO ESMALTADO;0158380021546;;BRICKSTONE;EOS;PIEDRA;;REVESTIMIENTO;BASE;BASE;MATE;VARIACION ALTA;;SIN INFORMAR;;;PEI III;;;;GRUPO BIa;GL Esmaltado;;;NO;;1600-2400 N - 35-45 N/mm2;1;015.838.0002.01546;30x30(7)Malla;CATLOGO PAMESA;;;17;52;11,5;884;17x52;EOS;GRIS;https://www.pamesa.com/ERP/4.0/empresas/151/045/imagenes/t00010602/0158380021546.jpg
15;838;249;1546;0158382491546;SI;COM.GL;17x52 EOS MAGMA;A;SI;SI;19.5000;BKS03;PAMESA;PAMESA;F/55/13;8429991521066;;8429991773182;M2;13;1.15;55;63.25;23.00;1,285.00;120.00;80.00;100.00;;;22/04/2020;PAMESA;PAMESA;GRES PORCELNICO ESMALTADO;0158382491546;;BRICKSTONE;EOS;PIEDRA;;REVESTIMIENTO;BASE;BASE;MATE;VARIACION ALTA;;SIN INFORMAR;;;PEI III;;;;GRUPO BIa;GL Esmaltado;;;NO;;1600-2400 N - 35-45 N/mm2;1;015.838.0249.01546;100X100;CATLOGO PAMESA;;;17;52;11,5;884;17x52;EOS;MAGMA;https://www.pamesa.com/ERP/4.0/empresas/151/045/imagenes/t00010602/0158382491546.jpg
15;838;231;1546;0158382311546;SI;COM.GL;17x52 EOS OXID;A;SI;SI;19.5000;BKS03;PAMESA;PAMESA;F/55/13;8429991495930;;8429991773182;M2;13;1.15;55;63.25;23.00;1,285.00;120.00;80.00;100.00;;;21/01/2020;PAMESA;PAMESA;GRES PORCELNICO ESMALTADO;0158382311546;;BRICKSTONE;EOS;PIEDRA;;REVESTIMIENTO;BASE;BASE;MATE;VARIACION ALTA;;SIN INFORMAR;;;PEI III;;;;GRUPO BIa;GL Esmaltado;;;NO;;1600-2400 N - 35-45 N/mm2;1;015.838.0231.01546;30x30(7)Malla;CATLOGO PAMESA;;;17;52;11,5;884;17x52;EOS;OXID;https://www.pamesa.com/ERP/4.0/empresas/151/045/imagenes/t00010602/0158382311546.jpg
2;734;100;4377;0027341004377;SI;RVTO.;34x50 ESCOCIA MIX;A;SI;SI;16.0000;RED15;PAMESA;PAMESA;C/48/10;8429991569624;;8429991773281;M2;10;1.70;48;81.60;27.00;1,316.00;95.00;95.00;116.00;;;26/08/2020;ATRIUM;SERIE ATRIUM;REVESTIMIENTO PASTA ROJA;0027341004377;;BRICKSTONE;ESCOCIA;PIEDRA;;REVESTIMIENTO;BASE;BASE;MATE;VARIACION ALTA;;SIN INFORMAR;;;;SIN CLASE;;;GRUPO BIII;GL Esmaltado;;;NO;;600-900 N - 15-25 N/mm2;3;002.734.0100.04377;60X120 RF;CATLOGO PAMESA;;;34;50;10;1700;34x50;ESCOCIA;MIX;https://www.pamesa.com/ERP/4.0/empresas/151/045/imagenes/t00010602/0027341004377.jpg
2;734;100;4378;0027341004378;SI;RVTO.;34x50 GALES MIX;A;SI;SI;16.0000;RED15;PAMESA;PAMESA;C/48/10;8429991569648;;8429991773281;M2;10;1.70;48;81.60;27.00;1,316.00;95.00;95.00;116.00;;;26/08/2020;ATRIUM;SERIE ATRIUM;REVESTIMIENTO PASTA ROJA;0027341004378;;BRICKSTONE;GALES;PIEDRA;;REVESTIMIENTO;BASE;BASE;MATE;VARIACION ALTA;;SIN INFORMAR;;;;SIN CLASE;;;GRUPO BIII;GL Esmaltado;;;NO;;600-900 N - 15-25 N/mm2;3;002.734.0100.04378;60X120 RF;CATLOGO PAMESA;;;34;50;10;1700;34x50;GALES;MIX;https://www.pamesa.com/ERP/4.0/empresas/151/045/imagenes/t00010602/0027341004378.jpg
2;734;805;4378;0027348054378;SI;RVTO.;34x50 GALES MUSGO;A;SI;SI;16.0000;RED15;PAMESA;PAMESA;C/48/10;8429991569655;;8429991773281;M2;10;1.70;48;81.60;27.00;1,316.00;95.00;95.00;116.00;;;26/08/2020;ATRIUM;SERIE ATRIUM;REVESTIMIENTO PASTA ROJA;0027348054378;;BRICKSTONE;GALES;PIEDRA;;REVESTIMIENTO;BASE;BASE;MATE;VARIACION ALTA;;SIN INFORMAR;;;;SIN CLASE;;;GRUPO BIII;GL Esmaltado;;;NO;;600-900 N - 15-25 N/mm2;3;002.734.0805.04378;30x30(7)Malla;CATLOGO PAMESA;;;34;50;10;1700;34x50;GALES;MUSGO;https://www.pamesa.com/ERP/4.0/empresas/151/045/imagenes/t00010602/0027348054378.jpg
2;734;56;4378;0027340564378;SI;RVTO.;34x50 GALES TERRA;A;SI;SI;16.0000;RED15;PAMESA;PAMESA;C/48/10;8429991569631;;8429991773281;M2;10;1.70;48;81.60;27.00;1,316.00;95.00;95.00;116.00;;;26/08/2020;ATRIUM;SERIE ATRIUM;REVESTIMIENTO PASTA ROJA;0027340564378;;BRICKSTONE;GALES;PIEDRA;;REVESTIMIENTO;BASE;BASE;MATE;VARIACION ALTA;;SIN INFORMAR;;;;SIN CLASE;;;GRUPO BIII;GL Esmaltado;;;NO;;600-900 N - 15-25 N/mm2;3;002.734.0056.04378;120X120;CATLOGO PAMESA;;;34;50;10;1700;34x50;GALES;TERRA;https://www.pamesa.com/ERP/4.0/empresas/151/045/imagenes/t00010602/0027340564378.jpg
15;550;7;57;0155500070057;SI;COM.GL;17x52(n) TEIDE BEIGE;A;SI;SI;16.0000;BKS01;PAMESA;PAMESA;F/55/17;8429991527594;;8429991773182;M2;17;1.50;55;82.50;22.50;1,257.50;120.00;80.00;100.00;;;09/06/2020;ATRIUM;SERIE ATRIUM;GRES PORCELNICO ESMALTADO;0155500070057;;BRICKSTONE;TEIDE;PIEDRA;;REVESTIMIENTO;BASE;BASE;MATE;VARIACION ALTA;NO;SIN INFORMAR;;;PEI III;;;;GRUPO BIa;GL Esmaltado;;;NO;;1600-2400 N - 30-40 N/mm2;3;015.550.0007.00057;60x60;CATLOGO PAMESA;;;17;52;8,8;884;17x52;TEIDE;BEIGE;https://www.pamesa.com/ERP/4.0/empresas/151/045/imagenes/t00010602/0155500070057.jpg
15;550;68;57;0155500680057;SI;COM.GL;17x52(n) TEIDE GRAFITO;A;SI;SI;16.0000;BKS01;PAMESA;PAMESA;F/55/17;8429991527600;;8429991773182;M2;17;1.50;55;82.50;22.50;1,257.50;120.00;80.00;100.00;;;09/06/2020;ATRIUM;SERIE ATRIUM;GRES PORCELNICO ESMALTADO;0155500680057;;BRICKSTONE;TEIDE;PIEDRA;;REVESTIMIENTO;BASE;BASE;MATE;VARIACION ALTA;NO;SIN INFORMAR;;;PEI III;;;;GRUPO BIa;GL Esmaltado;;;NO;;1600-2400 N - 30-40 N/mm2;3;015.550.0068.00057;60x60;CATLOGO PAMESA;;;17;52;8,8;884;17x52;TEIDE;GRAFITO;https://www.pamesa.com/ERP/4.0/empresas/151/045/imagenes/t00010602/0155500680057.jpg
15;550;2;57;0155500020057;SI;COM.GL;17x52(n) TEIDE GRIS;A;SI;SI;16.0000;BKS01;PAMESA;PAMESA;F/55/17;8429991527617;;8429991773182;M2;17;1.50;55;82.50;22.50;1,257.50;120.00;80.00;100.00;;;09/06/2020;ATRIUM;SERIE ATRIUM;GRES PORCELNICO ESMALTADO;0155500020057;;BRICKSTONE;TEIDE;PIEDRA;;REVESTIMIENTO;BASE;BASE;MATE;VARIACION ALTA;NO;SIN INFORMAR;;;PEI III;;;;GRUPO BIa;GL Esmaltado;;;NO;;1600-2400 N - 30-40 N/mm2;3;015.550.0002.00057;60x60;CATLOGO PAMESA;;;17;52;8,8;884;17x52;TEIDE;GRIS;https://www.pamesa.com/ERP/4.0/empresas/151/045/imagenes/t00010602/0155500020057.jpg
15;550;249;57;0155502490057;SI;COM.GL;17x52(n) TEIDE MAGMA;A;SI;SI;16.0000;BKS01;PAMESA;PAMESA;F/55/17;8429991527631;;8429991773182;M2;17;1.50;55;82.50;22.50;1,257.50;120.00;80.00;100.00;;;09/06/2020;ATRIUM;SERIE ATRIUM;GRES PORCELNICO ESMALTADO;0155502490057;;BRICKSTONE;TEIDE;PIEDRA;;REVESTIMIENTO;BASE;BASE;MATE;VARIACION ALTA;NO;SIN INFORMAR;;;PEI III;;;;GRUPO BIa;GL Esmaltado;;;NO;;1600-2400 N - 30-40 N/mm2;3;015.550.0249.00057;30x30(7)Malla;CATLOGO PAMESA;;;17;52;8,8;884;17x52;TEIDE;MAGMA;https://www.pamesa.com/ERP/4.0/empresas/151/045/imagenes/t00010602/0155502490057.jpg
15;550;260;57;0155502600057;SI;COM.GL;17x52(n) TEIDE NEUTRO;A;SI;SI;16.0000;BKS01;PAMESA;PAMESA;F/55/17;8429991527624;;8429991773182;M2;17;1.50;55;82.50;22.50;1,257.50;120.00;80.00;100.00;;;09/06/2020;ATRIUM;SERIE ATRIUM;GRES PORCELNICO ESMALTADO;0155502600057;;BRICKSTONE;TEIDE;PIEDRA;;REVESTIMIENTO;BASE;BASE;MATE;VARIACION ALTA;NO;SIN INFORMAR;;;PEI III;;;;GRUPO BIa;GL Esmaltado;;;NO;;1600-2400 N - 30-40 N/mm2;3;015.550.0260.00057;30x30(7)Malla;CATLOGO PAMESA;;;17;52;8,8;884;17x52;TEIDE;NEUTRO;https://www.pamesa.com/ERP/4.0/empresas/151/045/imagenes/t00010602/0155502600057.jpg
15;550;17;7425;0155500177425;SI;COM.GL;17x52(n) TITAN ARENA;A;SI;SI;16.0000;BKS01;PAMESA;PAMESA;F/55/17;8429991527549;;8429991773250;M2;17;1.50;55;82.50;22.50;1,257.50;120.00;80.00;100.00;;;09/06/2020;ATRIUM;SERIE ATRIUM;GRES PORCELNICO ESMALTADO;0155500177425;;BRICKSTONE;TITAN;PIEDRA;;REVESTIMIENTO;BASE;BASE;MATE;VARIACION ALTA;NO;SIN INFORMAR;;;PEI III;CLASE 0;;;GRUPO BIb;GL Esmaltado;;;NO;;1600-2400 N - 30-40 N/mm2;3;015.550.0017.07425;60x60;CATLOGO PAMESA;;;17;52;8,8;884;17x52;TITAN;ARENA;https://www.pamesa.com/ERP/4.0/empresas/151/045/imagenes/t00010602/0155500177425.jpg
15;550;100;7425;0155501007425;SI;COM.GL;17x52(n) TITAN MIX;A;SI;SI;16.0000;BKS01;PAMESA;PAMESA;F/55/17;8429991527532;;8429991773250;M2;17;1.50;55;82.50;22.50;1,257.50;120.00;80.00;100.00;;;09/06/2020;ATRIUM;SERIE ATRIUM;GRES PORCELNICO ESMALTADO;0155501007425;;BRICKSTONE;TITAN;PIEDRA;;REVESTIMIENTO;BASE;BASE;MATE;VARIACION ALTA;NO;SIN INFORMAR;;;PEI III;CLASE 0;;;GRUPO BIb;GL Esmaltado;;;NO;;1600-2400 N - 30-40 N/mm2;3;015.550.0100.07425;30x30(7)Malla;CATLOGO PAMESA;;;17;52;8,8;884;17x52;TITAN;MIX;https://www.pamesa.com/ERP/4.0/empresas/151/045/imagenes/t00010602/0155501007425.jpg
15;550;260;7425;0155502607425;SI;COM.GL;17x52(n) TITAN NEUTRO;A;SI;SI;16.0000;BKS01;PAMESA;PAMESA;F/55/17;8429991527556;;8429991773250;M2;17;1.50;55;82.50;22.50;1,257.50;120.00;80.00;100.00;;;09/06/2020;ATRIUM;SERIE ATRIUM;GRES PORCELNICO ESMALTADO;0155502607425;;BRICKSTONE;TITAN;PIEDRA;;REVESTIMIENTO;BASE;BASE;MATE;VARIACION ALTA;NO;SIN INFORMAR;;;PEI III;CLASE 0;;;GRUPO BIb;GL Esmaltado;;;NO;;1600-2400 N - 30-40 N/mm2;3;015.550.0260.07425;30x30(7)Malla;CATLOGO PAMESA;;;17;52;8,8;884;17x52;TITAN;NEUTRO;https://www.pamesa.com/ERP/4.0/empresas/151/045/imagenes/t00010602/0155502607425.jpg
15;315;110;15344;0153150027358;SI;COM.GL;15x15 BALISTONE GREEN;A;SI;SI;0.0000;ORG09;PAMESA;PAMESA;F/104/25;8429991118792;;8429991773182;M2;25;0.56;104;58.24;10.00;1,060.00;120.00;80.00;75.00;;;02/04/2025;PAMESA;PAMESA;GRES PORCELNICO ESMALTADO;0153150027358;;HAMPTONS;BALISTONE;PIEDRA;;POLIVALENTE;BASE;BASE;MATE;VARIACION ALTA;;SIN INFORMAR;;;;SIN INFORMAR;;;GRUPO BIa;GL Esmaltado;;;NO;;>10000 N - 35-45 N/mm2;1;015.315.0110.15344;61X91(N)20MM;CATLOGO PAMESA;;;15;15;0;225;15x15;BALISTONE;GREEN;https://www.pamesa.com/ERP/4.0/empresas/151/045/imagenes/t00010602/0153150027358.jpg
15;315;408;15344;0153150027418;SI;COM.GL;15x15 BALISTONE GREIGE;A;SI;SI;0.0000;ORG09;PAMESA;PAMESA;F/104/25;8429991118808;;8429991773182;M2;25;0.56;104;58.24;10.00;1,060.00;120.00;80.00;75.00;;;02/04/2025;PAMESA;PAMESA;GRES PORCELNICO ESMALTADO;0153150027418;;HAMPTONS;BALISTONE;PIEDRA;;POLIVALENTE;BASE;BASE;MATE;VARIACION ALTA;;SIN INFORMAR;;;;SIN INFORMAR;;;GRUPO BIa;GL Esmaltado;;;NO;;>10000 N - 35-45 N/mm2;1;015.315.0408.15344;100X100;CATLOGO PAMESA;;;15;15;0;225;15x15;BALISTONE;GREIGE;https://www.pamesa.com/ERP/4.0/empresas/151/045/imagenes/t00010602/0153150027418.jpg
41;12;7;15398;0410120028598;SI;PZ.E.CGLASS REC;9,3x120 C.M2 HAMPTONS BEIGE;A;SI;SI;0.0000;HPTNS04;PAMESA;PAMESA;F/30/10;8429991133467;;;M2;10;1.12;30;33.60;28.00;860.00;120.00;80.00;;;10.50;23/04/2025;PAMESA;PAMESA;GRES PORCELNICO ESMALTADO;0410120028598;;HAMPTONS;HAMPTONS;BARRO;;POLIVALENTE;BASE;BASE;MATE;VARIACION LEVE;;;;;;;;;GRUPO BIa;GL Esmaltado;;;NO;;;1;041.012.0007.15398;30X90PBCA;CATLOGO PAMESA;;;9,3;120;0;1116;9,3x120;HAMPTONS;BEIGE;https://www.pamesa.com/ERP/4.0/empresas/151/045/imagenes/t00010602/0410120028598.jpg
41;12;150;15398;0410120028597;SI;PZ.E.CGLASS REC;9,3x120 C.M2 HAMPTONS BIANCO;A;SI;SI;0.0000;HPTNS04;PAMESA;PAMESA;F/30/10;8429991133412;;;M2;10;1.12;30;33.60;28.00;860.00;120.00;80.00;;;10.50;23/04/2025;PAMESA;PAMESA;GRES PORCELNICO ESMALTADO;0410120028597;;HAMPTONS;HAMPTONS;BARRO;;POLIVALENTE;BASE;BASE;MATE;VARIACION LEVE;;;;;;;;;GRUPO BIa;GL Esmaltado;;;NO;;;1;041.012.0150.15398;36x80;CATLOGO PAMESA;;;9,3;120;0;1116;9,3x120;HAMPTONS;BIANCO;https://www.pamesa.com/ERP/4.0/empresas/151/045/imagenes/t00010602/0410120028597.jpg
41;12;37;15398;0410120028599;SI;PZ.E.CGLASS REC;9,3x120 C.M2 HAMPTONS PERLA;A;SI;SI;0.0000;HPTNS04;PAMESA;PAMESA;F/30/10;8429991133474;;;M2;10;1.12;30;33.60;28.00;860.00;120.00;80.00;;;10.50;23/04/2025;PAMESA;PAMESA;GRES PORCELNICO ESMALTADO;0410120028599;;HAMPTONS;HAMPTONS;BARRO;;POLIVALENTE;BASE;BASE;MATE;VARIACION LEVE;;;;;;;;;GRUPO BIa;GL Esmaltado;;;NO;;;1;041.012.0037.15398;30X90PBCA;CATLOGO PAMESA;;;9,3;120;0;1116;9,3x120;HAMPTONS;PERLA;https://www.pamesa.com/ERP/4.0/empresas/151/045/imagenes/t00010602/0410120028599.jpg
25;281;1398;15398;0252810028593;SI;PZ.ESP COM-GLAS;30x30 (5)Malla HAMPTONS BEIGE-NERO;A;SI;SI;0.0000;MOS5;PAMESA;PAMESA;E/42/11;8429991133382;;;M2;11;1.00;42;42.00;23.00;986.00;120.00;80.00;;;;23/04/2025;PAMESA;PAMESA;GRES PORCELNICO ESMALTADO;0252810028593;;HAMPTONS;HAMPTONS;BARRO;;POLIVALENTE;MALLA;MOSAICO;MATE;VARIACION LEVE;;;;;;;;;GRUPO BIa;GL Esmaltado;;;NO;;;1;025.281.1398.15398;30,3X61,3;CATLOGO PAMESA;;;30;30;0;900;30x30;HAMPTONS;BEIGE-NERO;https://www.pamesa.com/ERP/4.0/empresas/151/045/imagenes/t00010602/0252810028593.jpg
25;281;1397;15398;0252810028594;SI;PZ.ESP COM-GLAS;30x30 (5)Malla HAMPTONS BIANCO-NERO;A;SI;SI;0.0000;MOS5;PAMESA;PAMESA;E/42/11;8429991133399;;;M2;11;1.00;42;42.00;23.00;986.00;120.00;80.00;;;;23/04/2025;PAMESA;PAMESA;GRES PORCELNICO ESMALTADO;0252810028594;;HAMPTONS;HAMPTONS;BARRO;;POLIVALENTE;MALLA;MOSAICO;MATE;VARIACION LEVE;;;;;;;;;GRUPO BIa;GL Esmaltado;;;NO;;;1;025.281.1397.15398;30,3X61,3;CATLOGO PAMESA;;;30;30;0;900;30x30;HAMPTONS;BIANCO-NERO;https://www.pamesa.com/ERP/4.0/empresas/151/045/imagenes/t00010602/0252810028594.jpg
25;281;1399;15398;0252810028595;SI;PZ.ESP COM-GLAS;30x30 (5)Malla HAMPTONS PERLA-NERO;A;SI;SI;0.0000;MOS5;PAMESA;PAMESA;E/42/11;8429991133405;;;M2;11;1.00;42;42.00;23.00;986.00;120.00;80.00;;;;23/04/2025;PAMESA;PAMESA;GRES PORCELNICO ESMALTADO;0252810028595;;HAMPTONS;HAMPTONS;BARRO;;POLIVALENTE;MALLA;MOSAICO;MATE;VARIACION LEVE;;;;;;;;;GRUPO BIa;GL Esmaltado;;;NO;;;1;025.281.1399.15398;30,3X61,3;CATLOGO PAMESA;;;30;30;0;900;30x30;HAMPTONS;PERLA-NERO;https://www.pamesa.com/ERP/4.0/empresas/151/045/imagenes/t00010602/0252810028595.jpg
15;889;7;15398;0158890028529;SI;COM.GL;7x28 C.G. HAMPTONS BEIGE;A;SI;SI;0.0000;ORG05;PAMESA;PAMESA;F/120/30;8429991130855;;8429991773182;M2;30;0.59;120;70.80;10.00;1,220.00;120.00;80.00;100.00;;;23/04/2025;PAMESA;PAMESA;GRES PORCELNICO ESMALTADO;0158890028529;;HAMPTONS;HAMPTONS;BARRO;;POLIVALENTE;BASE;BASE;MATE;VARIACION LEVE;;;;;;;;;GRUPO BIa;GL Esmaltado;;;NO;;>700 N - 35-45 N/mm2;1;015.889.0007.15398;60x60;CATLOGO PAMESA;;;7;28;9,5;196;7x28;HAMPTONS;BEIGE;https://www.pamesa.com/ERP/4.0/empresas/151/045/imagenes/t00010602/0158890028529.jpg
15;889;150;15398;0158890028528;SI;COM.GL;7x28 C.G. HAMPTONS BIANCO;A;SI;SI;0.0000;ORG05;PAMESA;PAMESA;F/120/30;8429991130824;;8429991773182;M2;30;0.59;120;70.80;10.00;1,220.00;120.00;80.00;100.00;;;23/04/2025;PAMESA;PAMESA;GRES PORCELNICO ESMALTADO;0158890028528;;HAMPTONS;HAMPTONS;BARRO;;POLIVALENTE;BASE;BASE;MATE;VARIACION LEVE;;;;;;;;;GRUPO BIa;GL Esmaltado;;;NO;;>700 N - 35-45 N/mm2;1;015.889.0150.15398;60x60;CATLOGO PAMESA;;;7;28;9,5;196;7x28;HAMPTONS;BIANCO;https://www.pamesa.com/ERP/4.0/empresas/151/045/imagenes/t00010602/0158890028528.jpg
15;889;215;15398;0158890028531;SI;COM.GL;7x28 C.G. HAMPTONS NERO;A;SI;SI;0.0000;ORG05;PAMESA;PAMESA;F/120/30;8429991131050;;8429991773182;M2;30;0.59;120;70.80;10.00;1,220.00;120.00;80.00;100.00;;;23/04/2025;PAMESA;PAMESA;GRES PORCELNICO ESMALTADO;0158890028531;;HAMPTONS;HAMPTONS;BARRO;;POLIVALENTE;BASE;BASE;MATE;VARIACION LEVE;;;;;;;;;GRUPO BIa;GL Esmaltado;;;NO;;>700 N - 35-45 N/mm2;1;015.889.0215.15398;60X120(n);CATLOGO PAMESA;;;7;28;9,5;196;7x28;HAMPTONS;NERO;https://www.pamesa.com/ERP/4.0/empresas/151/045/imagenes/t00010602/0158890028531.jpg
15;889;37;15398;0158890028530;SI;COM.GL;7x28 C.G. HAMPTONS PERLA;A;SI;SI;0.0000;ORG05;PAMESA;PAMESA;F/120/30;8429991130862;;8429991773182;M2;30;0.59;120;70.80;10.00;1,220.00;120.00;80.00;100.00;;;23/04/2025;PAMESA;PAMESA;GRES PORCELNICO ESMALTADO;0158890028530;;HAMPTONS;HAMPTONS;BARRO;;POLIVALENTE;BASE;BASE;MATE;VARIACION LEVE;;;;;;;;;GRUPO BIa;GL Esmaltado;;;NO;;>700 N - 35-45 N/mm2;1;015.889.0037.15398;60,8x60,8;CATLOGO PAMESA;;;7;28;9,5;196;7x28;HAMPTONS;PERLA;https://www.pamesa.com/ERP/4.0/empresas/151/045/imagenes/t00010602/0158890028530.jpg
15;889;6;15398;0158890028533;SI;COM.GL;7x28 C.G. HAMPTONS ROSA;A;SI;SI;0.0000;ORG05;PAMESA;PAMESA;F/120/30;8429991131067;;8429991773182;M2;30;0.59;120;70.80;10.00;1,220.00;120.00;80.00;100.00;;;23/04/2025;PAMESA;PAMESA;GRES PORCELNICO ESMALTADO;0158890028533;;HAMPTONS;HAMPTONS;BARRO;;POLIVALENTE;BASE;BASE;MATE;VARIACION LEVE;;;;;;;;;GRUPO BIa;GL Esmaltado;;;NO;;>700 N - 35-45 N/mm2;1;015.889.0006.15398;60x60;CATLOGO PAMESA;;;7;28;9,5;196;7x28;HAMPTONS;ROSA;https://www.pamesa.com/ERP/4.0/empresas/151/045/imagenes/t00010602/0158890028533.jpg
15;690;7;15398;0156900028535;SI;COM.GL;5x25M2 Recto HAMPTONS BEIGE;A;SI;SI;0.0000;ORG02;PAMESA;PAMESA;F/75/60;8429991131081;;8429991773182;M2;60;0.75;75;56.25;13.50;1,032.50;120.00;80.00;;;;23/04/2025;PAMESA;PAMESA;GRES PORCELNICO ESMALTADO;0156900028535;;HAMPTONS;HAMPTONS;BARRO;;POLIVALENTE;BASE;BASE;MATE;VARIACION LEVE;;;;;;;;;GRUPO BIa;GL Esmaltado;;;NO;;1600-2400 N - 35-45 N/mm2;1;015.690.0007.15398;60X120(n);CATLOGO PAMESA;;;5;25;0;125;5x25;HAMPTONS;BEIGE;https://www.pamesa.com/ERP/4.0/empresas/151/045/imagenes/t00010602/0156900028535.jpg
15;690;150;15398;0156900028534;SI;COM.GL;5x25M2 Recto HAMPTONS BIANCO;A;SI;SI;0.0000;ORG02;PAMESA;PAMESA;F/75/60;8429991131074;;8429991773182;M2;60;0.75;75;56.25;13.50;1,032.50;120.00;80.00;;;;23/04/2025;PAMESA;PAMESA;GRES PORCELNICO ESMALTADO;0156900028534;;HAMPTONS;HAMPTONS;BARRO;;POLIVALENTE;BASE;BASE;MATE;VARIACION LEVE;;;;;;;;;GRUPO BIa;GL Esmaltado;;;NO;;1600-2400 N - 35-45 N/mm2;1;015.690.0150.15398;60,8x60,8;CATLOGO PAMESA;;;5;25;0;125;5x25;HAMPTONS;BIANCO;https://www.pamesa.com/ERP/4.0/empresas/151/045/imagenes/t00010602/0156900028534.jpg
15;690;215;15398;0156900028538;SI;COM.GL;5x25M2 Recto HAMPTONS NERO;A;SI;SI;0.0000;ORG02;PAMESA;PAMESA;F/75/60;8429991131319;;8429991773182;M2;60;0.75;75;56.25;13.50;1,032.50;120.00;80.00;;;;23/04/2025;PAMESA;PAMESA;GRES PORCELNICO ESMALTADO;0156900028538;;HAMPTONS;HAMPTONS;BARRO;;POLIVALENTE;BASE;BASE;MATE;VARIACION LEVE;;;;;;;;;GRUPO BIa;GL Esmaltado;;;NO;;1600-2400 N - 35-45 N/mm2;1;015.690.0215.15398;60,8x60,8;CATLOGO PAMESA;;;5;25;0;125;5x25;HAMPTONS;NERO;https://www.pamesa.com/ERP/4.0/empresas/151/045/imagenes/t00010602/0156900028538.jpg
15;690;37;15398;0156900028536;SI;COM.GL;5x25M2 Recto HAMPTONS PERLA;A;SI;SI;0.0000;ORG02;PAMESA;PAMESA;F/75/60;8429991131302;;8429991773182;M2;60;0.75;75;56.25;13.50;1,032.50;120.00;80.00;;;;23/04/2025;PAMESA;PAMESA;GRES PORCELNICO ESMALTADO;0156900028536;;HAMPTONS;HAMPTONS;BARRO;;POLIVALENTE;BASE;BASE;MATE;VARIACION LEVE;;;;;;;;;GRUPO BIa;GL Esmaltado;;;NO;;1600-2400 N - 35-45 N/mm2;1;015.690.0037.15398;60X120(n);CATLOGO PAMESA;;;5;25;0;125;5x25;HAMPTONS;PERLA;https://www.pamesa.com/ERP/4.0/empresas/151/045/imagenes/t00010602/0156900028536.jpg
15;690;6;15398;0156900028539;SI;COM.GL;5x25M2 Recto HAMPTONS ROSA;A;SI;SI;0.0000;ORG02;PAMESA;PAMESA;F/75/60;8429991131463;;8429991773182;M2;60;0.75;75;56.25;13.50;1,032.50;120.00;80.00;;;;23/04/2025;PAMESA;PAMESA;GRES PORCELNICO ESMALTADO;0156900028539;;HAMPTONS;HAMPTONS;BARRO;;POLIVALENTE;BASE;BASE;MATE;VARIACION LEVE;;;;;;;;;GRUPO BIa;GL Esmaltado;;;NO;;1600-2400 N - 35-45 N/mm2;1;015.690.0006.15398;60X120(n);CATLOGO PAMESA;;;5;25;0;125;5x25;HAMPTONS;ROSA;https://www.pamesa.com/ERP/4.0/empresas/151/045/imagenes/t00010602/0156900028539.jpg
15;889;186;2440;0158890028516;SI;COM.GL;7x28 C.G. NATURE BARRO;A;SI;SI;0.0000;ORG05;PAMESA;PAMESA;F/120/30;8429991130275;;8429991773182;M2;30;0.59;120;70.80;10.00;1,220.00;120.00;80.00;100.00;;;23/04/2025;PAMESA;PAMESA;GRES PORCELNICO ESMALTADO;0158890028516;;HAMPTONS;NATURE;BARRO;;POLIVALENTE;BASE;BASE;MATE;VARIACION LEVE;;NO;;;;CLASE 1;;;GRUPO BIa;GL Esmaltado;;;NO;;>700 N - 35-45 N/mm2;1;015.889.0186.02440;60X120(n);CATLOGO PAMESA;;;7;28;9,5;196;7x28;NATURE;BARRO;https://www.pamesa.com/ERP/4.0/empresas/151/045/imagenes/t00010602/0158890028516.jpg
15;889;40;2440;0158890028514;SI;COM.GL;7x28 C.G. NATURE CORAL;A;SI;SI;0.0000;ORG05;PAMESA;PAMESA;F/120/30;8429991130251;;8429991773182;M2;30;0.59;120;70.80;10.00;1,220.00;120.00;80.00;100.00;;;23/04/2025;PAMESA;PAMESA;GRES PORCELNICO ESMALTADO;0158890028514;;HAMPTONS;NATURE;BARRO;;POLIVALENTE;BASE;BASE;MATE;VARIACION LEVE;;NO;;;;CLASE 1;;;GRUPO BIa;GL Esmaltado;;;NO;;>700 N - 35-45 N/mm2;1;015.889.0040.02440;60,8x60,8;CATLOGO PAMESA;;;7;28;9,5;196;7x28;NATURE;CORAL;https://www.pamesa.com/ERP/4.0/empresas/151/045/imagenes/t00010602/0158890028514.jpg
15;889;1400;2440;0158890028512;SI;COM.GL;7x28 C.G. NATURE DUNA;A;SI;SI;0.0000;ORG05;PAMESA;PAMESA;F/120/30;8429991130282;;8429991773182;M2;30;0.59;120;70.80;10.00;1,220.00;120.00;80.00;100.00;;;23/04/2025;PAMESA;PAMESA;GRES PORCELNICO ESMALTADO;0158890028512;;HAMPTONS;NATURE;BARRO;;POLIVALENTE;BASE;BASE;MATE;VARIACION LEVE;;NO;;;;CLASE 1;;;GRUPO BIa;GL Esmaltado;;;NO;;>700 N - 35-45 N/mm2;1;015.889.1400.02440;60X90(N)20MM;CATLOGO PAMESA;;;7;28;9,5;196;7x28;NATURE;DUNA;https://www.pamesa.com/ERP/4.0/empresas/151/045/imagenes/t00010602/0158890028512.jpg
15;889;1401;2440;0158890028515;SI;COM.GL;7x28 C.G. NATURE FUEGO;A;SI;SI;0.0000;ORG05;PAMESA;PAMESA;F/120/30;8429991130268;;8429991773182;M2;30;0.59;120;70.80;10.00;1,220.00;120.00;80.00;100.00;;;23/04/2025;PAMESA;PAMESA;GRES PORCELNICO ESMALTADO;0158890028515;;HAMPTONS;NATURE;BARRO;;POLIVALENTE;BASE;BASE;MATE;VARIACION LEVE;;NO;;;;CLASE 1;;;GRUPO BIa;GL Esmaltado;;;NO;;>700 N - 35-45 N/mm2;1;015.889.1401.02440;60X90(N)20MM;CATLOGO PAMESA;;;7;28;9,5;196;7x28;NATURE;FUEGO;https://www.pamesa.com/ERP/4.0/empresas/151/045/imagenes/t00010602/0158890028515.jpg
15;690;186;2440;0156900028520;SI;COM.GL;5x25M2 Recto NATURE BARRO;A;SI;SI;0.0000;ORG02;PAMESA;PAMESA;F/75/60;8429991130329;;8429991773182;M2;60;0.75;75;56.25;13.50;1,032.50;120.00;80.00;;;;23/04/2025;PAMESA;PAMESA;GRES PORCELNICO ESMALTADO;0156900028520;;HAMPTONS;NATURE;BARRO;;POLIVALENTE;BASE;BASE;MATE;VARIACION LEVE;;NO;;;;CLASE 1;;;GRUPO BIa;GL Esmaltado;;;NO;;1600-2400 N - 35-45 N/mm2;1;015.690.0186.02440;60,8x60,8;CATLOGO PAMESA;;;5;25;0;125;5x25;NATURE;BARRO;https://www.pamesa.com/ERP/4.0/empresas/151/045/imagenes/t00010602/0156900028520.jpg
15;690;40;2440;0156900028518;SI;COM.GL;5x25M2 Recto NATURE CORAL;A;SI;SI;0.0000;ORG02;PAMESA;PAMESA;F/75/60;8429991130305;;8429991773182;M2;60;0.75;75;56.25;13.50;1,032.50;120.00;80.00;;;;23/04/2025;PAMESA;PAMESA;GRES PORCELNICO ESMALTADO;0156900028518;;HAMPTONS;NATURE;BARRO;;POLIVALENTE;BASE;BASE;MATE;VARIACION LEVE;;NO;;;;CLASE 1;;;GRUPO BIa;GL Esmaltado;;;NO;;1600-2400 N - 35-45 N/mm2;1;015.690.0040.02440;60,8x60,8;CATLOGO PAMESA;;;5;25;0;125;5x25;NATURE;CORAL;https://www.pamesa.com/ERP/4.0/empresas/151/045/imagenes/t00010602/0156900028518.jpg
15;690;1400;2440;0156900028517;SI;COM.GL;5x25M2 Recto NATURE DUNA;A;SI;SI;0.0000;ORG02;PAMESA;PAMESA;F/75/60;8429991130299;;8429991773182;M2;60;0.75;75;56.25;13.50;1,032.50;120.00;80.00;;;;23/04/2025;PAMESA;PAMESA;GRES PORCELNICO ESMALTADO;0156900028517;;HAMPTONS;NATURE;BARRO;;POLIVALENTE;BASE;BASE;MATE;VARIACION LEVE;;NO;;;;CLASE 1;;;GRUPO BIa;GL Esmaltado;;;NO;;1600-2400 N - 35-45 N/mm2;1;015.690.1400.02440;60,8x60,8;CATLOGO PAMESA;;;5;25;0;125;5x25;NATURE;DUNA;https://www.pamesa.com/ERP/4.0/empresas/151/045/imagenes/t00010602/0156900028517.jpg
15;690;1401;2440;0156900028519;SI;COM.GL;5x25M2 Recto NATURE FUEGO;A;SI;SI;0.0000;ORG02;PAMESA;PAMESA;F/75/60;8429991130312;;8429991773182;M2;60;0.75;75;56.25;13.50;1,032.50;120.00;80.00;;;;23/04/2025;PAMESA;PAMESA;GRES PORCELNICO ESMALTADO;0156900028519;;HAMPTONS;NATURE;BARRO;;POLIVALENTE;BASE;BASE;MATE;VARIACION LEVE;;NO;;;;CLASE 1;;;GRUPO BIa;GL Esmaltado;;;NO;;1600-2400 N - 35-45 N/mm2;1;015.690.1401.02440;60,8x60,8;CATLOGO PAMESA;;;5;25;0;125;5x25;NATURE;FUEGO;https://www.pamesa.com/ERP/4.0/empresas/151/045/imagenes/t00010602/0156900028519.jpg
15;826;12;497;0158260120497;SI;COM.GL;22,3x22,3 ART BLANCO;A;SI;SI;24.5000;ORG10;PAMESA;PAMESA;F/45/20;8429991301408;;8429991773182;M2;20;1.00;45;45.00;24.00;1,100.00;120.00;80.00;81.00;;11.00;03/02/2017;PAMESA;SERIE ART FAM-15;GRES PORCELNICO ESMALTADO;0158260120497;;ORIGIN;ART;PIEDRA;;POLIVALENTE;;BASE;MATE;VARIACION ALTA;;;;;;CLASE 1;R9;;GRUPO BIa;GL Esmaltado;;;NO;;1600-2400 N - 35-45 N/mm2;1;015.826.0012.00497;60x60;CATLOGO PAMESA;;;22,3;22,3;11;497,29;22,3x22,3;ART;BLANCO;https://www.pamesa.com/ERP/4.0/empresas/151/045/imagenes/t00010602/0158260120497.jpg
15;826;2;497;0158260020497;SI;COM.GL;22,3x22,3 ART GRIS;A;SI;SI;24.5000;ORG10;PAMESA;PAMESA;F/45/20;8429991301415;;8429991773182;M2;20;1.00;45;45.00;24.00;1,100.00;120.00;80.00;81.00;;11.00;03/02/2017;PAMESA;SERIE ART FAM-15;GRES PORCELNICO ESMALTADO;0158260020497;;ORIGIN;ART;PIEDRA;;POLIVALENTE;BASE;BASE;MATE;VARIACION ALTA;;SIN INFORMAR;;;;CLASE 1;R9;;GRUPO BIa;GL Esmaltado;;;NO;;1600-2400 N - 35-45 N/mm2;1;015.826.0002.00497;60x60;CATLOGO PAMESA;;;22,3;22,3;11;497,29;22,3x22,3;ART;GRIS;https://www.pamesa.com/ERP/4.0/empresas/151/045/imagenes/t00010602/0158260020497.jpg
15;826;28;497;0158260280497;SI;COM.GL;22,3x22,3 ART MARENGO;A;SI;SI;24.5000;ORG10;PAMESA;PAMESA;F/45/20;8429991301422;;8429991773182;M2;20;1.00;45;45.00;24.00;1,100.00;120.00;80.00;81.00;;11.00;03/02/2017;PAMESA;SERIE ART FAM-15;GRES PORCELNICO ESMALTADO;0158260280497;;ORIGIN;ART;PIEDRA;;POLIVALENTE;BASE;BASE;MATE;VARIACION ALTA;;SIN INFORMAR;;;;CLASE 1;R9;;GRUPO BIa;GL Esmaltado;;;NO;;1600-2400 N - 35-45 N/mm2;1;015.826.0028.00497;60x60;CATLOGO PAMESA;;;22,3;22,3;11;497,29;22,3x22,3;ART;MARENGO;https://www.pamesa.com/ERP/4.0/empresas/151/045/imagenes/t00010602/0158260280497.jpg
15;826;1;481;0158260010481;SI;COM.GL;22,3x22,3 CASSATT 1.;A;SI;SI;24.5000;ORG10;PAMESA;PAMESA;F/45/20;8429991301552;;8429991773182;M2;20;1.00;45;45.00;24.00;1,100.00;120.00;80.00;81.00;;11.00;03/02/2017;PAMESA;SERIE ART FAM-15;GRES PORCELNICO ESMALTADO;0158260010481;;ORIGIN;ART-CASSATT;DECORADOS;;POLIVALENTE;BASE;BASE;MATE;VARIACION ALTA;;NO;;;;CLASE 1;R9;;GRUPO BIa;GL Esmaltado;;;NO;;1600-2400 N - 35-45 N/mm2;1;015.826.0001.00481;60X90(N)20MM;CATLOGO PAMESA;;;22,3;22,3;11;497,29;22,3x22,3;CASSATT;1.;https://www.pamesa.com/ERP/4.0/empresas/151/045/imagenes/t00010602/0158260010481.jpg
15;826;1;495;0158260010495;SI;COM.GL;22,3x22,3 CEZZANE 1.;A;SI;SI;24.5000;ORG10;PAMESA;PAMESA;F/45/20;8429991301439;;8429991773182;M2;20;1.00;45;45.00;24.00;1,100.00;120.00;80.00;81.00;;11.00;03/02/2017;PAMESA;SERIE ART FAM-15;GRES PORCELNICO ESMALTADO;0158260010495;;ORIGIN;ART-CEZZANE;DECORADOS;;POLIVALENTE;BASE;BASE;MATE;VARIACION ALTA;;SIN INFORMAR;;;;CLASE 1;R9;;GRUPO BIa;GL Esmaltado;;;NO;;1600-2400 N - 35-45 N/mm2;1;015.826.0001.00495;60X60N(20MM);CATLOGO PAMESA;;;22,3;22,3;11;497,29;22,3x22,3;CEZZANE;1.;https://www.pamesa.com/ERP/4.0/empresas/151/045/imagenes/t00010602/0158260010495.jpg
15;826;1;487;0158260010487;SI;COM.GL;22,3x22,3 COROT 1.;A;SI;SI;24.5000;ORG10;PAMESA;PAMESA;F/45/20;8429991301446;;8429991773182;M2;20;1.00;45;45.00;24.00;1,100.00;120.00;80.00;81.00;;11.00;03/02/2017;PAMESA;SERIE ART FAM-15;GRES PORCELNICO ESMALTADO;0158260010487;;ORIGIN;ART-COROT;DECORADOS;;POLIVALENTE;BASE;BASE;MATE;VARIACION ALTA;;SIN INFORMAR;;;;CLASE 1;R9;;GRUPO BIa;GL Esmaltado;;;NO;;1600-2400 N - 35-45 N/mm2;1;015.826.0001.00487;60x60;CATLOGO PAMESA;;;22,3;22,3;11;497,29;22,3x22,3;COROT;1.;https://www.pamesa.com/ERP/4.0/empresas/151/045/imagenes/t00010602/0158260010487.jpg
15;826;12;2601;0158260122601;SI;COM.GL;22,3x22,3 DEGAS BLANCO;A;SI;SI;24.5000;ORG10;PAMESA;PAMESA;F/45/20;8429991301453;;8429991773182;M2;20;1.00;45;45.00;24.00;1,100.00;120.00;80.00;81.00;;11.00;03/02/2017;PAMESA;SERIE ART FAM-15;GRES PORCELNICO ESMALTADO;0158260122601;;ORIGIN;ART-DEGAS;DECORADOS;;POLIVALENTE;BASE;BASE;MATE;VARIACION ALTA;;SIN INFORMAR;;;PEI IV;CLASE 1;R9;;GRUPO BIa;GL Esmaltado;;;NO;;1600-2400 N - 35-45 N/mm2;1;015.826.0012.02601;60x60;CATLOGO PAMESA;;;22,3;22,3;11;497,29;22,3x22,3;DEGAS;BLANCO;https://www.pamesa.com/ERP/4.0/empresas/151/045/imagenes/t00010602/0158260122601.jpg
15;826;3;2601;0158260032601;SI;COM.GL;22,3x22,3 DEGAS NEGRO;A;SI;SI;24.5000;ORG10;PAMESA;PAMESA;F/45/20;8429991301460;;8429991773182;M2;20;1.00;45;45.00;24.00;1,100.00;120.00;80.00;81.00;;11.00;03/02/2017;PAMESA;SERIE ART FAM-15;GRES PORCELNICO ESMALTADO;0158260032601;;ORIGIN;ART-DEGAS;DECORADOS;;POLIVALENTE;BASE;BASE;MATE;VARIACION ALTA;;SIN INFORMAR;;;PEI IV;CLASE 1;R9;;GRUPO BIa;GL Esmaltado;;;NO;;1600-2400 N - 35-45 N/mm2;1;015.826.0003.02601;60x60;CATLOGO PAMESA;;;22,3;22,3;11;497,29;22,3x22,3;DEGAS;NEGRO;https://www.pamesa.com/ERP/4.0/empresas/151/045/imagenes/t00010602/0158260032601.jpg
15;826;1;486;0158260010486;SI;COM.GL;22,3x22,3 GAUGUIN 1.;A;SI;SI;24.5000;ORG10;PAMESA;PAMESA;F/45/20;8429991301477;;8429991773182;M2;20;1.00;45;45.00;24.00;1,100.00;120.00;80.00;81.00;;11.00;03/02/2017;PAMESA;SERIE ART FAM-15;GRES PORCELNICO ESMALTADO;0158260010486;;ORIGIN;ART-GAUGUIN;DECORADOS;;POLIVALENTE;BASE;BASE;MATE;VARIACION ALTA;;SIN INFORMAR;;;;CLASE 1;R9;;GRUPO BIa;GL Esmaltado;;;NO;;1600-2400 N - 35-45 N/mm2;1;015.826.0001.00486;60X60N(20MM);CATLOGO PAMESA;;;22,3;22,3;11;497,29;22,3x22,3;GAUGUIN;1.;https://www.pamesa.com/ERP/4.0/empresas/151/045/imagenes/t00010602/0158260010486.jpg
15;826;1;484;0158260010484;SI;COM.GL;22,3x22,3 LEPIC 1.;A;SI;SI;24.5000;ORG10;PAMESA;PAMESA;F/45/20;8429991301484;;8429991773182;M2;20;1.00;45;45.00;24.00;1,100.00;120.00;80.00;81.00;;11.00;03/02/2017;PAMESA;SERIE ART FAM-15;GRES PORCELNICO ESMALTADO;0158260010484;;ORIGIN;ART-LEPIC;DECORADOS;;POLIVALENTE;BASE;BASE;MATE;VARIACION ALTA;;NO;;;;CLASE 1;R9;;GRUPO BIa;GL Esmaltado;;36 Low;NO;;1600-2400 N - 35-45 N/mm2;1;015.826.0001.00484;60X90(N)20MM;CATLOGO PAMESA;;;22,3;22,3;11;497,29;22,3x22,3;LEPIC;1.;https://www.pamesa.com/ERP/4.0/empresas/151/045/imagenes/t00010602/0158260010484.jpg
15;826;1;2600;0158260012600;SI;COM.GL;22,3x22,3 MONET 1.;A;SI;SI;24.5000;ORG10;PAMESA;PAMESA;F/45/20;8429991301491;;8429991773182;M2;20;1.00;45;45.00;24.00;1,100.00;120.00;80.00;81.00;;11.00;03/02/2017;PAMESA;SERIE ART FAM-15;GRES PORCELNICO ESMALTADO;0158260012600;;ORIGIN;ART-MONET;DECORADOS;;POLIVALENTE;BASE;BASE;MATE;VARIACION ALTA;;SIN INFORMAR;;;PEI IV;CLASE 1;R9;;GRUPO BIa;GL Esmaltado;;;NO;;1600-2400 N - 35-45 N/mm2;1;015.826.0001.02600;60x60;CATLOGO PAMESA;;;22,3;22,3;11;497,29;22,3x22,3;MONET;1.;https://www.pamesa.com/ERP/4.0/empresas/151/045/imagenes/t00010602/0158260012600.jpg
15;826;1;2604;0158260012604;SI;COM.GL;22,3x22,3 RENOIR 1.;A;SI;SI;24.5000;ORG10;PAMESA;PAMESA;F/45/20;8429991301507;;8429991773182;M2;20;1.00;45;45.00;24.00;1,100.00;120.00;80.00;81.00;;11.00;03/02/2017;PAMESA;SERIE ART FAM-15;GRES PORCELNICO ESMALTADO;0158260012604;;ORIGIN;ART-RENOIR;DECORADOS;;POLIVALENTE;BASE;BASE;MATE;VARIACION ALTA;;SIN INFORMAR;;;PEI IV;CLASE 1;R9;;GRUPO BIa;GL Esmaltado;;;NO;;1600-2400 N - 35-45 N/mm2;1;015.826.0001.02604;60X60N(20MM);CATLOGO PAMESA;;;22,3;22,3;11;497,29;22,3x22,3;RENOIR;1.;https://www.pamesa.com/ERP/4.0/empresas/151/045/imagenes/t00010602/0158260012604.jpg
15;826;1;2602;0158260012602;SI;COM.GL;22,3x22,3 RODIN. 1.;A;SI;SI;24.5000;ORG10;PAMESA;PAMESA;F/45/20;8429991301514;;8429991773182;M2;20;1.00;45;45.00;24.00;1,100.00;120.00;80.00;81.00;;11.00;03/02/2017;PAMESA;SERIE ART FAM-15;GRES PORCELNICO ESMALTADO;0158260012602;;ORIGIN;ART-RODIN;DECORADOS;;POLIVALENTE;BASE;BASE;MATE;VARIACION ALTA;;SIN INFORMAR;;;PEI IV;CLASE 1;R9;;GRUPO BIa;GL Esmaltado;;;NO;;1600-2400 N - 35-45 N/mm2;1;015.826.0001.02602;60X60N(20MM);CATLOGO PAMESA;;;22,3;22,3;11;497,29;22,3x22,3;RODIN.;1.;https://www.pamesa.com/ERP/4.0/empresas/151/045/imagenes/t00010602/0158260012602.jpg
15;826;1;483;0158260010483;SI;COM.GL;22,3x22,3 SEURAT 1.;A;SI;SI;24.5000;ORG10;PAMESA;PAMESA;F/45/20;8429991301521;;8429991773182;M2;20;1.00;45;45.00;24.00;1,100.00;120.00;80.00;81.00;;11.00;03/02/2017;PAMESA;SERIE ART FAM-15;GRES PORCELNICO ESMALTADO;0158260010483;;ORIGIN;ART-SEURAT;DECORADOS;;POLIVALENTE;BASE;BASE;MATE;VARIACION ALTA;;NO;;;;CLASE 1;R9;;GRUPO BIa;GL Esmaltado;;;NO;;1600-2400 N - 35-45 N/mm2;1;015.826.0001.00483;60X90(N)20MM;CATLOGO PAMESA;;;22,3;22,3;11;497,29;22,3x22,3;SEURAT;1.;https://www.pamesa.com/ERP/4.0/empresas/151/045/imagenes/t00010602/0158260010483.jpg
15;826;1;482;0158260010482;SI;COM.GL;22,3x22,3 SIGNAC 1.;A;SI;SI;24.5000;ORG10;PAMESA;PAMESA;F/45/20;8429991301538;;8429991773182;M2;20;1.00;45;45.00;24.00;1,100.00;120.00;80.00;81.00;;11.00;03/02/2017;PAMESA;SERIE ART FAM-15;GRES PORCELNICO ESMALTADO;0158260010482;;ORIGIN;ART-SIGNAC;DECORADOS;;POLIVALENTE;BASE;BASE;MATE;VARIACION ALTA;;NO;;;;CLASE 1;R9;;GRUPO BIa;GL Esmaltado;;;NO;;1600-2400 N - 35-45 N/mm2;1;015.826.0001.00482;60X90(N)20MM;CATLOGO PAMESA;;;22,3;22,3;11;497,29;22,3x22,3;SIGNAC;1.;https://www.pamesa.com/ERP/4.0/empresas/151/045/imagenes/t00010602/0158260010482.jpg
15;826;1;2603;0158260012603;SI;COM.GL;22,3x22,3 SYSLEY 1.;A;SI;SI;24.5000;ORG10;PAMESA;PAMESA;F/45/20;8429991301545;;8429991773182;M2;20;1.00;45;45.00;24.00;1,100.00;120.00;80.00;81.00;;11.00;03/02/2017;PAMESA;SERIE ART FAM-15;GRES PORCELNICO ESMALTADO;0158260012603;;ORIGIN;ART-SYSLEY;DECORADOS;;POLIVALENTE;BASE;BASE;MATE;VARIACION ALTA;;SIN INFORMAR;;;PEI IV;CLASE 1;R9;;GRUPO BIa;GL Esmaltado;;;NO;;1600-2400 N - 35-45 N/mm2;1;015.826.0001.02603;60x60;CATLOGO PAMESA;;;22,3;22,3;11;497,29;22,3x22,3;SYSLEY;1.;https://www.pamesa.com/ERP/4.0/empresas/151/045/imagenes/t00010602/0158260012603.jpg
15;845;186;2440;0158450028527;SI;COM.GL;33,3x33,3 NATURE BARRO;A;SI;SI;0.0000;PGL02;PAMESA;PAMESA;F/46/12;8429991130817;;8429991773182;M2;12;1.33;46;61.18;24.50;1,147.00;120.00;80.00;82.00;;;23/04/2025;PAMESA;PAMESA;GRES PORCELNICO ESMALTADO;0158450028527;;ORIGIN;NATURE;BARRO;;POLIVALENTE;BASE;BASE;MATE;VARIACION MODERADA;;NO;;;;CLASE 1;;;GRUPO BIa;GL Esmaltado;;;NO;;>10000 N - 35-45 N/mm2;1;015.845.0186.02440;60X120(n);CATLOGO PAMESA;;;33,3;33,3;8,5;1108,89;33,3x33,3;NATURE;BARRO;https://www.pamesa.com/ERP/4.0/empresas/151/045/imagenes/t00010602/0158450028527.jpg
15;845;40;2440;0158450028522;SI;COM.GL;33,3x33,3 NATURE CORAL;A;SI;SI;0.0000;PGL02;PAMESA;PAMESA;F/46/12;8429991130367;;8429991773182;M2;12;1.33;46;61.18;24.50;1,147.00;120.00;80.00;82.00;;;23/04/2025;PAMESA;PAMESA;GRES PORCELNICO ESMALTADO;0158450028522;;ORIGIN;NATURE;BARRO;;POLIVALENTE;BASE;BASE;MATE;VARIACION MODERADA;;NO;;;;CLASE 1;;;GRUPO BIa;GL Esmaltado;;;NO;;>10000 N - 35-45 N/mm2;1;015.845.0040.02440;60X120(n);CATLOGO PAMESA;;;33,3;33,3;8,5;1108,89;33,3x33,3;NATURE;CORAL;https://www.pamesa.com/ERP/4.0/empresas/151/045/imagenes/t00010602/0158450028522.jpg
15;845;1400;2440;0158450028521;SI;COM.GL;33,3x33,3 NATURE DUNA;A;SI;SI;0.0000;PGL02;PAMESA;PAMESA;F/46/12;8429991130336;;8429991773182;M2;12;1.33;46;61.18;24.50;1,147.00;120.00;80.00;82.00;;;23/04/2025;PAMESA;PAMESA;GRES PORCELNICO ESMALTADO;0158450028521;;ORIGIN;NATURE;BARRO;;POLIVALENTE;BASE;BASE;MATE;VARIACION MODERADA;;NO;;;;CLASE 1;;;GRUPO BIa;GL Esmaltado;;;NO;;>10000 N - 35-45 N/mm2;1;015.845.1400.02440;60x60;CATLOGO PAMESA;;;33,3;33,3;8,5;1108,89;33,3x33,3;NATURE;DUNA;https://www.pamesa.com/ERP/4.0/empresas/151/045/imagenes/t00010602/0158450028521.jpg
15;845;1401;2440;0158450028523;SI;COM.GL;33,3x33,3 NATURE FUEGO;A;SI;SI;0.0000;PGL02;PAMESA;PAMESA;F/46/12;8429991130725;;8429991773182;M2;12;1.33;46;61.18;24.50;1,147.00;120.00;80.00;82.00;;;23/04/2025;PAMESA;PAMESA;GRES PORCELNICO ESMALTADO;0158450028523;;ORIGIN;NATURE;BARRO;;POLIVALENTE;BASE;BASE;MATE;VARIACION MODERADA;;NO;;;;CLASE 1;;;GRUPO BIa;GL Esmaltado;;;NO;;>10000 N - 35-45 N/mm2;1;015.845.1401.02440;60x60;CATLOGO PAMESA;;;33,3;33,3;8,5;1108,89;33,3x33,3;NATURE;FUEGO;https://www.pamesa.com/ERP/4.0/empresas/151/045/imagenes/t00010602/0158450028523.jpg
27;890;1013;2463;0278900014735;SI;PASTA BLANCA;7,5x30 Rvto AUREA BRASS;A;SI;SI;25.0000;ORG06;PAMESA;PAMESA;D/120/26 (RVTO);8429991738518;;8429991773281;M2;26;0.59;120;70.80;9.00;1,102.00;124.00;80.00;;;9.50;03/06/2022;PAMESA;PAMESA;REVESTIMIENTO PASTA BLANCA;0278900014735;;ORIGIN;ORIGIN AUREA;METAL;;REVESTIMIENTO;BASE;BASE;MATE;VARIACION MODERADA;;SIN INFORMAR;;;;SIN CLASE;;;GRUPO BIII;GL Esmaltado;;;NO;;600-900 N - 15-25 N/mm2;1;027.890.1013.02463;60X90(N)20MM;CATLOGO PAMESA;;;7,5;30;9,5;225;7,5x30;AUREA;BRASS;https://www.pamesa.com/ERP/4.0/empresas/151/045/imagenes/t00010602/0278900014735.jpg
27;890;815;2463;0278908152463;SI;PASTA BLANCA;7,5x30 Rvto AUREA BRONZE;A;SI;SI;25.0000;ORG06;PAMESA;PAMESA;D/120/26 (RVTO);8429991738501;;8429991773281;M2;26;0.59;120;70.80;9.00;1,102.00;124.00;80.00;;;9.50;03/06/2022;PAMESA;PAMESA;REVESTIMIENTO PASTA BLANCA;0278908152463;;ORIGIN;ORIGIN AUREA;METAL;;REVESTIMIENTO;BASE;BASE;MATE;VARIACION MODERADA;;SIN INFORMAR;;;;SIN CLASE;;;GRUPO BIII;GL Esmaltado;;;NO;;600-900 N - 15-25 N/mm2;1;027.890.0815.02463;60X120(T)C;CATLOGO PAMESA;;;7,5;30;9,5;225;7,5x30;AUREA;BRONZE;https://www.pamesa.com/ERP/4.0/empresas/151/045/imagenes/t00010602/0278908152463.jpg
27;890;189;2463;0278901892463;SI;PASTA BLANCA;7,5x30 Rvto AUREA GOLD;A;SI;SI;25.0000;ORG06;PAMESA;PAMESA;D/120/26 (RVTO);8429991738471;;8429991773281;M2;26;0.59;120;70.80;9.00;1,102.00;124.00;80.00;;;9.50;03/06/2022;PAMESA;PAMESA;REVESTIMIENTO PASTA BLANCA;0278901892463;;ORIGIN;ORIGIN AUREA;METAL;;REVESTIMIENTO;;BASE;MATE;VARIACION MODERADA;;;;;;SIN CLASE;;;GRUPO BIII;GL Esmaltado;;;NO;;600-900 N - 15-25 N/mm2;1;027.890.0189.02463;60X120(T)C;CATLOGO PAMESA;;;7,5;30;9,5;225;7,5x30;AUREA;GOLD;https://www.pamesa.com/ERP/4.0/empresas/151/045/imagenes/t00010602/0278901892463.jpg
27;890;1012;2463;0278900014734;SI;PASTA BLANCA;7,5x30 Rvto AUREA GOLD ROSE;A;SI;SI;25.0000;ORG06;PAMESA;PAMESA;D/120/26 (RVTO);8429991738488;;8429991773281;M2;26;0.59;120;70.80;9.00;1,102.00;124.00;80.00;;;9.50;03/06/2022;PAMESA;PAMESA;REVESTIMIENTO PASTA BLANCA;0278900014734;;ORIGIN;ORIGIN AUREA;METAL;;REVESTIMIENTO;BASE;BASE;MATE;VARIACION MODERADA;;SIN INFORMAR;;;;SIN CLASE;;;GRUPO BIII;GL Esmaltado;;;NO;;600-900 N - 15-25 N/mm2;1;027.890.1012.02463;60X90(N)20MM;CATLOGO PAMESA;;;7,5;30;9,5;225;7,5x30;AUREA;GOLD ROSE;https://www.pamesa.com/ERP/4.0/empresas/151/045/imagenes/t00010602/0278900014734.jpg
27;890;183;2463;0278901832463;SI;PASTA BLANCA;7,5x30 Rvto AUREA SILVER;A;SI;SI;25.0000;ORG06;PAMESA;PAMESA;D/120/26 (RVTO);8429991738495;;8429991773281;M2;26;0.59;120;70.80;9.00;1,102.00;124.00;80.00;;;9.50;03/06/2022;PAMESA;PAMESA;REVESTIMIENTO PASTA BLANCA;0278901832463;;ORIGIN;ORIGIN AUREA;METAL;;REVESTIMIENTO;;BASE;MATE;VARIACION MODERADA;;;;;;SIN CLASE;;;GRUPO BIII;GL Esmaltado;;;NO;;600-900 N - 15-25 N/mm2;1;027.890.0183.02463;60X120(T)C;CATLOGO PAMESA;;;7,5;30;9,5;225;7,5x30;AUREA;SILVER;https://www.pamesa.com/ERP/4.0/empresas/151/045/imagenes/t00010602/0278901832463.jpg
27;890;7;11183;0278900013365;SI;PASTA BLANCA;7,5x30 Rvto ELEGANZA BEIGE;A;SI;SI;23.0000;ORG07;PAMESA;PAMESA;D/120/26 (RVTO);8429991746780;;8429991773281;M2;26;0.59;120;70.80;9.00;1,102.00;124.00;80.00;;;9.50;01/07/2022;PAMESA;PAMESA;REVESTIMIENTO PASTA BLANCA;0278900013365;;ORIGIN;ORIGIN ELEGANZA;CEMENTO;;REVESTIMIENTO;;BASE;BRILLO;VARIACION LEVE;;NO;;;;SIN CLASE;;;GRUPO BIII;GL Esmaltado;;;NO;;600-900 N - 15-25 N/mm2;1;027.890.0007.11183;120X120(T);CATLOGO PAMESA;;;7,5;30;9,5;225;7,5x30;ELEGANZA;BEIGE;https://www.pamesa.com/ERP/4.0/empresas/151/045/imagenes/t00010602/0278900013365.jpg
27;890;150;11183;0278900015102;SI;PASTA BLANCA;7,5x30 Rvto ELEGANZA BIANCO;A;SI;SI;23.0000;ORG07;PAMESA;PAMESA;D/120/26 (RVTO);8429991748463;;8429991773281;M2;26;0.59;120;70.80;9.00;1,102.00;124.00;80.00;;;9.50;05/07/2022;PAMESA;PAMESA;REVESTIMIENTO PASTA BLANCA;0278900015102;;ORIGIN;ORIGIN ELEGANZA;CEMENTO;;REVESTIMIENTO;BASE;BASE;BRILLO;VARIACION LEVE;;NO;;;;SIN CLASE;;;GRUPO BIII;GL Esmaltado;;;NO;;600-900 N - 15-25 N/mm2;1;027.890.0150.11183;60X120(T)C;CATLOGO PAMESA;;;7,5;30;9,5;225;7,5x30;ELEGANZA;BIANCO;https://www.pamesa.com/ERP/4.0/empresas/151/045/imagenes/t00010602/0278900015102.jpg
27;890;158;11183;0278900013361;SI;PASTA BLANCA;7,5x30 Rvto ELEGANZA BLU;A;SI;SI;23.0000;ORG07;PAMESA;PAMESA;D/120/26 (RVTO);8429991746827;;8429991773281;M2;26;0.59;120;70.80;9.00;1,102.00;124.00;80.00;;;9.50;01/07/2022;PAMESA;PAMESA;REVESTIMIENTO PASTA BLANCA;0278900013361;;ORIGIN;ORIGIN ELEGANZA;CEMENTO;;REVESTIMIENTO;BASE;BASE;BRILLO;VARIACION LEVE;;NO;;;;SIN CLASE;;;GRUPO BIII;GL Esmaltado;;;NO;;600-900 N - 15-25 N/mm2;1;027.890.0158.11183;60X120(T)C;CATLOGO PAMESA;;;7,5;30;9,5;225;7,5x30;ELEGANZA;BLU;https://www.pamesa.com/ERP/4.0/empresas/151/045/imagenes/t00010602/0278900013361.jpg
27;890;213;11183;0278900013366;SI;PASTA BLANCA;7,5x30 Rvto ELEGANZA GRIGIO;A;SI;SI;23.0000;ORG07;PAMESA;PAMESA;D/120/26 (RVTO);8429991746834;;8429991773281;M2;26;0.59;120;70.80;9.00;1,102.00;124.00;80.00;;;9.50;01/07/2022;PAMESA;PAMESA;REVESTIMIENTO PASTA BLANCA;0278900013366;;ORIGIN;ORIGIN ELEGANZA;CEMENTO;;REVESTIMIENTO;BASE;BASE;BRILLO;VARIACION LEVE;;NO;;;;SIN CLASE;;;GRUPO BIII;GL Esmaltado;;;NO;;600-900 N - 15-25 N/mm2;1;027.890.0213.11183;60X120(T)C;CATLOGO PAMESA;;;7,5;30;9,5;225;7,5x30;ELEGANZA;GRIGIO;https://www.pamesa.com/ERP/4.0/empresas/151/045/imagenes/t00010602/0278900013366.jpg
27;890;37;11183;0278900013364;SI;PASTA BLANCA;7,5x30 Rvto ELEGANZA PERLA;A;SI;SI;23.0000;ORG07;PAMESA;PAMESA;D/120/26 (RVTO);8429991746797;;8429991773281;M2;26;0.59;120;70.80;9.00;1,102.00;124.00;80.00;;;9.50;01/07/2022;PAMESA;PAMESA;REVESTIMIENTO PASTA BLANCA;0278900013364;;ORIGIN;ORIGIN ELEGANZA;CEMENTO;;REVESTIMIENTO;BASE;BASE;BRILLO;VARIACION LEVE;;NO;;;;SIN CLASE;;;GRUPO BIII;GL Esmaltado;;;NO;;600-900 N - 15-25 N/mm2;1;027.890.0037.11183;60X120(T)C;CATLOGO PAMESA;;;7,5;30;9,5;225;7,5x30;ELEGANZA;PERLA;https://www.pamesa.com/ERP/4.0/empresas/151/045/imagenes/t00010602/0278900013364.jpg
27;890;942;11183;0278900013358;SI;PASTA BLANCA;7,5x30 Rvto ELEGANZA SAGGIO;A;SI;SI;23.0000;ORG07;PAMESA;PAMESA;D/120/26 (RVTO);8429991746841;;8429991773281;M2;26;0.59;120;70.80;9.00;1,102.00;124.00;80.00;;;9.50;01/07/2022;PAMESA;PAMESA;REVESTIMIENTO PASTA BLANCA;0278900013358;;ORIGIN;ORIGIN ELEGANZA;CEMENTO;;REVESTIMIENTO;;BASE;BRILLO;VARIACION LEVE;;NO;;;;SIN CLASE;;;GRUPO BIII;GL Esmaltado;;;NO;;600-900 N - 15-25 N/mm2;1;027.890.0942.11183;60X120(T)C;CATLOGO PAMESA;;;7,5;30;9,5;225;7,5x30;ELEGANZA;SAGGIO;https://www.pamesa.com/ERP/4.0/empresas/151/045/imagenes/t00010602/0278900013358.jpg
27;890;53;11183;0278900013363;SI;PASTA BLANCA;7,5x30 Rvto ELEGANZA SIENA;A;SI;SI;23.0000;ORG07;PAMESA;PAMESA;D/120/26 (RVTO);8429991746803;;8429991773281;M2;26;0.59;120;70.80;9.00;1,102.00;124.00;80.00;;;9.50;01/07/2022;PAMESA;PAMESA;REVESTIMIENTO PASTA BLANCA;0278900013363;;ORIGIN;ORIGIN ELEGANZA;CEMENTO;;REVESTIMIENTO;BASE;BASE;BRILLO;VARIACION LEVE;;NO;;;;SIN CLASE;;;GRUPO BIII;GL Esmaltado;;;NO;;600-900 N - 15-25 N/mm2;1;027.890.0053.11183;60X120(T)C;CATLOGO PAMESA;;;7,5;30;9,5;225;7,5x30;ELEGANZA;SIENA;https://www.pamesa.com/ERP/4.0/empresas/151/045/imagenes/t00010602/0278900013363.jpg
27;890;56;11183;0278900013362;SI;PASTA BLANCA;7,5x30 Rvto ELEGANZA TERRA;A;SI;SI;23.0000;ORG07;PAMESA;PAMESA;D/120/26 (RVTO);8429991746810;;8429991773281;M2;26;0.59;120;70.80;9.00;1,102.00;124.00;80.00;;;9.50;01/07/2022;PAMESA;PAMESA;REVESTIMIENTO PASTA BLANCA;0278900013362;;ORIGIN;ORIGIN ELEGANZA;CEMENTO;;REVESTIMIENTO;BASE;BASE;BRILLO;VARIACION LEVE;;NO;;;;SIN CLASE;;;GRUPO BIII;GL Esmaltado;;;NO;;600-900 N - 15-25 N/mm2;1;027.890.0056.11183;60X120(T)C;CATLOGO PAMESA;;;7,5;30;9,5;225;7,5x30;ELEGANZA;TERRA;https://www.pamesa.com/ERP/4.0/empresas/151/045/imagenes/t00010602/0278900013362.jpg
15;889;498;2772;0158894982772;SI;COM.GL;7x28 C.G. FEEL AQUA;A;SI;SI;27.0000;ORG04;PAMESA;PAMESA;F/120/30;8429991759308;;8429991773250;M2;30;0.59;120;70.80;10.00;1,220.00;120.00;80.00;100.00;;;10/08/2022;PAMESA;PAMESA;GRES PORCELNICO ESMALTADO;0158894982772;;ORIGIN;ORIGIN FEEL;BASICO;;REVESTIMIENTO;BASE;BASE;BRILLO;VARIACION MODERADA;;SIN INFORMAR;;;;CLASE 0;;;GRUPO BIb;GL Esmaltado;;;NO;;>1300 N - 35-45 N/mm2;1;015.889.0498.02772;60X120(n);CATLOGO PAMESA;;;7;28;9,5;196;7x28;FEEL;AQUA;https://www.pamesa.com/ERP/4.0/empresas/151/045/imagenes/t00010602/0158894982772.jpg
15;889;973;2772;0158899732772;SI;COM.GL;7x28 C.G. FEEL OLIVE;A;SI;SI;27.0000;ORG04;PAMESA;PAMESA;F/120/30;8429991759346;;8429991773250;M2;30;0.59;120;70.80;10.00;1,220.00;120.00;80.00;100.00;;;10/08/2022;PAMESA;PAMESA;GRES PORCELNICO ESMALTADO;0158899732772;;ORIGIN;ORIGIN FEEL;BASICO;;REVESTIMIENTO;BASE;BASE;BRILLO;VARIACION MODERADA;;SIN INFORMAR;;;;CLASE 0;;;GRUPO BIb;GL Esmaltado;;;NO;;>1300 N - 35-45 N/mm2;1;015.889.0973.02772;60X90(N)20MM;CATLOGO PAMESA;;;7;28;9,5;196;7x28;FEEL;OLIVE;https://www.pamesa.com/ERP/4.0/empresas/151/045/imagenes/t00010602/0158899732772.jpg
15;889;169;2772;0158891692772;SI;COM.GL;7x28 C.G. FEEL PEARL;A;SI;SI;27.0000;ORG04;PAMESA;PAMESA;F/120/30;8429991759322;;8429991773250;M2;30;0.59;120;70.80;10.00;1,220.00;120.00;80.00;100.00;;;09/09/2022;PAMESA;PAMESA;GRES PORCELNICO ESMALTADO;0158891692772;;ORIGIN;ORIGIN FEEL;BASICO;;REVESTIMIENTO;BASE;BASE;BRILLO;VARIACION MODERADA;;SIN INFORMAR;;;;CLASE 0;;;GRUPO BIb;GL Esmaltado;;;NO;;>1300 N - >35 N/mm2;1;015.889.0169.02772;33,3x33,3;CATLOGO PAMESA;;;7;28;9,5;196;7x28;FEEL;PEARL;https://www.pamesa.com/ERP/4.0/empresas/151/045/imagenes/t00010602/0158891692772.jpg
15;889;56;2772;0158890562772;SI;COM.GL;7x28 C.G. FEEL TERRA;A;SI;SI;27.0000;ORG04;PAMESA;PAMESA;F/120/30;8429991759353;;8429991773250;M2;30;0.59;120;70.80;10.00;1,220.00;120.00;80.00;100.00;;;10/08/2022;PAMESA;PAMESA;GRES PORCELNICO ESMALTADO;0158890562772;;ORIGIN;ORIGIN FEEL;BASICO;;REVESTIMIENTO;BASE;BASE;BRILLO;VARIACION MODERADA;;SIN INFORMAR;;;;CLASE 0;;;GRUPO BIb;GL Esmaltado;;;NO;;>1300 N - 35-45 N/mm2;1;015.889.0056.02772;60x60;CATLOGO PAMESA;;;7;28;9,5;196;7x28;FEEL;TERRA;https://www.pamesa.com/ERP/4.0/empresas/151/045/imagenes/t00010602/0158890562772.jpg
15;889;339;2772;0158893392772;SI;COM.GL;7x28 C.G. FEEL TURQUOISE;A;SI;SI;27.0000;ORG04;PAMESA;PAMESA;F/120/30;8429991759339;;8429991773250;M2;30;0.59;120;70.80;10.00;1,220.00;120.00;80.00;100.00;;;10/08/2022;PAMESA;PAMESA;GRES PORCELNICO ESMALTADO;0158893392772;;ORIGIN;ORIGIN FEEL;BASICO;;REVESTIMIENTO;BASE;BASE;BRILLO;VARIACION MODERADA;;SIN INFORMAR;;;;CLASE 0;;;GRUPO BIb;GL Esmaltado;;;NO;;>1300 N - 35-45 N/mm2;1;015.889.0339.02772;60X120(n);CATLOGO PAMESA;;;7;28;9,5;196;7x28;FEEL;TURQUOISE;https://www.pamesa.com/ERP/4.0/empresas/151/045/imagenes/t00010602/0158893392772.jpg
27;890;498;2769;0278904982769;SI;PASTA BLANCA;7,5x30 Rvto GRACE AQUA;A;SI;SI;23.0000;ORG07;PAMESA;PAMESA;D/120/26 (RVTO);8429991735630;;8429991773281;M2;26;0.59;120;70.80;9.00;1,102.00;124.00;80.00;;;9.50;26/05/2022;PAMESA;PAMESA;REVESTIMIENTO PASTA BLANCA;0278904982769;;ORIGIN;ORIGIN GRACE;BASICO;;REVESTIMIENTO;BASE;BASE;BRILLO;VARIACION LEVE;;SIN INFORMAR;;;;SIN CLASE;;;GRUPO BIII;GL Esmaltado;;;NO;;600-900 N - 15-25 N/mm2;1;027.890.0498.02769;60X120(T)C;CATLOGO PAMESA;;;7,5;30;9,5;225;7,5x30;GRACE;AQUA;https://www.pamesa.com/ERP/4.0/empresas/151/045/imagenes/t00010602/0278904982769.jpg
27;890;111;2769;0278901112769;SI;PASTA BLANCA;7,5x30 Rvto GRACE BLUE;A;SI;SI;23.0000;ORG07;PAMESA;PAMESA;D/120/26 (RVTO);8429991735579;;8429991773281;M2;26;0.59;120;70.80;9.00;1,102.00;124.00;80.00;;;9.50;26/05/2022;PAMESA;PAMESA;REVESTIMIENTO PASTA BLANCA;0278901112769;;ORIGIN;ORIGIN GRACE;BASICO;;REVESTIMIENTO;BASE;BASE;BRILLO;VARIACION LEVE;;SIN INFORMAR;;;;SIN CLASE;;;GRUPO BIII;GL Esmaltado;;;NO;;600-900 N - 15-25 N/mm2;1;027.890.0111.02769;60X120(T)C;CATLOGO PAMESA;;;7,5;30;9,5;225;7,5x30;GRACE;BLUE;https://www.pamesa.com/ERP/4.0/empresas/151/045/imagenes/t00010602/0278901112769.jpg
27;890;413;2769;0278904132769;SI;PASTA BLANCA;7,5x30 Rvto GRACE BONE;A;SI;SI;23.0000;ORG07;PAMESA;PAMESA;D/120/26 (RVTO);8429991735661;;8429991773281;M2;26;0.59;120;70.80;9.00;1,102.00;124.00;80.00;;;9.50;26/05/2022;PAMESA;PAMESA;REVESTIMIENTO PASTA BLANCA;0278904132769;;ORIGIN;ORIGIN GRACE;BASICO;;REVESTIMIENTO;BASE;BASE;BRILLO;VARIACION LEVE;;SIN INFORMAR;;;;SIN CLASE;;;GRUPO BIII;GL Esmaltado;;;NO;;600-900 N - 15-25 N/mm2;1;027.890.0413.02769;60X120(T)C;CATLOGO PAMESA;;;7,5;30;9,5;225;7,5x30;GRACE;BONE;https://www.pamesa.com/ERP/4.0/empresas/151/045/imagenes/t00010602/0278904132769.jpg
27;890;110;2769;0278901102769;SI;PASTA BLANCA;7,5x30 Rvto GRACE GREEN;A;SI;SI;23.0000;ORG07;PAMESA;PAMESA;D/120/26 (RVTO);8429991735593;;8429991773281;M2;26;0.59;120;70.80;9.00;1,102.00;124.00;80.00;;;9.50;26/05/2022;PAMESA;PAMESA;REVESTIMIENTO PASTA BLANCA;0278901102769;;ORIGIN;ORIGIN GRACE;BASICO;;REVESTIMIENTO;BASE;BASE;BRILLO;VARIACION LEVE;;SIN INFORMAR;;;;SIN CLASE;;;GRUPO BIII;GL Esmaltado;;;NO;;600-900 N - 15-25 N/mm2;1;027.890.0110.02769;60x120(N)20MM;CATLOGO PAMESA;;;7,5;30;9,5;225;7,5x30;GRACE;GREEN;https://www.pamesa.com/ERP/4.0/empresas/151/045/imagenes/t00010602/0278901102769.jpg
27;890;383;2769;0278903832769;SI;PASTA BLANCA;7,5x30 Rvto GRACE NUDE;A;SI;SI;23.0000;ORG07;PAMESA;PAMESA;D/120/26 (RVTO);8429991735647;;8429991773281;M2;26;0.59;120;70.80;9.00;1,102.00;124.00;80.00;;;9.50;26/05/2022;PAMESA;PAMESA;REVESTIMIENTO PASTA BLANCA;0278903832769;;ORIGIN;ORIGIN GRACE;BASICO;;REVESTIMIENTO;BASE;BASE;BRILLO;VARIACION LEVE;;SIN INFORMAR;;;;SIN CLASE;;;GRUPO BIII;GL Esmaltado;;;NO;;600-900 N - 15-25 N/mm2;1;027.890.0383.02769;60X120(T)C;CATLOGO PAMESA;;;7,5;30;9,5;225;7,5x30;GRACE;NUDE;https://www.pamesa.com/ERP/4.0/empresas/151/045/imagenes/t00010602/0278903832769.jpg
27;890;285;2769;0278902852769;SI;PASTA BLANCA;7,5x30 Rvto GRACE TAUPE;A;SI;SI;23.0000;ORG07;PAMESA;PAMESA;D/120/26 (RVTO);8429991735609;;8429991773281;M2;26;0.59;120;70.80;9.00;1,102.00;124.00;80.00;;;9.50;26/05/2022;PAMESA;PAMESA;REVESTIMIENTO PASTA BLANCA;0278902852769;;ORIGIN;ORIGIN GRACE;BASICO;;REVESTIMIENTO;BASE;BASE;BRILLO;VARIACION LEVE;;SIN INFORMAR;;;;SIN CLASE;;;GRUPO BIII;GL Esmaltado;;;NO;;600-900 N - 15-25 N/mm2;1;027.890.0285.02769;60X120(T)C;CATLOGO PAMESA;;;7,5;30;9,5;225;7,5x30;GRACE;TAUPE;https://www.pamesa.com/ERP/4.0/empresas/151/045/imagenes/t00010602/0278902852769.jpg
15;511;174;1955;0155111741955;SI;COM.GL;6,5x20 MAYFAIR BCO.MATE;A;SI;SI;25.0000;ORG01;PAMESA;PAMESA;F/145/28;8429991737887;;8429991773182;M2;28;0.36;145;52.20;6.70;991.50;120.00;80.00;80.00;;;02/06/2022;PAMESA;PAMESA;GRES PORCELNICO ESMALTADO;0155111741955;;ORIGIN;ORIGIN MAYFAIR;BASICO;;REVESTIMIENTO;BASE;BASE;MATE;ASPECTO UNIFORME;;SIN INFORMAR;;;;;;;GRUPO BIa;GL Esmaltado;;;NO;;>1300 N - 35-45 N/mm2;1;015.511.0174.01955;60x60;CATLOGO PAMESA;;;6,5;20;9,5;130;6,5x20;MAYFAIR;BCO.MATE;https://www.pamesa.com/ERP/4.0/empresas/151/045/imagenes/t00010602/0155111741955.jpg
15;511;7;1955;0155110071955;SI;COM.GL;6,5x20 MAYFAIR BEIGE;A;SI;SI;25.0000;ORG01;PAMESA;PAMESA;F/145/28;8429991737900;;8429991773250;M2;28;0.36;145;52.20;6.70;991.50;120.00;80.00;80.00;;;02/06/2022;PAMESA;PAMESA;GRES PORCELNICO ESMALTADO;0155110071955;;ORIGIN;ORIGIN MAYFAIR;BASICO;;REVESTIMIENTO;BASE;BASE;BRILLO;ASPECTO UNIFORME;;SIN INFORMAR;;;;CLASE 0;;;GRUPO BIb;GL Esmaltado;;;NO;;>1300 N - 35-45 N/mm2;1;015.511.0007.01955;60,8x60,8;CATLOGO PAMESA;;;6,5;20;9,5;130;6,5x20;MAYFAIR;BEIGE;https://www.pamesa.com/ERP/4.0/empresas/151/045/imagenes/t00010602/0155110071955.jpg
15;511;12;1955;0155110121955;SI;COM.GL;6,5x20 MAYFAIR BLANCO;A;SI;SI;25.0000;ORG01;PAMESA;PAMESA;F/145/28;8429991593599;;8429991773250;M2;28;0.36;145;52.20;6.70;991.50;120.00;80.00;80.00;;;10/11/2020;PAMESA;PAMESA;GRES PORCELNICO ESMALTADO;0155110121955;;ORIGIN;ORIGIN MAYFAIR;BASICO;;REVESTIMIENTO;BASE;BASE;BRILLO;ASPECTO UNIFORME;;SIN INFORMAR;;;PEI IV;CLASE 0;;;GRUPO BIb;GL Esmaltado;;;NO;;>1300 N - 35-45 N/mm2;1;015.511.0012.01955;60,8x60,8;CATLOGO PAMESA;;;6,5;20;9,5;130;6,5x20;MAYFAIR;BLANCO;https://www.pamesa.com/ERP/4.0/empresas/151/045/imagenes/t00010602/0155110121955.jpg
15;511;68;1955;0155110681955;SI;COM.GL;6,5x20 MAYFAIR GRAFITO;A;SI;SI;25.0000;ORG01;PAMESA;PAMESA;F/145/28;8429991593629;;8429991773250;M2;28;0.36;145;52.20;6.70;991.50;120.00;80.00;80.00;;;10/11/2020;PAMESA;PAMESA;GRES PORCELNICO ESMALTADO;0155110681955;;ORIGIN;ORIGIN MAYFAIR;BASICO;;REVESTIMIENTO;BASE;BASE;BRILLO;ASPECTO UNIFORME;;SIN INFORMAR;;;PEI II;CLASE 0;;;GRUPO BIb;GL Esmaltado;;;NO;;>1300 N - 35-45 N/mm2;1;015.511.0068.01955;60x60;CATLOGO PAMESA;;;6,5;20;9,5;130;6,5x20;MAYFAIR;GRAFITO;https://www.pamesa.com/ERP/4.0/empresas/151/045/imagenes/t00010602/0155110681955.jpg
15;511;21;1955;0155110211955;SI;COM.GL;6,5x20 MAYFAIR GRANA;A;SI;SI;25.0000;ORG01;PAMESA;PAMESA;F/145/28;8429991593605;;8429991773250;M2;28;0.36;145;52.20;6.70;991.50;120.00;80.00;80.00;;;10/11/2020;PAMESA;PAMESA;GRES PORCELNICO ESMALTADO;0155110211955;;ORIGIN;ORIGIN MAYFAIR;BASICO;;REVESTIMIENTO;BASE;BASE;BRILLO;ASPECTO UNIFORME;;SIN INFORMAR;;;PEI II;CLASE 0;;;GRUPO BIb;GL Esmaltado;;;NO;;>1300 N - 35-45 N/mm2;1;015.511.0021.01955;60,8x60,8;CATLOGO PAMESA;;;6,5;20;9,5;130;6,5x20;MAYFAIR;GRANA;https://www.pamesa.com/ERP/4.0/empresas/151/045/imagenes/t00010602/0155110211955.jpg
15;511;118;1955;0155111181955;SI;COM.GL;6,5x20 MAYFAIR NAVI;A;SI;SI;25.0000;ORG01;PAMESA;PAMESA;F/145/28;8429991593636;;8429991773250;M2;28;0.36;145;52.20;6.70;991.50;120.00;80.00;80.00;;;10/11/2020;PAMESA;PAMESA;GRES PORCELNICO ESMALTADO;0155111181955;;ORIGIN;ORIGIN MAYFAIR;BASICO;;REVESTIMIENTO;BASE;BASE;BRILLO;ASPECTO UNIFORME;;SIN INFORMAR;;;PEI II;CLASE 0;;;GRUPO BIb;GL Esmaltado;;;NO;;>1300 N - 35-45 N/mm2;1;015.511.0118.01955;60x60;CATLOGO PAMESA;;;6,5;20;9,5;130;6,5x20;MAYFAIR;NAVI;https://www.pamesa.com/ERP/4.0/empresas/151/045/imagenes/t00010602/0155111181955.jpg
15;511;3;1955;0155110031955;SI;COM.GL;6,5x20 MAYFAIR NEGRO;A;SI;SI;25.0000;ORG01;PAMESA;PAMESA;F/145/28;8429991593582;;8429991773250;M2;28;0.36;145;52.20;6.70;991.50;120.00;80.00;80.00;;;10/11/2020;PAMESA;PAMESA;GRES PORCELNICO ESMALTADO;0155110031955;;ORIGIN;ORIGIN MAYFAIR;BASICO;;REVESTIMIENTO;BASE;BASE;BRILLO;ASPECTO UNIFORME;;SIN INFORMAR;;;PEI II;CLASE 0;;;GRUPO BIb;GL Esmaltado;;;NO;;>1300 N - 35-45 N/mm2;1;015.511.0003.01955;60,8x60,8;CATLOGO PAMESA;;;6,5;20;9,5;130;6,5x20;MAYFAIR;NEGRO;https://www.pamesa.com/ERP/4.0/empresas/151/045/imagenes/t00010602/0155110031955.jpg
15;511;1011;1955;0155110014706;SI;COM.GL;6,5x20 MAYFAIR NEGRO MATE;A;SI;SI;25.0000;ORG01;PAMESA;PAMESA;F/145/28;8429991737894;;8429991773182;M2;28;0.36;145;52.20;6.70;991.50;120.00;80.00;80.00;;;02/06/2022;PAMESA;PAMESA;GRES PORCELNICO ESMALTADO;0155110014706;;ORIGIN;ORIGIN MAYFAIR;BASICO;;REVESTIMIENTO;BASE;BASE;MATE;ASPECTO UNIFORME;;SIN INFORMAR;;;;;;;GRUPO BIa;GL Esmaltado;;;NO;;>1300 N - 35-45 N/mm2;1;015.511.1011.01955;60x60;CATLOGO PAMESA;;;6,5;20;9,5;130;6,5x20;MAYFAIR;NEGRO MATE;https://www.pamesa.com/ERP/4.0/empresas/151/045/imagenes/t00010602/0155110014706.jpg
15;511;52;1955;0155110521955;SI;COM.GL;6,5x20 MAYFAIR OCRE;A;SI;SI;25.0000;ORG01;PAMESA;PAMESA;F/145/28;8429991593612;;8429991773250;M2;28;0.36;145;52.20;6.70;991.50;120.00;80.00;80.00;;;10/11/2020;PAMESA;PAMESA;GRES PORCELNICO ESMALTADO;0155110521955;;ORIGIN;ORIGIN MAYFAIR;BASICO;;REVESTIMIENTO;BASE;BASE;BRILLO;ASPECTO UNIFORME;;SIN INFORMAR;;;PEI II;CLASE 0;;;GRUPO BIb;GL Esmaltado;;;NO;;>1300 N - 35-45 N/mm2;1;015.511.0052.01955;60x60;CATLOGO PAMESA;;;6,5;20;9,5;130;6,5x20;MAYFAIR;OCRE;https://www.pamesa.com/ERP/4.0/empresas/151/045/imagenes/t00010602/0155110521955.jpg
15;511;37;1955;0155110371955;SI;COM.GL;6,5x20 MAYFAIR PERLA;A;SI;SI;25.0000;ORG01;PAMESA;PAMESA;F/145/28;8429991737917;;8429991773250;M2;28;0.36;145;52.20;6.70;991.50;120.00;80.00;80.00;;;02/06/2022;PAMESA;PAMESA;GRES PORCELNICO ESMALTADO;0155110371955;;ORIGIN;ORIGIN MAYFAIR;BASICO;;REVESTIMIENTO;BASE;BASE;BRILLO;ASPECTO UNIFORME;;SIN INFORMAR;;;;CLASE 0;;;GRUPO BIb;GL Esmaltado;;;NO;;>1300 N - 35-45 N/mm2;1;015.511.0037.01955;60,8x60,8;CATLOGO PAMESA;;;6,5;20;9,5;130;6,5x20;MAYFAIR;PERLA;https://www.pamesa.com/ERP/4.0/empresas/151/045/imagenes/t00010602/0155110371955.jpg
15;511;297;1955;0155112971955;SI;COM.GL;6,5x20 MAYFAIR TORTORA;A;SI;SI;25.0000;ORG01;PAMESA;PAMESA;F/145/28;8429991737931;;8429991773250;M2;28;0.36;145;52.20;6.70;991.50;120.00;80.00;80.00;;;02/06/2022;PAMESA;PAMESA;GRES PORCELNICO ESMALTADO;0155112971955;;ORIGIN;ORIGIN MAYFAIR;BASICO;;REVESTIMIENTO;BASE;BASE;BRILLO;ASPECTO UNIFORME;;SIN INFORMAR;;;;CLASE 0;;;GRUPO BIb;GL Esmaltado;;;NO;;>1300 N - 35-45 N/mm2;1;015.511.0297.01955;60x60;CATLOGO PAMESA;;;6,5;20;9,5;130;6,5x20;MAYFAIR;TORTORA;https://www.pamesa.com/ERP/4.0/empresas/151/045/imagenes/t00010602/0155112971955.jpg
15;511;543;1955;0155115431955;SI;COM.GL;6,5x20 MAYFAIR VERT;A;SI;SI;25.0000;ORG01;PAMESA;PAMESA;F/145/28;8429991593643;;8429991773250;M2;28;0.36;145;52.20;6.70;991.50;120.00;80.00;80.00;;;10/11/2020;PAMESA;PAMESA;GRES PORCELNICO ESMALTADO;0155115431955;;ORIGIN;ORIGIN MAYFAIR;BASICO;;REVESTIMIENTO;BASE;BASE;BRILLO;ASPECTO UNIFORME;;SIN INFORMAR;;;PEI II;CLASE 0;;;GRUPO BIb;GL Esmaltado;;;NO;;>1300 N - 35-45 N/mm2;1;015.511.0543.01955;60x60;CATLOGO PAMESA;;;6,5;20;9,5;130;6,5x20;MAYFAIR;VERT;https://www.pamesa.com/ERP/4.0/empresas/151/045/imagenes/t00010602/0155115431955.jpg
27;890;393;1518;0278903931518;SI;PASTA BLANCA;7,5x30 Rvto MAYOLICA ARTICO;A;SI;SI;23.0000;ORG07;PAMESA;PAMESA;D/120/26 (RVTO);8429991740467;;8429991773281;M2;26;0.59;120;70.80;9.00;1,102.00;124.00;80.00;;;9.50;09/06/2022;PAMESA;PAMESA;REVESTIMIENTO PASTA BLANCA;0278903931518;;ORIGIN;ORIGIN MAYOLICA;BASICO;;REVESTIMIENTO;BASE;BASE;BRILLO;ASPECTO UNIFORME;;NO;;;;SIN CLASE;;;GRUPO BIII;GL Esmaltado;;;NO;;600-900 N - 15-25 N/mm2;1;027.890.0393.01518;60X120(T)C;CATLOGO PAMESA;;;7,5;30;9,5;225;7,5x30;MAYOLICA;ARTICO;https://www.pamesa.com/ERP/4.0/empresas/151/045/imagenes/t00010602/0278903931518.jpg
27;890;174;1518;0278901741518;SI;PASTA BLANCA;7,5x30 Rvto MAYOLICA BCO.MATE;A;SI;SI;23.0000;ORG07;PAMESA;PAMESA;D/120/26 (RVTO);8429991737542;;8429991773281;M2;26;0.59;120;70.80;9.00;1,102.00;124.00;80.00;;;9.50;01/06/2022;PAMESA;PAMESA;REVESTIMIENTO PASTA BLANCA;0278901741518;;ORIGIN;ORIGIN MAYOLICA;BASICO;;REVESTIMIENTO;BASE;BASE;MATE;ASPECTO UNIFORME;;NO;;;;SIN CLASE;;;GRUPO BIII;GL Esmaltado;;;NO;;600-900 N - 15-25 N/mm2;1;027.890.0174.01518;60X120(T)C;CATLOGO PAMESA;;;7,5;30;9,5;225;7,5x30;MAYOLICA;BCO.MATE;https://www.pamesa.com/ERP/4.0/empresas/151/045/imagenes/t00010602/0278901741518.jpg
27;890;7;1518;0278900071518;SI;PASTA BLANCA;7,5x30 Rvto MAYOLICA BEIGE;A;SI;SI;23.0000;ORG07;PAMESA;PAMESA;D/120/26 (RVTO);8429991737726;;8429991773281;M2;26;0.59;120;70.80;9.00;1,102.00;124.00;80.00;;;9.50;02/06/2022;PAMESA;PAMESA;REVESTIMIENTO PASTA BLANCA;0278900071518;;ORIGIN;ORIGIN MAYOLICA;BASICO;;REVESTIMIENTO;BASE;BASE;BRILLO;ASPECTO UNIFORME;;NO;;;;SIN CLASE;;;GRUPO BIII;GL Esmaltado;;;NO;;600-900 N - 15-25 N/mm2;1;027.890.0007.01518;120X120(T);CATLOGO PAMESA;;;7,5;30;9,5;225;7,5x30;MAYOLICA;BEIGE;https://www.pamesa.com/ERP/4.0/empresas/151/045/imagenes/t00010602/0278900071518.jpg
27;890;12;1518;0278900121518;SI;PASTA BLANCA;7,5x30 Rvto MAYOLICA BLANCO;A;SI;SI;23.0000;ORG07;PAMESA;PAMESA;D/120/26 (RVTO);8429991737702;;8429991773281;M2;26;0.59;120;70.80;9.00;1,102.00;124.00;80.00;;;9.50;02/06/2022;PAMESA;PAMESA;REVESTIMIENTO PASTA BLANCA;0278900121518;;ORIGIN;ORIGIN MAYOLICA;BASICO;;REVESTIMIENTO;BASE;BASE;BRILLO;ASPECTO UNIFORME;;NO;;;;SIN CLASE;;;GRUPO BIII;GL Esmaltado;;;NO;;600-900 N - 15-25 N/mm2;1;027.890.0012.01518;60X120(T)C;CATLOGO PAMESA;;;7,5;30;9,5;225;7,5x30;MAYOLICA;BLANCO;https://www.pamesa.com/ERP/4.0/empresas/151/045/imagenes/t00010602/0278900121518.jpg
27;890;55;1518;0278900551518;SI;PASTA BLANCA;7,5x30 Rvto MAYOLICA CELESTE;A;SI;SI;23.0000;ORG07;PAMESA;PAMESA;D/120/26 (RVTO);8429991740474;;8429991773281;M2;26;0.59;120;70.80;9.00;1,102.00;124.00;80.00;;;9.50;09/06/2022;PAMESA;PAMESA;REVESTIMIENTO PASTA BLANCA;0278900551518;;ORIGIN;ORIGIN MAYOLICA;BASICO;;REVESTIMIENTO;BASE;BASE;BRILLO;ASPECTO UNIFORME;;NO;;;;SIN CLASE;;;GRUPO BIII;GL Esmaltado;;;NO;;600-900 N - 15-25 N/mm2;1;027.890.0055.01518;60x120(N)20MM;CATLOGO PAMESA;;;7,5;30;9,5;225;7,5x30;MAYOLICA;CELESTE;https://www.pamesa.com/ERP/4.0/empresas/151/045/imagenes/t00010602/0278900551518.jpg
27;890;548;1518;0278905481518;SI;PASTA BLANCA;7,5x30 Rvto MAYOLICA MENTA;A;SI;SI;23.0000;ORG07;PAMESA;PAMESA;D/120/26 (RVTO);8429991737740;;8429991773281;M2;26;0.59;120;70.80;9.00;1,102.00;124.00;80.00;;;9.50;02/06/2022;PAMESA;PAMESA;REVESTIMIENTO PASTA BLANCA;0278905481518;;ORIGIN;ORIGIN MAYOLICA;BASICO;;REVESTIMIENTO;BASE;BASE;BRILLO;ASPECTO UNIFORME;;NO;;;;SIN CLASE;;;GRUPO BIII;GL Esmaltado;;;NO;;600-900 N - 15-25 N/mm2;1;027.890.0548.01518;60X120(T)C;CATLOGO PAMESA;;;7,5;30;9,5;225;7,5x30;MAYOLICA;MENTA;https://www.pamesa.com/ERP/4.0/empresas/151/045/imagenes/t00010602/0278905481518.jpg
27;890;3;1518;0278900031518;SI;PASTA BLANCA;7,5x30 Rvto MAYOLICA NEGRO;A;SI;SI;23.0000;ORG07;PAMESA;PAMESA;D/120/26 (RVTO);8429991740498;;8429991773281;M2;26;0.59;120;70.80;9.00;1,102.00;124.00;80.00;;;9.50;09/06/2022;PAMESA;PAMESA;REVESTIMIENTO PASTA BLANCA;0278900031518;;ORIGIN;ORIGIN MAYOLICA;BASICO;;REVESTIMIENTO;BASE;BASE;BRILLO;ASPECTO UNIFORME;;NO;;;;SIN CLASE;;;GRUPO BIII;GL Esmaltado;;;NO;;600-900 N - 15-25 N/mm2;1;027.890.0003.01518;120X120(T);CATLOGO PAMESA;;;7,5;30;9,5;225;7,5x30;MAYOLICA;NEGRO;https://www.pamesa.com/ERP/4.0/empresas/151/045/imagenes/t00010602/0278900031518.jpg
27;890;1011;1518;0278900014698;SI;PASTA BLANCA;7,5x30 Rvto MAYOLICA NEGRO MATE;A;SI;SI;23.0000;ORG07;PAMESA;PAMESA;D/120/26 (RVTO);8429991737559;;8429991773281;M2;26;0.59;120;70.80;9.00;1,102.00;124.00;80.00;;;9.50;01/06/2022;PAMESA;PAMESA;REVESTIMIENTO PASTA BLANCA;0278900014698;;ORIGIN;ORIGIN MAYOLICA;BASICO;;REVESTIMIENTO;BASE;BASE;MATE;ASPECTO UNIFORME;;NO;;;;SIN CLASE;;;GRUPO BIII;GL Esmaltado;;;NO;;600-900 N - 15-25 N/mm2;1;027.890.1011.01518;60X120(T)C;CATLOGO PAMESA;;;7,5;30;9,5;225;7,5x30;MAYOLICA;NEGRO MATE;https://www.pamesa.com/ERP/4.0/empresas/151/045/imagenes/t00010602/0278900014698.jpg
27;890;383;1518;0278903831518;SI;PASTA BLANCA;7,5x30 Rvto MAYOLICA NUDE;A;SI;SI;23.0000;ORG07;PAMESA;PAMESA;D/120/26 (RVTO);8429991740481;;8429991773281;M2;26;0.59;120;70.80;9.00;1,102.00;124.00;80.00;;;9.50;09/06/2022;PAMESA;PAMESA;REVESTIMIENTO PASTA BLANCA;0278903831518;;ORIGIN;ORIGIN MAYOLICA;BASICO;;REVESTIMIENTO;BASE;BASE;BRILLO;ASPECTO UNIFORME;;NO;;;;SIN CLASE;;;GRUPO BIII;GL Esmaltado;;;NO;;600-900 N - 15-25 N/mm2;1;027.890.0383.01518;60X120(T)C;CATLOGO PAMESA;;;7,5;30;9,5;225;7,5x30;MAYOLICA;NUDE;https://www.pamesa.com/ERP/4.0/empresas/151/045/imagenes/t00010602/0278903831518.jpg
27;890;37;1518;0278900371518;SI;PASTA BLANCA;7,5x30 Rvto MAYOLICA PERLA;A;SI;SI;23.0000;ORG07;PAMESA;PAMESA;D/120/26 (RVTO);8429991737719;;8429991773281;M2;26;0.59;120;70.80;9.00;1,102.00;124.00;80.00;;;9.50;02/06/2022;PAMESA;PAMESA;REVESTIMIENTO PASTA BLANCA;0278900371518;;ORIGIN;ORIGIN MAYOLICA;BASICO;;REVESTIMIENTO;BASE;BASE;BRILLO;ASPECTO UNIFORME;;NO;;;;SIN CLASE;;;GRUPO BIII;GL Esmaltado;;;NO;;600-900 N - 15-25 N/mm2;1;027.890.0037.01518;60X120(T)C;CATLOGO PAMESA;;;7,5;30;9,5;225;7,5x30;MAYOLICA;PERLA;https://www.pamesa.com/ERP/4.0/empresas/151/045/imagenes/t00010602/0278900371518.jpg
27;890;297;1518;0278902971518;SI;PASTA BLANCA;7,5x30 Rvto MAYOLICA TORTORA;A;SI;SI;23.0000;ORG07;PAMESA;PAMESA;D/120/26 (RVTO);8429991737757;;8429991773281;M2;26;0.59;120;70.80;9.00;1,102.00;124.00;80.00;;;9.50;02/06/2022;PAMESA;PAMESA;REVESTIMIENTO PASTA BLANCA;0278902971518;;ORIGIN;ORIGIN MAYOLICA;BASICO;;REVESTIMIENTO;BASE;BASE;BRILLO;ASPECTO UNIFORME;;NO;;;;SIN CLASE;;;GRUPO BIII;GL Esmaltado;;;NO;;600-900 N - 15-25 N/mm2;1;027.890.0297.01518;60X120(T)C;CATLOGO PAMESA;;;7,5;30;9,5;225;7,5x30;MAYOLICA;TORTORA;https://www.pamesa.com/ERP/4.0/empresas/151/045/imagenes/t00010602/0278902971518.jpg
27;890;27;1518;0278900271518;SI;PASTA BLANCA;7,5x30 Rvto MAYOLICA TURQUESA;A;SI;SI;23.0000;ORG07;PAMESA;PAMESA;D/120/26 (RVTO);8429991740504;;8429991773281;M2;26;0.59;120;70.80;9.00;1,102.00;124.00;80.00;;;9.50;10/06/2022;PAMESA;PAMESA;REVESTIMIENTO PASTA BLANCA;0278900271518;;ORIGIN;ORIGIN MAYOLICA;BASICO;;REVESTIMIENTO;BASE;BASE;BRILLO;ASPECTO UNIFORME;;NO;;;;SIN CLASE;;;GRUPO BIII;GL Esmaltado;;;NO;;600-900 N - 15-25 N/mm2;1;027.890.0027.01518;60X120(T)C;CATLOGO PAMESA;;;7,5;30;9,5;225;7,5x30;MAYOLICA;TURQUESA;https://www.pamesa.com/ERP/4.0/empresas/151/045/imagenes/t00010602/0278900271518.jpg
15;315;110;11381;0153150013915;SI;COM.GL;15x15 SLATE WAY GREEN;A;SI;SI;25.0000;ORG09;PAMESA;PAMESA;F/104/25;8429991738556;;8429991773182;M2;25;0.56;104;58.24;10.00;1,060.00;120.00;80.00;75.00;;;18/05/2022;PAMESA;PAMESA;GRES PORCELNICO ESMALTADO;0153150013915;;ORIGIN;ORIGIN SLATE WAY;PIEDRA;;POLIVALENTE;BASE;BASE;MATE;VARIACION ALTA;;NO;;;;CLASE 3;R9;;GRUPO BIa;GL Esmaltado;;;NO;;1600-2400 N - 35-45 N/mm2;1;015.315.0110.11381;61X91(N)20MM;CATLOGO PAMESA;;;15;15;0;225;15x15;SLATE WAY;GREEN;https://www.pamesa.com/ERP/4.0/empresas/151/045/imagenes/t00010602/0153150013915.jpg
15;315;171;11381;0153150013914;SI;COM.GL;15x15 SLATE WAY OCEAN;A;SI;SI;25.0000;ORG09;PAMESA;PAMESA;F/104/25;8429991738570;;8429991773182;M2;25;0.56;104;58.24;10.00;1,060.00;120.00;80.00;75.00;;;18/05/2022;PAMESA;PAMESA;GRES PORCELNICO ESMALTADO;0153150013914;;ORIGIN;ORIGIN SLATE WAY;PIEDRA;;POLIVALENTE;BASE;BASE;MATE;VARIACION ALTA;;NO;;;;CLASE 3;R9;;GRUPO BIa;GL Esmaltado;;;NO;;1600-2400 N - 35-45 N/mm2;1;015.315.0171.11381;100X100;CATLOGO PAMESA;;;15;15;0;225;15x15;SLATE WAY;OCEAN;https://www.pamesa.com/ERP/4.0/empresas/151/045/imagenes/t00010602/0153150013914.jpg
15;315;169;11381;0153150013917;SI;COM.GL;15x15 SLATE WAY PEARL;A;SI;SI;25.0000;ORG09;PAMESA;PAMESA;F/104/25;8429991738563;;8429991773182;M2;25;0.56;104;58.24;10.00;1,060.00;120.00;80.00;75.00;;;18/05/2022;PAMESA;PAMESA;GRES PORCELNICO ESMALTADO;0153150013917;;ORIGIN;ORIGIN SLATE WAY;PIEDRA;;POLIVALENTE;BASE;BASE;MATE;VARIACION ALTA;;NO;;;;CLASE 3;R9;;GRUPO BIa;GL Esmaltado;;;NO;;1600-2400 N - 35-45 N/mm2;1;015.315.0169.11381;100X100;CATLOGO PAMESA;;;15;15;0;225;15x15;SLATE WAY;PEARL;https://www.pamesa.com/ERP/4.0/empresas/151/045/imagenes/t00010602/0153150013917.jpg
15;889;110;11381;0158890013915;SI;COM.GL;7x28 C.G. SLATE WAY GREEN;A;SI;SI;21.7500;ORG05;PAMESA;PAMESA;F/120/30;8429991770105;;8429991773182;M2;30;0.59;120;70.80;10.00;1,220.00;120.00;80.00;100.00;;;06/10/2022;PAMESA;PAMESA;GRES PORCELNICO ESMALTADO;0158890013915;;ORIGIN;ORIGIN SLATE WAY;PIEDRA;;REVESTIMIENTO;BASE;BASE;MATE;VARIACION ALTA;;NO;;;;CLASE 3;R9;;GRUPO BIa;GL Esmaltado;;;NO;;1600-2400 N - 35-45 N/mm2;1;015.889.0110.11381;60x60;CATLOGO PAMESA;;;7;28;9,5;196;7x28;SLATE WAY;GREEN;https://www.pamesa.com/ERP/4.0/empresas/151/045/imagenes/t00010602/0158890013915.jpg
15;889;171;11381;0158890013914;SI;COM.GL;7x28 C.G. SLATE WAY OCEAN;A;SI;SI;21.7500;ORG05;PAMESA;PAMESA;F/120/30;8429991770129;;8429991773182;M2;30;0.59;120;70.80;10.00;1,220.00;120.00;80.00;100.00;;;06/10/2022;PAMESA;PAMESA;GRES PORCELNICO ESMALTADO;0158890013914;;ORIGIN;ORIGIN SLATE WAY;PIEDRA;;REVESTIMIENTO;BASE;BASE;MATE;VARIACION ALTA;;NO;;;;CLASE 3;R9;;GRUPO BIa;GL Esmaltado;;;NO;;1600-2400 N - 35-45 N/mm2;1;015.889.0171.11381;33,3x33,3;CATLOGO PAMESA;;;7;28;9,5;196;7x28;SLATE WAY;OCEAN;https://www.pamesa.com/ERP/4.0/empresas/151/045/imagenes/t00010602/0158890013914.jpg
15;889;169;11381;0158890013917;SI;COM.GL;7x28 C.G. SLATE WAY PEARL;A;SI;SI;21.7500;ORG05;PAMESA;PAMESA;F/120/30;8429991770112;;8429991773182;M2;30;0.59;120;70.80;10.00;1,220.00;120.00;80.00;100.00;;;06/10/2022;PAMESA;PAMESA;GRES PORCELNICO ESMALTADO;0158890013917;;ORIGIN;ORIGIN SLATE WAY;PIEDRA;;REVESTIMIENTO;BASE;BASE;MATE;VARIACION ALTA;;NO;;;;CLASE 3;R9;;GRUPO BIa;GL Esmaltado;;;NO;;1600-2400 N - 35-45 N/mm2;1;015.889.0169.11381;33,3x33,3;CATLOGO PAMESA;;;7;28;9,5;196;7x28;SLATE WAY;PEARL;https://www.pamesa.com/ERP/4.0/empresas/151/045/imagenes/t00010602/0158890013917.jpg
15;845;154;2382;0158450032955;SI;COM.GL;33,3x33,3 TOSCANA COTTO;A;SI;SI;0.0000;PGL02;PAMESA;PAMESA;A/48/12 8,5MM;8429991155131;;8429991773182;M2;12;1.33;48;63.84;24.50;1,196.00;126.00;84.00;82.00;;8.50;24/06/2025;PAMESA;PAMESA;GRES PORCELNICO ESMALTADO;0158450032955;;ORIGIN;ORIGIN TOSCANA;BARRO;;POLIVALENTE;BASE;BASE;MATE;VARIACION MODERADA;;NO;;;;CLASE 1;;;GRUPO BIa;GL Esmaltado;;;NO;;>10000 N - 35-45 N/mm2;1;015.845.0154.02382;60x60;CATLOGO PAMESA;;;33,3;33,3;8,5;1108,89;33,3x33,3;TOSCANA;COTTO;https://www.pamesa.com/ERP/4.0/empresas/151/045/imagenes/t00010602/0158450032955.jpg
15;845;53;2382;0158450032954;SI;COM.GL;33,3x33,3 TOSCANA SIENA;A;SI;SI;0.0000;PGL02;PAMESA;PAMESA;A/48/12 8,5MM;8429991155124;;8429991773182;M2;12;1.33;48;63.84;24.50;1,196.00;126.00;84.00;82.00;;8.50;24/06/2025;PAMESA;PAMESA;GRES PORCELNICO ESMALTADO;0158450032954;;ORIGIN;ORIGIN TOSCANA;BARRO;;POLIVALENTE;BASE;BASE;MATE;VARIACION MODERADA;;NO;;;;CLASE 1;;;GRUPO BIa;GL Esmaltado;;;NO;;>10000 N - 35-45 N/mm2;1;015.845.0053.02382;60x60;CATLOGO PAMESA;;;33,3;33,3;8,5;1108,89;33,3x33,3;TOSCANA;SIENA;https://www.pamesa.com/ERP/4.0/empresas/151/045/imagenes/t00010602/0158450032954.jpg
15;889;154;2382;0158891542382;SI;COM.GL;7x28 C.G. TOSCANA COTTO;A;SI;SI;21.7500;ORG05;PAMESA;PAMESA;F/120/30;8429991733254;;8429991773182;M2;30;0.59;120;70.80;10.00;1,220.00;120.00;80.00;100.00;;;19/05/2022;PAMESA;PAMESA;GRES PORCELNICO ESMALTADO;0158891542382;;ORIGIN;ORIGIN TOSCANA;BARRO;;POLIVALENTE;BASE;BASE;MATE;VARIACION MODERADA;;NO;;;PEI IV;CLASE 1;R9;;GRUPO BIa;GL Esmaltado;;;NO;;1600-2400 N - 35-45 N/mm2;1;015.889.0154.02382;60X120(n);CATLOGO PAMESA;;;7;28;9,5;196;7x28;TOSCANA;COTTO;https://www.pamesa.com/ERP/4.0/empresas/151/045/imagenes/t00010602/0158891542382.jpg
15;889;53;2382;0158890532382;SI;COM.GL;7x28 C.G. TOSCANA SIENA;A;SI;SI;21.7500;ORG05;PAMESA;PAMESA;F/120/30;8429991733261;;8429991773182;M2;30;0.59;120;70.80;10.00;1,220.00;120.00;80.00;100.00;;;19/05/2022;PAMESA;PAMESA;GRES PORCELNICO ESMALTADO;0158890532382;;ORIGIN;ORIGIN TOSCANA;BARRO;;POLIVALENTE;BASE;BASE;MATE;VARIACION MODERADA;;NO;;;PEI IV;CLASE 1;R9;;GRUPO BIa;GL Esmaltado;;;NO;;1600-2400 N - 35-45 N/mm2;1;015.889.0053.02382;60,8x60,8;CATLOGO PAMESA;;;7;28;9,5;196;7x28;TOSCANA;SIENA;https://www.pamesa.com/ERP/4.0/empresas/151/045/imagenes/t00010602/0158890532382.jpg
4;120;32;13456;0041200019897;SI;PUL.COMP.;120x120 ACQUILEA ORO;A;SI;SI;49.0000;POL19;PAMESA;PAMESA;23/36/01;8429991823344;;8429991773199;M2;1;1.44;36;51.84;34.36;1,276.96;126.00;126.00;71.00;;;12/05/2023;PAMESA;PAMESA;GRES PORCELNICO ESMALTADO PULIDO RECTF.;0041200019897;;POLISHED;ACQUILEA;MARMOL;;POLIVALENTE;BASE;BASE;PULIDO;VARIACION MODERADA;;NO;;;;CLASE 0;;;GRUPO BIa;GL Esmaltado;;;NO;;1600-2400 N - 35-45 N/mm2;1;004.120.0032.13456;60X120 RF;CATLOGO PAMESA;;;120;120;10,2;14400;120x120;ACQUILEA;ORO;https://www.pamesa.com/ERP/4.0/empresas/151/045/imagenes/t00010602/0041200019897.jpg
4;869;32;13456;0048690019897;SI;PUL.COMP.;60x120 ACQUILEA ORO;A;SI;SI;35.5000;POL13;PAMESA;PAMESA;L/32/02;8429991823368;;8429991773199;M2;2;1.44;32;46.08;34.25;1,121.00;122.00;84.00;75.00;;10.50;12/05/2023;PAMESA;PAMESA;GRES PORCELNICO ESMALTADO PULIDO RECTF.;0048690019897;;POLISHED;ACQUILEA;MARMOL;;POLIVALENTE;BASE;BASE;PULIDO;VARIACION MODERADA;;NO;;;;CLASE 0;;;GRUPO BIa;GL Esmaltado;;;NO;;1600-2400 N - 35-45 N/mm2;1;004.869.0032.13456;30x30(7)Malla;CATLOGO PAMESA;;;60;120;10,5;7200;60x120;ACQUILEA;ORO;https://www.pamesa.com/ERP/4.0/empresas/151/045/imagenes/t00010602/0048690019897.jpg
17;869;32;13456;0178690019897;SI;REC.GLASS;60x120 ACQUILEA ORO;A;SI;SI;32.2500;POL12;PAMESA;PAMESA;L/32/02;8429991826024;;8429991773199;M2;2;1.44;32;46.08;34.25;1,121.00;122.00;84.00;75.00;;10.50;26/05/2023;PAMESA;PAMESA;GRES PORCELNICO ESMALTADO;0178690019897;;POLISHED;ACQUILEA;MARMOL;;POLIVALENTE;BASE;BASE;SATEN RECTIFICADO;VARIACION MODERADA;NO;NO;;;;CLASE 0;;;GRUPO BIa;GL Esmaltado;;;NO;;1600-2400 N - 35-45 N/mm2;1;017.869.0032.13456;120X120;CATLOGO PAMESA;;;60;120;10,5;7200;60x120;ACQUILEA;ORO;https://www.pamesa.com/ERP/4.0/empresas/151/045/imagenes/t00010602/0178690019897.jpg
25;590;32;13456;0255900019897;SI;PZ.ESP COM-GLAS;30x30(7)Malla ACQUILEA ORO;A;SI;SI;57.7500;MOS7;PAMESA;PAMESA;E/42/11;8429991830939;;;M2;11;1.00;42;42.00;23.10;990.20;120.00;80.00;;;;14/06/2023;PAMESA;PAMESA;GRES PORCELNICO ESMALTADO;0255900019897;;POLISHED;ACQUILEA;MARMOL;;POLIVALENTE;MALLA;;SATEN RECTIFICADO;VARIACION MODERADA;NO;;;;;CLASE 0;;;GRUPO BIa;GL Esmaltado;;;NO;;;1;025.590.0032.13456;60X120 RF;CATLOGO PAMESA;;;30;30;0;900;30x30;ACQUILEA;ORO;https://www.pamesa.com/ERP/4.0/empresas/151/045/imagenes/t00010602/0255900019897.jpg
38;590;32;13456;0385900019897;SI;PZ.E.CGLASS PUL;30x30(7)Malla ACQUILEA ORO;A;SI;SI;57.7500;MOS7;PAMESA;PAMESA;E/42/11;8429991830953;;;M2;11;1.00;42;42.00;23.10;990.20;120.00;80.00;;;;14/06/2023;PAMESA;PAMESA;GRES PORCELNICO ESMALTADO PULIDO RECTF.;0385900019897;;POLISHED;ACQUILEA;MARMOL;;POLIVALENTE;MALLA;;PULIDO;VARIACION MODERADA;NO;;;;;CLASE 0;;;GRUPO BIa;GL Esmaltado;;;NO;;;1;038.590.0032.13456;33,3x100;CATLOGO PAMESA;;;30;30;0;900;30x30;ACQUILEA;ORO;https://www.pamesa.com/ERP/4.0/empresas/151/045/imagenes/t00010602/0385900019897.jpg
4;120;189;5642;0041201895642;SI;PUL.COMP.;120x120 CR.APULIA GOLD;A;SI;SI;49.0000;POL19;PAMESA;PAMESA;23/36/01;8429991514068;;8429991773199;M2;1;1.44;36;51.84;34.36;1,276.96;126.00;126.00;71.00;;;11/03/2020;PAMESA;SERIE CROMAT;GRES PORCELNICO ESMALTADO PULIDO RECTF.;0041201895642;;POLISHED;APULIA;MARMOL;;POLIVALENTE;BASE;BASE;PULIDO;VARIACION ALTA;NO;NO;;;PEI IV;CLASE 0;;;GRUPO BIa;GL Esmaltado;60 Low;20 High;NO;;1600-2400 N - 35-45 N/mm2;1;004.120.0189.05642;60X120 RF;CATLOGO PAMESA;;;120;120;10,2;14400;120x120;CR.APULIA;GOLD;https://www.pamesa.com/ERP/4.0/empresas/151/045/imagenes/t00010602/0041201895642.jpg
4;90;189;5642;0040901895642;SI;PUL.COMP.;90x90(N) CR.APULIA GOLD;A;SI;SI;33.5000;POL15;PAMESA;PAMESA;19/32/02;8429991893576;;8429991773199;M2;2;1.62;32;51.84;33.00;1,081.00;97.00;97.00;86.00;;9.00;01/03/2024;PAMESA;PAMESA;GRES PORCELNICO ESMALTADO PULIDO RECTF.;0040901895642;;POLISHED;APULIA;MARMOL;;POLIVALENTE;BASE;BASE;PULIDO;VARIACION ALTA;NO;NO;NO;;;CLASE 0;;;GRUPO BIa;GL Esmaltado;;;NO;;1600-2400 N - 35-45 N/mm2;1;004.090.0189.05642;120X120;CATLOGO PAMESA;;;90;90;9;8100;90x90;CR.APULIA;GOLD;https://www.pamesa.com/ERP/4.0/empresas/151/045/imagenes/t00010602/0040901895642.jpg
4;869;189;5642;0048691895642;SI;PUL.COMP.;60x120 CR.APULIA GOLD;A;SI;SI;35.5000;POL13;PAMESA;PAMESA;L/32/02;8429991514051;;8429991773199;M2;2;1.44;32;46.08;34.25;1,121.00;122.00;84.00;75.00;;10.50;11/03/2020;PAMESA;SERIE CROMAT;GRES PORCELNICO ESMALTADO PULIDO RECTF.;0048691895642;;POLISHED;APULIA;MARMOL;;POLIVALENTE;BASE;BASE;PULIDO;VARIACION ALTA;NO;NO;;;PEI IV;CLASE 0;;;GRUPO BIa;GL Esmaltado;60 Low;20 High;NO;;1600-2400 N - 35-45 N/mm2;1;004.869.0189.05642;60X120(n);CATLOGO PAMESA;;;60;120;10,5;7200;60x120;CR.APULIA;GOLD;https://www.pamesa.com/ERP/4.0/empresas/151/045/imagenes/t00010602/0048691895642.jpg
17;869;189;5642;0178691895642;SI;REC.GLASS;60x120 CR.APULIA GOLD;A;SI;SI;32.2500;POL12;PAMESA;PAMESA;L/32/02;8429991708863;;8429991773199;M2;2;1.44;32;46.08;34.25;1,121.00;122.00;84.00;75.00;;10.50;17/02/2021;PAMESA;PAMESA;GRES PORCELNICO ESMALTADO;0178691895642;;POLISHED;APULIA;MARMOL;;POLIVALENTE;;BASE;SATEN RECTIFICADO;VARIACION ALTA;NO;NO;;;PEI IV;CLASE 0;;;GRUPO BIa;GL Esmaltado;;;NO;;1600-2400 N - 35-45 N/mm2;1;017.869.0189.05642;60X120 RF;CATLOGO PAMESA;;;60;120;10,5;7200;60x120;CR.APULIA;GOLD;https://www.pamesa.com/ERP/4.0/empresas/151/045/imagenes/t00010602/0178691895642.jpg
4;840;189;5642;0048401895642;SI;PUL.COMP.;60x60 CR.APULIA GOLD;A;SI;SI;26.7500;POL06;PAMESA;PAMESA;F/30/04;8429991555139;;8429991773199;M2;4;1.44;30;43.20;30.00;920.00;120.00;80.00;73.50;;;16/06/2020;PAMESA;SERIE CROMAT;GRES PORCELNICO ESMALTADO PULIDO RECTF.;0048401895642;;POLISHED;APULIA;MARMOL;;POLIVALENTE;BASE;BASE;PULIDO;VARIACION ALTA;NO;NO;;;PEI IV;CLASE 0;;;GRUPO BIa;GL Esmaltado;60 Low;20 High;NO;;1600-2400 N - 35-45 N/mm2;1;004.840.0189.05642;60X120 RF;CATLOGO PAMESA;;;60;60;9;3600;60x60;CR.APULIA;GOLD;https://www.pamesa.com/ERP/4.0/empresas/151/045/imagenes/t00010602/0048401895642.jpg
17;840;189;5642;0178401895642;SI;REC.GLASS;60x60 CR.APULIA GOLD;A;SI;SI;22.5000;POL05;PAMESA;PAMESA;F/30/04;8429991690120;;8429991773199;M2;4;1.44;30;43.20;30.00;920.00;120.00;80.00;73.50;;;02/12/2021;PAMESA;PAMESA;GRES PORCELNICO ESMALTADO;0178401895642;;POLISHED;APULIA;MARMOL;;POLIVALENTE;BASE;BASE;SATEN RECTIFICADO;VARIACION ALTA;NO;NO;;;PEI IV;CLASE 0;;;GRUPO BIa;GL Esmaltado;;;NO;;1600-2400 N - 35-45 N/mm2;1;017.840.0189.05642;60X120(n);CATLOGO PAMESA;;;60;60;9;3600;60x60;CR.APULIA;GOLD;https://www.pamesa.com/ERP/4.0/empresas/151/045/imagenes/t00010602/0178401895642.jpg
25;590;189;5642;0255901895642;SI;PZ.ESP COM-GLAS;30x30(7)Malla CR.APULIA GOLD;A;SI;SI;57.7500;MOS7;PAMESA;PAMESA;E/42/11;8429991770785;;;M2;11;1.00;42;42.00;23.10;990.20;120.00;80.00;;;;07/10/2022;PAMESA;PAMESA;GRES PORCELNICO ESMALTADO;0255901895642;;POLISHED;APULIA;MARMOL;;POLIVALENTE;;;SATEN RECTIFICADO;;NO;SIN INFORMAR;;;;CLASE 0;;;GRUPO BIa;GL Esmaltado;;;NO;;;1;025.590.0189.05642;30x60 (C);CATLOGO PAMESA;;;30;30;0;900;30x30;CR.APULIA;GOLD;https://www.pamesa.com/ERP/4.0/empresas/151/045/imagenes/t00010602/0255901895642.jpg
38;590;189;5642;0385901895642;SI;PZ.E.CGLASS PUL;30x30(7)Malla CR.APULIA GOLD;A;SI;SI;57.7500;MOS7;PAMESA;PAMESA;E/42/11;8429991552558;;;M2;11;1.00;42;42.00;23.10;990.20;120.00;80.00;;;;09/06/2020;PAMESA;SERIE CROMAT;GRES PORCELNICO ESMALTADO PULIDO RECTF.;0385901895642;;POLISHED;APULIA;MARMOL;;POLIVALENTE;MALLA;;PULIDO;VARIACION ALTA;NO;SIN INFORMAR;;;PEI IV;CLASE 0;;;GRUPO BIa;GL Esmaltado;60 Low;20 High;NO;;1600-2400 N - 35-45 N/mm2;1;038.590.0189.05642;33,3x100;CATLOGO PAMESA;;;30;30;0;900;30x30;CR.APULIA;GOLD;https://www.pamesa.com/ERP/4.0/empresas/151/045/imagenes/t00010602/0385901895642.jpg
4;120;108;5758;0041201085758;SI;PUL.COMP.;120x120 CR.BELVEDERE WHITE;A;SI;SI;45.0000;POL19;PAMESA;PAMESA;23/36/01;8429991515157;;8429991773199;M2;1;1.44;36;51.84;34.36;1,276.96;126.00;126.00;71.00;;;13/03/2020;PAMESA;SERIE CROMAT;GRES PORCELNICO ESMALTADO PULIDO RECTF.;0041201085758;;POLISHED;BELVEDERE;MARMOL;;POLIVALENTE;;;PULIDO;VARIACION ALTA;;NO;;;PEI IV;CLASE 0;;;GRUPO BIa;GL Esmaltado;60 Low;20 High;NO;;1600-2400 N - 35-45 N/mm2;1;004.120.0108.05758;60X120 RF;CATLOGO PAMESA;;;120;120;10,2;14400;120x120;CR.BELVEDERE;WHITE;https://www.pamesa.com/ERP/4.0/empresas/151/045/imagenes/t00010602/0041201085758.jpg
17;120;108;5758;0171201085758;SI;REC.GLASS;120x120 CR.BELVEDERE WHITE;A;SI;SI;36.6000;POL18;PAMESA;PAMESA;23/36/01;8429991515171;;8429991773199;M2;1;1.44;36;51.84;34.36;1,276.96;126.00;126.00;71.00;;;13/03/2020;PAMESA;SERIE CROMAT;GRES PORCELNICO ESMALTADO;0171201085758;;POLISHED;BELVEDERE;MARMOL;;POLIVALENTE;BASE;BASE;SATEN RECTIFICADO;VARIACION ALTA;NO;NO;;;PEI IV;CLASE 0;;;GRUPO BIa;GL Esmaltado;;;NO;;>1300 N - >35 N/mm2;1;017.120.0108.05758;33,3x55;CATLOGO PAMESA;;;120;120;10,2;14400;120x120;CR.BELVEDERE;WHITE;https://www.pamesa.com/ERP/4.0/empresas/151/045/imagenes/t00010602/0171201085758.jpg
4;350;164;5758;0043501645758;SI;PUL.COMP.;75x150 CR.BELVEDERE IVORY;A;SI;SI;40.0000;POL17;PAMESA;PAMESA;1/40/01;8429991515089;;8429991773199;M2;1;1.13;40;45.20;28.00;1,184.00;93.00;153.00;74.00;4;10.50;13/03/2020;PAMESA;SERIE CROMAT;GRES PORCELNICO ESMALTADO PULIDO RECTF.;0043501645758;;POLISHED;BELVEDERE;MARMOL;;POLIVALENTE;BASE;BASE;PULIDO;VARIACION ALTA;;NO;;;PEI IV;CLASE 0;;;GRUPO BIa;GL Esmaltado;60 Low;20 High;NO;;1600-2400 N - 35-45 N/mm2;1;004.350.0164.05758;60X120 RF;CATLOGO PAMESA;;;75;150;10,5;11250;75x150;CR.BELVEDERE;IVORY;https://www.pamesa.com/ERP/4.0/empresas/151/045/imagenes/t00010602/0043501645758.jpg
17;350;164;5758;0173501645758;SI;REC.GLASS;75x150 CR.BELVEDERE IVORY;A;SI;SI;36.7500;POL16;PAMESA;PAMESA;1/40/01;8429991515102;;8429991773199;M2;1;1.13;40;45.20;28.00;1,184.00;93.00;153.00;74.00;4;10.50;13/03/2020;PAMESA;SERIE CROMAT;GRES PORCELNICO ESMALTADO;0173501645758;;POLISHED;BELVEDERE;MARMOL;;POLIVALENTE;BASE;BASE;SATEN RECTIFICADO;VARIACION ALTA;NO;NO;;;PEI IV;CLASE 0;;;GRUPO BIa;GL Esmaltado;;;NO;;1600-2400 N - 35-45 N/mm2;1;017.350.0164.05758;30x30(7)Malla;CATLOGO PAMESA;;;75;150;10,5;11250;75x150;CR.BELVEDERE;IVORY;https://www.pamesa.com/ERP/4.0/empresas/151/045/imagenes/t00010602/0173501645758.jpg
4;350;108;5758;0043501085758;SI;PUL.COMP.;75x150 CR.BELVEDERE WHITE;A;SI;SI;40.0000;POL17;PAMESA;PAMESA;1/40/01;8429991515072;;8429991773199;M2;1;1.13;40;45.20;28.00;1,184.00;93.00;153.00;74.00;4;10.50;13/03/2020;PAMESA;SERIE CROMAT;GRES PORCELNICO ESMALTADO PULIDO RECTF.;0043501085758;;POLISHED;BELVEDERE;MARMOL;;POLIVALENTE;BASE;BASE;PULIDO;VARIACION ALTA;;NO;;;PEI IV;CLASE 0;;;GRUPO BIa;GL Esmaltado;60 Low;20 High;NO;;1600-2400 N - 35-45 N/mm2;1;004.350.0108.05758;120X120;CATLOGO PAMESA;;;75;150;10,5;11250;75x150;CR.BELVEDERE;WHITE;https://www.pamesa.com/ERP/4.0/empresas/151/045/imagenes/t00010602/0043501085758.jpg
17;350;108;5758;0173501085758;SI;REC.GLASS;75x150 CR.BELVEDERE WHITE;A;SI;SI;36.7500;POL16;PAMESA;PAMESA;1/40/01;8429991515096;;8429991773199;M2;1;1.13;40;45.20;28.00;1,184.00;93.00;153.00;74.00;4;10.50;13/03/2020;PAMESA;SERIE CROMAT;GRES PORCELNICO ESMALTADO;0173501085758;;POLISHED;BELVEDERE;MARMOL;;POLIVALENTE;BASE;BASE;SATEN RECTIFICADO;VARIACION ALTA;NO;NO;;;PEI IV;CLASE 0;;;GRUPO BIa;GL Esmaltado;;;NO;;1600-2400 N - 35-45 N/mm2;1;017.350.0108.05758;30x30(7)Malla;CATLOGO PAMESA;;;75;150;10,5;11250;75x150;CR.BELVEDERE;WHITE;https://www.pamesa.com/ERP/4.0/empresas/151/045/imagenes/t00010602/0173501085758.jpg
4;869;164;5758;0048691645758;SI;PUL.COMP.;60x120 CR.BELVEDERE IVORY;A;SI;SI;35.5000;POL13;PAMESA;PAMESA;L/32/02;8429991515126;;8429991773199;M2;2;1.44;32;46.08;34.25;1,121.00;122.00;84.00;75.00;;10.50;13/03/2020;PAMESA;SERIE CROMAT;GRES PORCELNICO ESMALTADO PULIDO RECTF.;0048691645758;;POLISHED;BELVEDERE;MARMOL;;POLIVALENTE;BASE;BASE;PULIDO;VARIACION ALTA;;NO;;;PEI IV;CLASE 0;;;GRUPO BIa;GL Esmaltado;60 Low;20 High;NO;;1600-2400 N - 35-45 N/mm2;1;004.869.0164.05758;30X60 (C);CATLOGO PAMESA;;;60;120;10,5;7200;60x120;CR.BELVEDERE;IVORY;https://www.pamesa.com/ERP/4.0/empresas/151/045/imagenes/t00010602/0048691645758.jpg
17;869;164;5758;0178691645758;SI;REC.GLASS;60x120 CR.BELVEDERE IVORY;A;SI;SI;32.2500;POL12;PAMESA;PAMESA;L/32/02;8429991515140;;8429991773199;M2;2;1.44;32;46.08;34.25;1,121.00;122.00;84.00;75.00;;10.50;13/03/2020;PAMESA;SERIE CROMAT;GRES PORCELNICO ESMALTADO;0178691645758;;POLISHED;BELVEDERE;MARMOL;;POLIVALENTE;BASE;BASE;SATEN RECTIFICADO;VARIACION ALTA;NO;NO;;;PEI IV;CLASE 0;;;GRUPO BIa;GL Esmaltado;;;NO;;1600-2400 N - 35-45 N/mm2;1;017.869.0164.05758;120X120;CATLOGO PAMESA;;;60;120;10,5;7200;60x120;CR.BELVEDERE;IVORY;https://www.pamesa.com/ERP/4.0/empresas/151/045/imagenes/t00010602/0178691645758.jpg
4;869;108;5758;0048691085758;SI;PUL.COMP.;60x120 CR.BELVEDERE WHITE;A;SI;SI;35.5000;POL13;PAMESA;PAMESA;L/32/02;8429991515119;;8429991773199;M2;2;1.44;32;46.08;34.25;1,121.00;122.00;84.00;75.00;;10.50;13/03/2020;PAMESA;SERIE CROMAT;GRES PORCELNICO ESMALTADO PULIDO RECTF.;0048691085758;;POLISHED;BELVEDERE;MARMOL;;POLIVALENTE;BASE;BASE;PULIDO;VARIACION ALTA;;NO;;;PEI IV;CLASE 0;;;GRUPO BIa;GL Esmaltado;60 Low;20 High;NO;;1600-2400 N - 35-45 N/mm2;1;004.869.0108.05758;120X120;CATLOGO PAMESA;;;60;120;10,5;7200;60x120;CR.BELVEDERE;WHITE;https://www.pamesa.com/ERP/4.0/empresas/151/045/imagenes/t00010602/0048691085758.jpg
17;869;108;5758;0178691085758;SI;REC.GLASS;60x120 CR.BELVEDERE WHITE;A;SI;SI;32.2500;POL12;PAMESA;PAMESA;L/32/02;8429991515133;;8429991773199;M2;2;1.44;32;46.08;34.25;1,121.00;122.00;84.00;75.00;;10.50;13/03/2020;PAMESA;SERIE CROMAT;GRES PORCELNICO ESMALTADO;0178691085758;;POLISHED;BELVEDERE;MARMOL;;POLIVALENTE;BASE;BASE;SATEN RECTIFICADO;VARIACION ALTA;NO;NO;;;PEI IV;CLASE 0;;;GRUPO BIa;GL Esmaltado;;;NO;;1600-2400 N - 35-45 N/mm2;1;017.869.0108.05758;90X90(N);CATLOGO PAMESA;;;60;120;10,5;7200;60x120;CR.BELVEDERE;WHITE;https://www.pamesa.com/ERP/4.0/empresas/151/045/imagenes/t00010602/0178691085758.jpg
4;840;164;5758;0048401645758;SI;PUL.COMP.;60x60 CR.BELVEDERE IVORY;A;SI;SI;26.7500;POL06;PAMESA;PAMESA;F/30/04;8429991515249;;8429991773199;M2;4;1.44;30;43.20;30.00;920.00;120.00;80.00;73.50;;;13/03/2020;PAMESA;SERIE CROMAT;GRES PORCELNICO ESMALTADO PULIDO RECTF.;0048401645758;;POLISHED;BELVEDERE;MARMOL;;POLIVALENTE;BASE;BASE;PULIDO;VARIACION ALTA;;NO;;;PEI IV;CLASE 0;;;GRUPO BIa;GL Esmaltado;60 Low;20 High;NO;;1600-2400 N - 35-45 N/mm2;1;004.840.0164.05758;120X120;CATLOGO PAMESA;;;60;60;9;3600;60x60;CR.BELVEDERE;IVORY;https://www.pamesa.com/ERP/4.0/empresas/151/045/imagenes/t00010602/0048401645758.jpg
17;840;164;5758;0178401645758;SI;REC.GLASS;60x60 CR.BELVEDERE IVORY;A;SI;SI;22.5000;POL05;PAMESA;PAMESA;F/30/04;8429991515287;;8429991773199;M2;4;1.44;30;43.20;30.00;920.00;120.00;80.00;73.50;;;13/03/2020;PAMESA;SERIE CROMAT;GRES PORCELNICO ESMALTADO;0178401645758;;POLISHED;BELVEDERE;MARMOL;;POLIVALENTE;BASE;BASE;SATEN RECTIFICADO;VARIACION ALTA;NO;NO;;;PEI IV;CLASE 0;;;GRUPO BIa;GL Esmaltado;;;NO;;1600-2400 N - 35-45 N/mm2;1;017.840.0164.05758;120X120;CATLOGO PAMESA;;;60;60;9;3600;60x60;CR.BELVEDERE;IVORY;https://www.pamesa.com/ERP/4.0/empresas/151/045/imagenes/t00010602/0178401645758.jpg
4;840;108;5758;0048401085758;SI;PUL.COMP.;60x60 CR.BELVEDERE WHITE;A;SI;SI;26.7500;POL06;PAMESA;PAMESA;F/30/04;8429991515232;;8429991773199;M2;4;1.44;30;43.20;30.00;920.00;120.00;80.00;73.50;;;13/03/2020;PAMESA;SERIE CROMAT;GRES PORCELNICO ESMALTADO PULIDO RECTF.;0048401085758;;POLISHED;BELVEDERE;MARMOL;;POLIVALENTE;BASE;BASE;PULIDO;VARIACION ALTA;;NO;;;PEI IV;CLASE 0;;;GRUPO BIa;GL Esmaltado;60 Low;20 High;NO;;1600-2400 N - 35-45 N/mm2;1;004.840.0108.05758;60X60;CATLOGO PAMESA;;;60;60;9;3600;60x60;CR.BELVEDERE;WHITE;https://www.pamesa.com/ERP/4.0/empresas/151/045/imagenes/t00010602/0048401085758.jpg
17;840;108;5758;0178401085758;SI;REC.GLASS;60x60 CR.BELVEDERE WHITE;A;SI;SI;22.5000;POL05;PAMESA;PAMESA;F/30/04;8429991515270;;8429991773199;M2;4;1.44;30;43.20;30.00;920.00;120.00;80.00;73.50;;;13/03/2020;PAMESA;SERIE CROMAT;GRES PORCELNICO ESMALTADO;0178401085758;;POLISHED;BELVEDERE;MARMOL;;POLIVALENTE;BASE;BASE;SATEN RECTIFICADO;VARIACION ALTA;NO;NO;;;PEI IV;CLASE 0;;;GRUPO BIa;GL Esmaltado;;;NO;;1600-2400 N - 35-45 N/mm2;1;017.840.0108.05758;60X120(n);CATLOGO PAMESA;;;60;60;9;3600;60x60;CR.BELVEDERE;WHITE;https://www.pamesa.com/ERP/4.0/empresas/151/045/imagenes/t00010602/0178401085758.jpg
4;450;164;5758;0044501645758;SI;PUL.COMP.;30x60 (C) CR.BELVEDERE IVORY;A;SI;SI;26.7500;POL04;PAMESA;PAMESA;F/48/06;8429991515263;;8429991773199;M2;6;1.08;48;51.84;23.60;1,152.80;120.00;80.00;74.00;;9.50;13/03/2020;PAMESA;SERIE CROMAT;GRES PORCELNICO ESMALTADO PULIDO RECTF.;0044501645758;;POLISHED;BELVEDERE;MARMOL;;POLIVALENTE;BASE;BASE;PULIDO;VARIACION ALTA;;NO;;;PEI IV;CLASE 0;;;GRUPO BIa;GL Esmaltado;60 Low;20 High;NO;;1600-2400 N - 35-45 N/mm2;1;004.450.0164.05758;60X60;CATLOGO PAMESA;;;30;60;9,5;1800;30x60;CR.BELVEDERE;IVORY;https://www.pamesa.com/ERP/4.0/empresas/151/045/imagenes/t00010602/0044501645758.jpg
17;450;164;5758;0174501645758;SI;REC.GLASS;30x60 (C) CR.BELVEDERE IVORY;A;SI;SI;22.5000;POL03;PAMESA;PAMESA;F/48/06;8429991515300;;8429991773199;M2;6;1.08;48;51.84;23.60;1,152.80;120.00;80.00;74.00;;9.50;13/03/2020;PAMESA;SERIE CROMAT;GRES PORCELNICO ESMALTADO;0174501645758;;POLISHED;BELVEDERE;MARMOL;;POLIVALENTE;BASE;BASE;SATEN RECTIFICADO;VARIACION ALTA;NO;NO;;;PEI IV;CLASE 0;;;GRUPO BIa;GL Esmaltado;;;NO;;1600-2400 N - 35-45 N/mm2;1;017.450.0164.05758;60X120(n);CATLOGO PAMESA;;;30;60;9,5;1800;30x60;CR.BELVEDERE;IVORY;https://www.pamesa.com/ERP/4.0/empresas/151/045/imagenes/t00010602/0174501645758.jpg
4;450;108;5758;0044501085758;SI;PUL.COMP.;30x60 (C) CR.BELVEDERE WHITE;A;SI;SI;26.7500;POL04;PAMESA;PAMESA;F/48/06;8429991515256;;8429991773199;M2;6;1.08;48;51.84;23.60;1,152.80;120.00;80.00;74.00;;9.50;13/03/2020;PAMESA;SERIE CROMAT;GRES PORCELNICO ESMALTADO PULIDO RECTF.;0044501085758;;POLISHED;BELVEDERE;MARMOL;;POLIVALENTE;BASE;BASE;PULIDO;VARIACION ALTA;;NO;;;PEI IV;CLASE 0;;;GRUPO BIa;GL Esmaltado;60 Low;20 High;NO;;1600-2400 N - 35-45 N/mm2;1;004.450.0108.05758;120X120;CATLOGO PAMESA;;;30;60;9,5;1800;30x60;CR.BELVEDERE;WHITE;https://www.pamesa.com/ERP/4.0/empresas/151/045/imagenes/t00010602/0044501085758.jpg
17;450;108;5758;0174501085758;SI;REC.GLASS;30x60 (C) CR.BELVEDERE WHITE;A;SI;SI;22.5000;POL03;PAMESA;PAMESA;F/48/06;8429991515294;;8429991773199;M2;6;1.08;48;51.84;23.60;1,152.80;120.00;80.00;74.00;;9.50;13/03/2020;PAMESA;SERIE CROMAT;GRES PORCELNICO ESMALTADO;0174501085758;;POLISHED;BELVEDERE;MARMOL;;POLIVALENTE;BASE;BASE;SATEN RECTIFICADO;VARIACION ALTA;NO;NO;;;PEI IV;CLASE 0;;;GRUPO BIa;GL Esmaltado;;;NO;;1600-2400 N - 35-45 N/mm2;1;017.450.0108.05758;90X90(N);CATLOGO PAMESA;;;30;60;9,5;1800;30x60;CR.BELVEDERE;WHITE;https://www.pamesa.com/ERP/4.0/empresas/151/045/imagenes/t00010602/0174501085758.jpg
25;590;164;5758;0255901645758;SI;PZ.ESP COM-GLAS;30x30(7)Malla CR.BELVEDERE IVORY;A;SI;SI;57.7500;MOS7;PAMESA;PAMESA;E/42/11;8429991537692;;;M2;11;1.00;42;42.00;23.10;990.20;120.00;80.00;;;;26/05/2020;PAMESA;SERIE CROMAT;GRES PORCELNICO ESMALTADO;0255901645758;;POLISHED;BELVEDERE;MARMOL;;POLIVALENTE;MALLA;;SATEN RECTIFICADO;;NO;SIN INFORMAR;;;;CLASE 0;;;GRUPO BIa;GL Esmaltado;;;NO;;1600-2400 N - 35-45 N/mm2;1;025.590.0164.05758;60X120 RF;CATLOGO PAMESA;;;30;30;0;900;30x30;CR.BELVEDERE;IVORY;https://www.pamesa.com/ERP/4.0/empresas/151/045/imagenes/t00010602/0255901645758.jpg
38;590;164;5758;0385901645758;SI;PZ.E.CGLASS PUL;30x30(7)Malla CR.BELVEDERE IVORY;A;SI;SI;57.7500;MOS7;PAMESA;PAMESA;E/42/11;8429991537739;;;M2;11;1.00;42;42.00;23.10;990.20;120.00;80.00;;;;26/05/2020;PAMESA;SERIE CROMAT;GRES PORCELNICO ESMALTADO PULIDO RECTF.;0385901645758;;POLISHED;BELVEDERE;MARMOL;;POLIVALENTE;MALLA;;PULIDO;;NO;SIN INFORMAR;;;;CLASE 0;;;GRUPO BIa;GL Esmaltado;;;NO;;1600-2400 N - 35-45 N/mm2;1;038.590.0164.05758;30X60(n)PB;CATLOGO PAMESA;;;30;30;0;900;30x30;CR.BELVEDERE;IVORY;https://www.pamesa.com/ERP/4.0/empresas/151/045/imagenes/t00010602/0385901645758.jpg
25;590;108;5758;0255901085758;SI;PZ.ESP COM-GLAS;30x30(7)Malla CR.BELVEDERE WHITE;A;SI;SI;57.7500;MOS7;PAMESA;PAMESA;E/42/11;8429991537685;;;M2;11;1.00;42;42.00;23.10;990.20;120.00;80.00;;;;26/05/2020;PAMESA;SERIE CROMAT;GRES PORCELNICO ESMALTADO;0255901085758;;POLISHED;BELVEDERE;MARMOL;;POLIVALENTE;MALLA;;SATEN RECTIFICADO;;NO;SIN INFORMAR;;;;CLASE 0;;;GRUPO BIa;GL Esmaltado;;;NO;;1600-2400 N - 35-45 N/mm2;1;025.590.0108.05758;30x30(7)Malla;CATLOGO PAMESA;;;30;30;0;900;30x30;CR.BELVEDERE;WHITE;https://www.pamesa.com/ERP/4.0/empresas/151/045/imagenes/t00010602/0255901085758.jpg
38;590;108;5758;0385901085758;SI;PZ.E.CGLASS PUL;30x30(7)Malla CR.BELVEDERE WHITE;A;SI;SI;57.7500;MOS7;PAMESA;PAMESA;E/42/11;8429991537722;;;M2;11;1.00;42;42.00;23.10;990.20;120.00;80.00;;;;26/05/2020;PAMESA;SERIE CROMAT;GRES PORCELNICO ESMALTADO PULIDO RECTF.;0385901085758;;POLISHED;BELVEDERE;MARMOL;;POLIVALENTE;MALLA;;PULIDO;;NO;SIN INFORMAR;;;;CLASE 0;;;GRUPO BIa;GL Esmaltado;;;NO;;1600-2400 N - 35-45 N/mm2;1;038.590.0108.05758;33,3x100;CATLOGO PAMESA;;;30;30;0;900;30x30;CR.BELVEDERE;WHITE;https://www.pamesa.com/ERP/4.0/empresas/151/045/imagenes/t00010602/0385901085758.jpg
4;120;1;11841;0041200015362;SI;PUL.COMP.;120x120 CALACATA GOLD 1.;A;SI;SI;49.0000;POL19;PAMESA;PAMESA;23/36/01;8429991753573;;8429991773199;M2;1;1.44;36;51.84;34.36;1,276.96;126.00;126.00;71.00;;;19/07/2022;PAMESA;PAMESA;GRES PORCELNICO ESMALTADO PULIDO RECTF.;0041200015362;;POLISHED;CALACATA GOLD;MARMOL;;POLIVALENTE;BASE;BASE;PULIDO;VARIACION ALTA;;NO;;;PEI IV;CLASE 0;;;GRUPO BIa;GL Esmaltado;;;NO;;1600-2400 N - 35-45 N/mm2;1;004.120.0001.11841;90X90(N);CATLOGO PAMESA;;;120;120;10,2;14400;120x120;CALACATA GOLD;1.;https://www.pamesa.com/ERP/4.0/empresas/151/045/imagenes/t00010602/0041200015362.jpg
17;120;1;11841;0171200015362;SI;REC.GLASS;120x120 CALACATA GOLD 1.;A;SI;SI;42.2500;POL18;PAMESA;PAMESA;23/36/01;8429991775612;;8429991773199;M2;1;1.44;36;51.84;34.36;1,276.96;126.00;126.00;71.00;;;20/10/2022;PAMESA;PAMESA;GRES PORCELNICO ESMALTADO;0171200015362;;POLISHED;CALACATA GOLD;MARMOL;;POLIVALENTE;BASE;BASE;SATEN RECTIFICADO;VARIACION ALTA;NO;NO;;;PEI IV;CLASE 0;;;GRUPO BIa;GL Esmaltado;;;NO;;1600-2400 N - 35-45 N/mm2;1;017.120.0001.11841;45X45;CATLOGO PAMESA;;;120;120;10,2;14400;120x120;CALACATA GOLD;1.;https://www.pamesa.com/ERP/4.0/empresas/151/045/imagenes/t00010602/0171200015362.jpg
105;869;189;13892;1058690037956;SI;GRANILLA POLIMAT;60x120 ANTIC.CALACATA GOLD;A;SI;SI;37.5000;SOL53;PAMESA;PAMESA;L/32/02;8429991869502;;8429991773199;M2;2;1.44;32;46.08;34.25;1,121.00;122.00;84.00;75.00;;10.50;25/09/2025;PAMESA;PAMESA;ANTIC GRES PORCELNICO RECTF.;1058690037956;;POLISHED;CALACATA GOLD;MARMOL;;POLIVALENTE;;BASE;;;;;;;;;;;GRUPO BIa;GL Esmaltado;;;NO;;1600-2400 N - 35-45 N/mm2;1;105.869.0189.13892;31,6x60;;;;60;120;10,5;7200;60x120;ANTIC.CALACATA;GOLD;https://www.pamesa.com/ERP/4.0/empresas/151/045/imagenes/t00010602/1058690037956.jpg
4;869;1;11841;0048690015362;SI;PUL.COMP.;60x120 CALACATA GOLD 1.;A;SI;SI;35.5000;POL13;PAMESA;PAMESA;L/32/02;8429991753580;;8429991773199;M2;2;1.44;32;46.08;34.25;1,121.00;122.00;84.00;75.00;;10.50;19/07/2022;PAMESA;PAMESA;GRES PORCELNICO ESMALTADO PULIDO RECTF.;0048690015362;;POLISHED;CALACATA GOLD;MARMOL;;POLIVALENTE;BASE;BASE;PULIDO;VARIACION ALTA;;NO;;;PEI IV;CLASE 0;;;GRUPO BIa;GL Esmaltado;;;NO;;1600-2400 N - 35-45 N/mm2;1;004.869.0001.11841;60X120 RF;CATLOGO PAMESA;;;60;120;10,5;7200;60x120;CALACATA GOLD;1.;https://www.pamesa.com/ERP/4.0/empresas/151/045/imagenes/t00010602/0048690015362.jpg
17;869;1;11841;0178690015362;SI;REC.GLASS;60x120 CALACATA GOLD 1.;A;SI;SI;32.2500;POL12;PAMESA;PAMESA;L/32/02;8429991755171;;8429991773199;M2;2;1.44;32;46.08;34.25;1,121.00;122.00;84.00;75.00;;10.50;27/07/2022;PAMESA;PAMESA;GRES PORCELNICO ESMALTADO;0178690015362;;POLISHED;CALACATA GOLD;MARMOL;;POLIVALENTE;BASE;BASE;SATEN RECTIFICADO;VARIACION ALTA;NO;NO;;;PEI IV;CLASE 0;;;GRUPO BIa;GL Esmaltado;;;NO;;1600-2400 N - 35-45 N/mm2;1;017.869.0001.11841;60x60;CATLOGO PAMESA;;;60;120;10,5;7200;60x120;CALACATA GOLD;1.;https://www.pamesa.com/ERP/4.0/empresas/151/045/imagenes/t00010602/0178690015362.jpg
17;250;189;13634;0172500020607;SI;REC.GLASS;60x120(n) RLV.CALACATA GOLD;A;SI;SI;23.5000;POL11;PAMESA;PAMESA;L/36/02 RF;8429991876692;;8429991773199;M2;2;1.44;36;51.84;28.62;1,055.32;122.00;84.00;73.50;;;16/01/2024;PAMESA;PAMESA;GRES PORCELNICO ESMALTADO;0172500020607;;POLISHED;CALACATA GOLD;MARMOL;;POLIVALENTE;DECORADO;RLV DECORADO;SATEN RECTIFICADO;VARIACION ALTA;NO;SI;NO;;;CLASE 1;;;GRUPO BIa;GL Esmaltado;;;NO;;1600-2400 N - 35-45 N/mm2;1;017.250.0189.13634;60X120 RF;CATLOGO PAMESA;;;60;120;9;7200;60x120;RLV.CALACATA;GOLD;https://www.pamesa.com/ERP/4.0/empresas/151/045/imagenes/t00010602/0172500020607.jpg
4;840;1;11841;0048400015362;SI;PUL.COMP.;60x60 CALACATA GOLD 1.;A;SI;SI;26.7500;POL06;PAMESA;PAMESA;F/30/04;8429991780197;;8429991773199;M2;4;1.44;30;43.20;30.00;920.00;120.00;80.00;73.50;;;03/11/2022;PAMESA;PAMESA;GRES PORCELNICO ESMALTADO PULIDO RECTF.;0048400015362;;POLISHED;CALACATA GOLD;MARMOL;;POLIVALENTE;BASE;BASE;PULIDO;VARIACION ALTA;;NO;;;PEI IV;CLASE 0;;;GRUPO BIa;GL Esmaltado;;;NO;;1600-2400 N - 35-45 N/mm2;1;004.840.0001.11841;120X120;CATLOGO PAMESA;;;60;60;9;3600;60x60;CALACATA GOLD;1.;https://www.pamesa.com/ERP/4.0/empresas/151/045/imagenes/t00010602/0048400015362.jpg
17;840;1;11841;0178400015362;SI;REC.GLASS;60x60 CALACATA GOLD 1.;A;SI;SI;22.5000;POL05;PAMESA;PAMESA;F/30/04;8429991780166;;8429991773199;M2;4;1.44;30;43.20;30.00;920.00;120.00;80.00;73.50;;;03/11/2022;PAMESA;PAMESA;GRES PORCELNICO ESMALTADO;0178400015362;;POLISHED;CALACATA GOLD;MARMOL;;POLIVALENTE;BASE;BASE;SATEN RECTIFICADO;VARIACION ALTA;NO;NO;;;PEI IV;CLASE 0;;;GRUPO BIa;GL Esmaltado;;;NO;;1600-2400 N - 35-45 N/mm2;1;017.840.0001.11841;60x60;CATLOGO PAMESA;;;60;60;9;3600;60x60;CALACATA GOLD;1.;https://www.pamesa.com/ERP/4.0/empresas/151/045/imagenes/t00010602/0178400015362.jpg
4;450;1;11841;0044500015362;SI;PUL.COMP.;30x60 (C) CALACATA GOLD 1.;A;SI;SI;26.7500;POL04;PAMESA;PAMESA;F/48/06;8429991780180;;8429991773199;M2;6;1.08;48;51.84;23.60;1,152.80;120.00;80.00;74.00;;9.50;03/11/2022;PAMESA;PAMESA;GRES PORCELNICO ESMALTADO PULIDO RECTF.;0044500015362;;POLISHED;CALACATA GOLD;MARMOL;;POLIVALENTE;BASE;BASE;PULIDO;VARIACION ALTA;;NO;;;PEI IV;CLASE 0;;;GRUPO BIa;GL Esmaltado;;;NO;;1600-2400 N - 35-45 N/mm2;1;004.450.0001.11841;30X30 (5)MALLA;CATLOGO PAMESA;;;30;60;9,5;1800;30x60;CALACATA GOLD;1.;https://www.pamesa.com/ERP/4.0/empresas/151/045/imagenes/t00010602/0044500015362.jpg
17;450;1;11841;0174500015362;SI;REC.GLASS;30x60 (C) CALACATA GOLD 1.;A;SI;SI;22.5000;POL03;PAMESA;PAMESA;F/48/06;8429991780173;;8429991773199;M2;6;1.08;48;51.84;23.60;1,152.80;120.00;80.00;74.00;;9.50;03/11/2022;PAMESA;PAMESA;GRES PORCELNICO ESMALTADO;0174500015362;;POLISHED;CALACATA GOLD;MARMOL;;POLIVALENTE;BASE;BASE;SATEN RECTIFICADO;VARIACION ALTA;NO;NO;;;PEI IV;CLASE 0;;;GRUPO BIa;GL Esmaltado;;;NO;;1600-2400 N - 35-45 N/mm2;1;017.450.0001.11841;30x30(7)Malla;CATLOGO PAMESA;;;30;60;9,5;1800;30x60;CALACATA GOLD;1.;https://www.pamesa.com/ERP/4.0/empresas/151/045/imagenes/t00010602/0174500015362.jpg
34;281;189;13892;0342810021432;SI;PZ.ESP.POLIMAT;30x30 (5)Malla ANTIC.CALACATA GOLD;A;SI;SI;70.2500;MOS5;PAMESA;PAMESA;E/42/11;8429991876869;;;M2;11;1.00;42;42.00;23.00;986.00;120.00;80.00;;;;16/01/2024;PAMESA;PAMESA;ANTIC GRES PORCELNICO RECTF.;0342810021432;;POLISHED;CALACATA GOLD;MARMOL;;POLIVALENTE;MALLA;MOSAICO;ANTIC;VARIACION ALTA;NO;NO;NO;;;CLASE 0;;;GRUPO BIa;GL Esmaltado;;;NO;;;1;034.281.0189.13892;30X90PBCA;CATLOGO PAMESA;;;30;30;0;900;30x30;ANTIC.CALACATA;GOLD;https://www.pamesa.com/ERP/4.0/empresas/151/045/imagenes/t00010602/0342810021432.jpg
25;590;1;11841;0255900015362;SI;PZ.ESP COM-GLAS;30x30(7)Malla CALACATA GOLD 1.;A;SI;SI;57.7500;MOS7;PAMESA;PAMESA;E/42/11;8429991784058;;;M2;11;1.00;42;42.00;23.10;990.20;120.00;80.00;;;;17/11/2022;PAMESA;PAMESA;GRES PORCELNICO ESMALTADO;0255900015362;;POLISHED;CALACATA GOLD;MARMOL;;POLIVALENTE;MALLA;MOSAICO;SATEN RECTIFICADO;VARIACION ALTA;NO;SIN INFORMAR;;;;CLASE 0;;;GRUPO BIa;GL Esmaltado;;;NO;;;1;025.590.0001.11841;30,3X61,3;CATLOGO PAMESA;;;30;30;0;900;30x30;CALACATA GOLD;1.;https://www.pamesa.com/ERP/4.0/empresas/151/045/imagenes/t00010602/0255900015362.jpg
38;590;1;11841;0385900015362;SI;PZ.E.CGLASS PUL;30x30(7)Malla CALACATA GOLD 1.;A;SI;SI;57.7500;MOS7;PAMESA;PAMESA;E/42/11;8429991784065;;;M2;11;1.00;42;42.00;23.10;990.20;120.00;80.00;;;;17/11/2022;PAMESA;PAMESA;GRES PORCELNICO ESMALTADO PULIDO RECTF.;0385900015362;;POLISHED;CALACATA GOLD;MARMOL;;POLIVALENTE;MALLA;MOSAICO;PULIDO;;NO;SIN INFORMAR;;;;CLASE 0;;;GRUPO BIa;GL Esmaltado;;;NO;;;1;038.590.0001.11841;30X90PBCA;CATLOGO PAMESA;;;30;30;0;900;30x30;CALACATA GOLD;1.;https://www.pamesa.com/ERP/4.0/empresas/151/045/imagenes/t00010602/0385900015362.jpg
4;120;1;12261;0041200016631;SI;PUL.COMP.;120x120 WHITE CALACATA 1.;A;SI;SI;49.0000;POL19;PAMESA;PAMESA;23/36/01;8429991786922;;8429991773199;M2;1;1.44;36;51.84;34.36;1,276.96;126.00;126.00;71.00;;;28/11/2022;PAMESA;PAMESA;GRES PORCELNICO ESMALTADO PULIDO RECTF.;0041200016631;;POLISHED;CALACATA WHITE;MARMOL;;POLIVALENTE;BASE;BASE;PULIDO;VARIACION ALTA;;NO;;;;CLASE 0;;;GRUPO BIa;GL Esmaltado;;;NO;;1600-2400 N - 35-45 N/mm2;1;004.120.0001.12261;90X90(N);CATLOGO PAMESA;;;120;120;10,2;14400;120x120;WHITE CALACATA;1.;https://www.pamesa.com/ERP/4.0/empresas/151/045/imagenes/t00010602/0041200016631.jpg
17;120;1;12261;0171200016631;SI;REC.GLASS;120x120 WHITE CALACATA 1.;A;SI;SI;42.2500;POL18;PAMESA;PAMESA;23/36/01;8429991786939;;8429991773199;M2;1;1.44;36;51.84;34.36;1,276.96;126.00;126.00;71.00;;;28/11/2022;PAMESA;PAMESA;GRES PORCELNICO ESMALTADO;0171200016631;;POLISHED;CALACATA WHITE;MARMOL;;POLIVALENTE;BASE;BASE;SATEN RECTIFICADO;VARIACION ALTA;NO;NO;;;;CLASE 0;;;GRUPO BIa;GL Esmaltado;;;NO;0.49;1600-2400 N - 35-45 N/mm2;1;017.120.0001.12261;45X45;CATLOGO PAMESA;;;120;120;10,2;14400;120x120;WHITE CALACATA;1.;https://www.pamesa.com/ERP/4.0/empresas/151/045/imagenes/t00010602/0171200016631.jpg
4;869;1;12261;0048690016631;SI;PUL.COMP.;60x120 WHITE CALACATA 1.;A;SI;SI;35.5000;POL13;PAMESA;PAMESA;L/32/02;8429991786960;;8429991773199;M2;2;1.44;32;46.08;34.25;1,121.00;122.00;84.00;75.00;;10.50;28/11/2022;PAMESA;PAMESA;GRES PORCELNICO ESMALTADO PULIDO RECTF.;0048690016631;;POLISHED;CALACATA WHITE;MARMOL;;POLIVALENTE;BASE;BASE;PULIDO;VARIACION ALTA;;NO;;;;CLASE 0;;;GRUPO BIa;GL Esmaltado;;;NO;;1600-2400 N - 35-45 N/mm2;1;004.869.0001.12261;60X60;CATLOGO PAMESA;;;60;120;10,5;7200;60x120;WHITE CALACATA;1.;https://www.pamesa.com/ERP/4.0/empresas/151/045/imagenes/t00010602/0048690016631.jpg
17;869;1;12261;0178690016631;SI;REC.GLASS;60x120 WHITE CALACATA 1.;A;SI;SI;32.2500;POL12;PAMESA;PAMESA;L/32/02;8429991786991;;8429991773199;M2;2;1.44;32;46.08;34.25;1,121.00;122.00;84.00;75.00;;10.50;28/11/2022;PAMESA;PAMESA;GRES PORCELNICO ESMALTADO;0178690016631;;POLISHED;CALACATA WHITE;MARMOL;;POLIVALENTE;BASE;BASE;SATEN RECTIFICADO;VARIACION ALTA;NO;NO;;;;CLASE 0;;;GRUPO BIa;GL Esmaltado;;;NO;0.49;1600-2400 N - 35-45 N/mm2;1;017.869.0001.12261;60x60;CATLOGO PAMESA;;;60;120;10,5;7200;60x120;WHITE CALACATA;1.;https://www.pamesa.com/ERP/4.0/empresas/151/045/imagenes/t00010602/0178690016631.jpg
4;840;1;12261;0048400016631;SI;PUL.COMP.;60x60 WHITE CALACATA 1.;A;SI;SI;26.7500;POL06;PAMESA;PAMESA;F/30/04;8429991786953;;8429991773199;M2;4;1.44;30;43.20;30.00;920.00;120.00;80.00;73.50;;;28/11/2022;PAMESA;PAMESA;GRES PORCELNICO ESMALTADO PULIDO RECTF.;0048400016631;;POLISHED;CALACATA WHITE;MARMOL;;POLIVALENTE;BASE;BASE;PULIDO;VARIACION ALTA;;NO;;;;CLASE 0;;;GRUPO BIa;GL Esmaltado;;;NO;;1600-2400 N - 35-45 N/mm2;1;004.840.0001.12261;120X120;CATLOGO PAMESA;;;60;60;9;3600;60x60;WHITE CALACATA;1.;https://www.pamesa.com/ERP/4.0/empresas/151/045/imagenes/t00010602/0048400016631.jpg
17;840;1;12261;0178400016631;SI;REC.GLASS;60x60 WHITE CALACATA 1.;A;SI;SI;22.5000;POL05;PAMESA;PAMESA;F/30/04;8429991786984;;8429991773199;M2;4;1.44;30;43.20;30.00;920.00;120.00;80.00;73.50;;;28/11/2022;PAMESA;PAMESA;GRES PORCELNICO ESMALTADO;0178400016631;;POLISHED;CALACATA WHITE;MARMOL;;POLIVALENTE;BASE;BASE;SATEN RECTIFICADO;VARIACION ALTA;NO;NO;;;;CLASE 0;;;GRUPO BIa;GL Esmaltado;;;NO;0.49;1600-2400 N - 35-45 N/mm2;1;017.840.0001.12261;60x60;CATLOGO PAMESA;;;60;60;9;3600;60x60;WHITE CALACATA;1.;https://www.pamesa.com/ERP/4.0/empresas/151/045/imagenes/t00010602/0178400016631.jpg
4;450;1;12261;0044500016631;SI;PUL.COMP.;30x60 (C) WHITE CALACATA 1.;A;SI;SI;26.7500;POL04;PAMESA;PAMESA;F/48/06;8429991786946;;8429991773199;M2;6;1.08;48;51.84;23.60;1,152.80;120.00;80.00;74.00;;9.50;28/11/2022;PAMESA;PAMESA;GRES PORCELNICO ESMALTADO PULIDO RECTF.;0044500016631;;POLISHED;CALACATA WHITE;MARMOL;;POLIVALENTE;BASE;BASE;PULIDO;VARIACION ALTA;;NO;;;;CLASE 0;;;GRUPO BIa;GL Esmaltado;;;NO;;1600-2400 N - 35-45 N/mm2;1;004.450.0001.12261;120X280(6MM);CATLOGO PAMESA;;;30;60;9,5;1800;30x60;WHITE CALACATA;1.;https://www.pamesa.com/ERP/4.0/empresas/151/045/imagenes/t00010602/0044500016631.jpg
17;450;1;12261;0174500016631;SI;REC.GLASS;30x60 (C) WHITE CALACATA 1.;A;SI;SI;22.5000;POL03;PAMESA;PAMESA;F/48/06;8429991786977;;8429991773199;M2;6;1.08;48;51.84;23.60;1,152.80;120.00;80.00;74.00;;9.50;28/11/2022;PAMESA;PAMESA;GRES PORCELNICO ESMALTADO;0174500016631;;POLISHED;CALACATA WHITE;MARMOL;;POLIVALENTE;BASE;BASE;SATEN RECTIFICADO;VARIACION ALTA;NO;NO;;;;CLASE 0;;;GRUPO BIa;GL Esmaltado;;;NO;0.49;1600-2400 N - 35-45 N/mm2;1;017.450.0001.12261;30x30(7)Malla;CATLOGO PAMESA;;;30;60;9,5;1800;30x60;WHITE CALACATA;1.;https://www.pamesa.com/ERP/4.0/empresas/151/045/imagenes/t00010602/0174500016631.jpg
25;590;1;12261;0255900016631;SI;PZ.ESP COM-GLAS;30x30(7)Malla WHITE CALACATA 1.;A;SI;SI;57.7500;MOS7;PAMESA;PAMESA;E/42/11;8429991787004;;;M2;11;1.00;42;42.00;23.10;990.20;120.00;80.00;;;;29/11/2022;PAMESA;PAMESA;GRES PORCELNICO ESMALTADO;0255900016631;;POLISHED;CALACATA WHITE;MARMOL;;POLIVALENTE;;;SATEN RECTIFICADO;VARIACION ALTA;NO;NO;;;;CLASE 0;;;GRUPO BIa;GL Esmaltado;;;NO;;1600-2400 N - 35-45 N/mm2;1;025.590.0001.12261;30x30 (5)Malla;CATLOGO PAMESA;;;30;30;0;900;30x30;WHITE CALACATA;1.;https://www.pamesa.com/ERP/4.0/empresas/151/045/imagenes/t00010602/0255900016631.jpg
38;590;1;12261;0385900016631;SI;PZ.E.CGLASS PUL;30x30(7)Malla WHITE CALACATA 1.;A;SI;SI;57.7500;MOS7;PAMESA;PAMESA;E/42/11;8429991787011;;;M2;11;1.00;42;42.00;23.10;990.20;120.00;80.00;;;;29/11/2022;PAMESA;PAMESA;GRES PORCELNICO ESMALTADO PULIDO RECTF.;0385900016631;;POLISHED;CALACATA WHITE;MARMOL;;POLIVALENTE;;;PULIDO;VARIACION ALTA;NO;NO;;;;CLASE 0;;;GRUPO BIa;GL Esmaltado;;;NO;;1600-2400 N - 35-45 N/mm2;1;038.590.0001.12261;30X90PBCA;CATLOGO PAMESA;;;30;30;0;900;30x30;WHITE CALACATA;1.;https://www.pamesa.com/ERP/4.0/empresas/151/045/imagenes/t00010602/0385900016631.jpg
4;120;32;13903;0041200021457;SI;PUL.COMP.;120x120 CASTELLO ORO;A;SI;SI;49.0000;POL19;PAMESA;PAMESA;23/36/01;8429991872724;;8429991773199;M2;1;1.44;36;51.84;34.36;1,276.96;126.00;126.00;71.00;;;20/12/2023;PAMESA;PAMESA;GRES PORCELNICO ESMALTADO PULIDO RECTF.;0041200021457;;POLISHED;CASTELLO;MARMOL;;POLIVALENTE;BASE;BASE;PULIDO;VARIACION MODERADA;;NO;NO;;;CLASE 0;;;GRUPO BIa;GL Esmaltado;;;NO;;1600-2400 N - 35-45 N/mm2;1;004.120.0032.13903;30x30(7)Malla;CATLOGO PAMESA;;;120;120;10,2;14400;120x120;CASTELLO;ORO;https://www.pamesa.com/ERP/4.0/empresas/151/045/imagenes/t00010602/0041200021457.jpg
17;120;32;13903;0171200033223;SI;REC.GLASS;120x120 CASTELLO ORO;A;SI;SI;0.0000;POL18;PAMESA;PAMESA;23/36/01;8429991156282;;8429991773199;M2;1;1.44;36;51.84;34.36;1,276.96;126.00;126.00;71.00;;;30/06/2025;PAMESA;PAMESA;GRES PORCELNICO ESMALTADO;0171200033223;;POLISHED;CASTELLO;MARMOL;;POLIVALENTE;BASE;BASE;SATEN RECTIFICADO;VARIACION MODERADA;;NO;;;;CLASE 0;;;GRUPO BIa;GL Esmaltado;;;NO;;1600-2400 N - 35-45 N/mm2;1;017.120.0032.13903;33,3x55;CATLOGO PAMESA;;;120;120;10,2;14400;120x120;CASTELLO;ORO;https://www.pamesa.com/ERP/4.0/empresas/151/045/imagenes/t00010602/0171200033223.jpg
4;90;32;13903;0040900032988;SI;PUL.COMP.;90x90(N) CASTELLO ORO;A;SI;SI;0.0000;POL15;PAMESA;PAMESA;19/32/02;8429991155322;;8429991773199;M2;2;1.62;32;51.84;33.00;1,081.00;97.00;97.00;86.00;;9.00;24/06/2025;PAMESA;PAMESA;GRES PORCELNICO ESMALTADO PULIDO RECTF.;0040900032988;;POLISHED;CASTELLO;MARMOL;;POLIVALENTE;BASE;BASE;PULIDO;VARIACION MODERADA;;NO;;;;CLASE 0;;;GRUPO BIa;GL Esmaltado;;;NO;;1600-2400 N - 35-45 N/mm2;1;004.090.0032.13903;120X120;CATLOGO PAMESA;;;90;90;9;8100;90x90;CASTELLO;ORO;https://www.pamesa.com/ERP/4.0/empresas/151/045/imagenes/t00010602/0040900032988.jpg
17;90;32;13903;0170900032989;SI;REC.GLASS;90x90(N) CASTELLO ORO;A;SI;SI;0.0000;POL14;PAMESA;PAMESA;19/32/02;8429991155339;;8429991773199;M2;2;1.62;32;51.84;33.00;1,081.00;97.00;97.00;86.00;;9.00;24/06/2025;PAMESA;PAMESA;GRES PORCELNICO ESMALTADO;0170900032989;;POLISHED;CASTELLO;MARMOL;;POLIVALENTE;BASE;BASE;SATEN RECTIFICADO;VARIACION MODERADA;;NO;;;;CLASE 0;;;GRUPO BIa;GL Esmaltado;;;NO;;1600-2400 N - 35-45 N/mm2;1;017.090.0032.13903;25x70;CATLOGO PAMESA;;;90;90;9;8100;90x90;CASTELLO;ORO;https://www.pamesa.com/ERP/4.0/empresas/151/045/imagenes/t00010602/0170900032989.jpg
4;869;32;13903;0048690021457;SI;PUL.COMP.;60x120 CASTELLO ORO;A;SI;SI;35.5000;POL13;PAMESA;PAMESA;L/32/02;8429991859039;;8429991773199;M2;2;1.44;32;46.08;34.25;1,121.00;122.00;84.00;75.00;;10.50;19/10/2023;PAMESA;PAMESA;GRES PORCELNICO ESMALTADO PULIDO RECTF.;0048690021457;;POLISHED;CASTELLO;MARMOL;;POLIVALENTE;BASE;BASE;PULIDO;VARIACION MODERADA;;NO;NO;;;CLASE 0;;;GRUPO BIa;GL Esmaltado;;;NO;;1600-2400 N - 35-45 N/mm2;1;004.869.0032.13903;30x30(7)Malla;CATLOGO PAMESA;;;60;120;10,5;7200;60x120;CASTELLO;ORO;https://www.pamesa.com/ERP/4.0/empresas/151/045/imagenes/t00010602/0048690021457.jpg
17;869;32;13903;0178690033222;SI;REC.GLASS;60x120 CASTELLO ORO;A;SI;SI;0.0000;POL12;PAMESA;PAMESA;L/32/02;8429991156275;;8429991773199;M2;2;1.44;32;46.08;34.25;1,121.00;122.00;84.00;75.00;;10.50;30/06/2025;PAMESA;PAMESA;GRES PORCELNICO ESMALTADO;0178690033222;;POLISHED;CASTELLO;MARMOL;;POLIVALENTE;BASE;BASE;SATEN RECTIFICADO;VARIACION MODERADA;;NO;;;;CLASE 0;;;GRUPO BIa;GL Esmaltado;;;NO;;1600-2400 N - 35-45 N/mm2;1;017.869.0032.13903;120X120;CATLOGO PAMESA;;;60;120;10,5;7200;60x120;CASTELLO;ORO;https://www.pamesa.com/ERP/4.0/empresas/151/045/imagenes/t00010602/0178690033222.jpg
4;840;32;13903;0048400032991;SI;PUL.COMP.;60x60 CASTELLO ORO;A;SI;SI;0.0000;POL06;PAMESA;PAMESA;F/30/04;8429991155346;;8429991773199;M2;4;1.44;30;43.20;30.00;920.00;120.00;80.00;73.50;;;24/06/2025;PAMESA;PAMESA;GRES PORCELNICO ESMALTADO PULIDO RECTF.;0048400032991;;POLISHED;CASTELLO;MARMOL;;POLIVALENTE;BASE;BASE;PULIDO;VARIACION MODERADA;;NO;;;;CLASE 0;;;GRUPO BIa;GL Esmaltado;;;NO;;1600-2400 N - 35-45 N/mm2;1;004.840.0032.13903;60X120 RF;CATLOGO PAMESA;;;60;60;9;3600;60x60;CASTELLO;ORO;https://www.pamesa.com/ERP/4.0/empresas/151/045/imagenes/t00010602/0048400032991.jpg
17;840;32;13903;0178400032992;SI;REC.GLASS;60x60 CASTELLO ORO;A;SI;SI;0.0000;POL05;PAMESA;PAMESA;F/30/04;8429991155353;;8429991773199;M2;4;1.44;30;43.20;30.00;920.00;120.00;80.00;73.50;;;24/06/2025;PAMESA;PAMESA;GRES PORCELNICO ESMALTADO;0178400032992;;POLISHED;CASTELLO;MARMOL;;POLIVALENTE;BASE;BASE;SATEN RECTIFICADO;VARIACION MODERADA;;NO;;;;CLASE 0;;;GRUPO BIa;GL Esmaltado;;;NO;;1600-2400 N - 35-45 N/mm2;1;017.840.0032.13903;60X120(n);CATLOGO PAMESA;;;60;60;9;3600;60x60;CASTELLO;ORO;https://www.pamesa.com/ERP/4.0/empresas/151/045/imagenes/t00010602/0178400032992.jpg
38;590;32;13903;0385900021457;SI;PZ.E.CGLASS PUL;30x30(7)Malla CASTELLO ORO;A;SI;SI;57.7500;MOS7;PAMESA;PAMESA;E/42/11;8429991872731;;;M2;11;1.00;42;42.00;23.10;990.20;120.00;80.00;;;;20/12/2023;PAMESA;PAMESA;GRES PORCELNICO ESMALTADO PULIDO RECTF.;0385900021457;;POLISHED;CASTELLO;MARMOL;;POLIVALENTE;MALLA;MOSAICO;PULIDO;VARIACION MODERADA;NO;NO;NO;;;CLASE 0;;;GRUPO BIa;GL Esmaltado;;;NO;;;1;038.590.0032.13903;30X90PBCA;CATLOGO PAMESA;;;30;30;0;900;30x30;CASTELLO;ORO;https://www.pamesa.com/ERP/4.0/empresas/151/045/imagenes/t00010602/0385900021457.jpg
52;961;12;9556;0529610129556;SI;SLIM MATE RECTIF.;120x280(6mm) CR.CELLINI BLANCO;A;SI;SI;62.5000;XXL04;PAMESA;PAMESA;05/20/01;8429991794484;;8429991773199;M2;1;3.36;20;67.20;52.00;1,140.00;290.00;140.00;36.00;;;11/01/2023;PAMESA;XXL;GRES PORCELNICO ESMALTADO;0529610129556;;POLISHED;CELLINI;MARMOL;;POLIVALENTE;;BASE;MATE RECTIFICADO;VARIACION ALTA;;NO;;;PEI IV;CLASE 0;;;GRUPO BIa;GL Esmaltado;;;NO;;>700 N - 35-45 N/mm2;1;052.961.0012.09556;25X150;CATLOGO PAMESA;;;120;280;6;33600;120x280;CR.CELLINI;BLANCO;https://www.pamesa.com/ERP/4.0/empresas/151/045/imagenes/t00010602/0529610129556.jpg
54;961;12;9556;0549610129556;SI;SLIM PULIDO RECTIF.;120x280(6mm) CR.CELLINI BLANCO;A;SI;SI;86.5000;XXL02;PAMESA;PAMESA;05/20/01;8429991794583;;8429991773199;M2;1;3.36;20;67.20;52.00;1,140.00;290.00;140.00;36.00;;;11/01/2023;PAMESA;XXL;GRES PORCELNICO ESMALTADO PULIDO RECTF.;0549610129556;;POLISHED;CELLINI;MARMOL;;POLIVALENTE;;BASE;CR LUX;VARIACION ALTA;NO;NO;;;PEI IV;CLASE 0;;;GRUPO BIa;GL Esmaltado;;;NO;;>700 N - 35-45 N/mm2;1;054.961.0012.09556;25X150;CATLOGO PAMESA;;;120;280;6;33600;120x280;CR.CELLINI;BLANCO;https://www.pamesa.com/ERP/4.0/empresas/151/045/imagenes/t00010602/0549610129556.jpg
4;120;12;9556;0041200129556;SI;PUL.COMP.;120x120 CR.CELLINI BLANCO;A;SI;SI;49.0000;POL19;PAMESA;PAMESA;23/36/01;8429991629786;;8429991773199;M2;1;1.44;36;51.84;34.36;1,276.96;126.00;126.00;71.00;;;26/03/2021;PAMESA;PAMESA;GRES PORCELNICO ESMALTADO PULIDO RECTF.;0041200129556;;POLISHED;CELLINI;MARMOL;;POLIVALENTE;BASE;BASE;PULIDO;VARIACION ALTA;;NO;;;PEI IV;CLASE 0;;;GRUPO BIa;GL Esmaltado;60 Low;20 High;NO;;1600-2400 N - 35-45 N/mm2;1;004.120.0012.09556;60X60;CATLOGO PAMESA;;;120;120;10,2;14400;120x120;CR.CELLINI;BLANCO;https://www.pamesa.com/ERP/4.0/empresas/151/045/imagenes/t00010602/0041200129556.jpg
4;869;12;9556;0048690129556;SI;PUL.COMP.;60x120 CR.CELLINI BLANCO;A;SI;SI;35.5000;POL13;PAMESA;PAMESA;L/32/02;8429991629793;;8429991773199;M2;2;1.44;32;46.08;34.25;1,121.00;122.00;84.00;75.00;;10.50;26/03/2021;PAMESA;PAMESA;GRES PORCELNICO ESMALTADO PULIDO RECTF.;0048690129556;;POLISHED;CELLINI;MARMOL;;POLIVALENTE;;BASE;PULIDO;VARIACION ALTA;;NO;;;PEI IV;CLASE 0;;;GRUPO BIa;GL Esmaltado;60 Low;20 High;NO;;1600-2400 N - 35-45 N/mm2;1;004.869.0012.09556;30x30(7)Malla;CATLOGO PAMESA;;;60;120;10,5;7200;60x120;CR.CELLINI;BLANCO;https://www.pamesa.com/ERP/4.0/empresas/151/045/imagenes/t00010602/0048690129556.jpg
4;840;12;9556;0048400129556;SI;PUL.COMP.;60x60 CR.CELLINI BLANCO;A;SI;SI;26.7500;POL06;PAMESA;PAMESA;F/30/04;8429991629779;;8429991773199;M2;4;1.44;30;43.20;30.00;920.00;120.00;80.00;73.50;;;26/03/2021;PAMESA;PAMESA;GRES PORCELNICO ESMALTADO PULIDO RECTF.;0048400129556;;POLISHED;CELLINI;MARMOL;;POLIVALENTE;BASE;BASE;PULIDO;VARIACION ALTA;;NO;;;PEI IV;CLASE 0;;;GRUPO BIa;GL Esmaltado;60 Low;20 High;NO;;1600-2400 N - 35-45 N/mm2;1;004.840.0012.09556;60X120 RF;CATLOGO PAMESA;;;60;60;9;3600;60x60;CR.CELLINI;BLANCO;https://www.pamesa.com/ERP/4.0/empresas/151/045/imagenes/t00010602/0048400129556.jpg
38;281;12;9556;0382810129556;SI;PZ.E.CGLASS PUL;30x30 (5)Malla CR.CELLINI BLANCO;A;SI;SI;70.2500;MOS5;PAMESA;PAMESA;E/42/11;8429991633622;;;M2;11;1.00;42;42.00;23.00;986.00;120.00;80.00;;;;12/04/2021;PAMESA;PAMESA;GRES PORCELNICO ESMALTADO PULIDO RECTF.;0382810129556;;POLISHED;CELLINI;MARMOL;;POLIVALENTE;;;PULIDO;VARIACION ALTA;NO;SIN INFORMAR;;;PEI IV;CLASE 0;;;GRUPO BIa;GL Esmaltado;60 Low;20 High;;;1600-2400 N - 35-45 N/mm2;1;038.281.0012.09556;30X90PBCA;CATLOGO PAMESA;;;30;30;0;900;30x30;CR.CELLINI;BLANCO;https://www.pamesa.com/ERP/4.0/empresas/151/045/imagenes/t00010602/0382810129556.jpg
4;120;163;87;0041201630087;SI;PUL.COMP.;120x120 CRETA CREAM;A;SI;SI;42.2500;POL19;PAMESA;PAMESA;23/36/01;8429991880491;;8429991773199;M2;1;1.44;36;51.84;34.36;1,276.96;126.00;126.00;71.00;;;26/01/2024;PAMESA;PAMESA;GRES PORCELNICO ESMALTADO PULIDO RECTF.;0041201630087;;POLISHED;CRETA;MARMOL;;POLIVALENTE;BASE;BASE;PULIDO;VARIACION ALTA;;NO;NO;;;CLASE 0;;;GRUPO BIa;GL Esmaltado;;;NO;;1600-2400 N - 35-45 N/mm2;1;004.120.0163.00087;30X60 (C);CATLOGO PAMESA;;;120;120;10,2;14400;120x120;CRETA;CREAM;https://www.pamesa.com/ERP/4.0/empresas/151/045/imagenes/t00010602/0041201630087.jpg
17;120;163;87;0171201630087;SI;REC.GLASS;120x120 CRETA CREAM;A;SI;SI;42.2500;POL18;PAMESA;PAMESA;23/36/01;8429991880507;;8429991773199;M2;1;1.44;36;51.84;34.36;1,276.96;126.00;126.00;71.00;;;26/01/2024;PAMESA;PAMESA;GRES PORCELNICO ESMALTADO;0171201630087;;POLISHED;CRETA;MARMOL;;POLIVALENTE;BASE;BASE;SATEN RECTIFICADO;VARIACION ALTA;NO;NO;NO;;;CLASE 0;;;GRUPO BIa;GL Esmaltado;;;NO;;1600-2400 N - 35-45 N/mm2;1;017.120.0163.00087;33,3x55;CATLOGO PAMESA;;;120;120;10,2;14400;120x120;CRETA;CREAM;https://www.pamesa.com/ERP/4.0/empresas/151/045/imagenes/t00010602/0171201630087.jpg
4;120;108;87;0041201080087;SI;PUL.COMP.;120x120 CRETA WHITE;A;SI;SI;49.0000;POL19;PAMESA;PAMESA;23/36/01;8429991880552;;8429991773199;M2;1;1.44;36;51.84;34.36;1,276.96;126.00;126.00;71.00;;;26/01/2024;PAMESA;PAMESA;GRES PORCELNICO ESMALTADO PULIDO RECTF.;0041201080087;;POLISHED;CRETA;MARMOL;;POLIVALENTE;BASE;BASE;PULIDO;VARIACION ALTA;;NO;NO;;;CLASE 0;;;GRUPO BIa;GL Esmaltado;;;NO;;1600-2400 N - 35-45 N/mm2;1;004.120.0108.00087;60X120 RF;CATLOGO PAMESA;;;120;120;10,2;14400;120x120;CRETA;WHITE;https://www.pamesa.com/ERP/4.0/empresas/151/045/imagenes/t00010602/0041201080087.jpg
17;120;108;87;0171201080087;SI;REC.GLASS;120x120 CRETA WHITE;A;SI;SI;42.2500;POL18;PAMESA;PAMESA;23/36/01;8429991880484;;8429991773199;M2;1;1.44;36;51.84;34.36;1,276.96;126.00;126.00;71.00;;;26/01/2024;PAMESA;PAMESA;GRES PORCELNICO ESMALTADO;0171201080087;;POLISHED;CRETA;MARMOL;;POLIVALENTE;BASE;BASE;SATEN RECTIFICADO;VARIACION ALTA;NO;NO;NO;;;CLASE 0;;;GRUPO BIa;GL Esmaltado;;;NO;;1600-2400 N - 35-45 N/mm2;1;017.120.0108.00087;33,3x55;CATLOGO PAMESA;;;120;120;10,2;14400;120x120;CRETA;WHITE;https://www.pamesa.com/ERP/4.0/empresas/151/045/imagenes/t00010602/0171201080087.jpg
4;869;163;87;0048691630087;SI;PUL.COMP.;60x120 CRETA CREAM;A;SI;SI;35.5000;POL13;PAMESA;PAMESA;L/32/02;8429991880538;;8429991773199;M2;2;1.44;32;46.08;34.25;1,121.00;122.00;84.00;75.00;;10.50;26/01/2024;PAMESA;PAMESA;GRES PORCELNICO ESMALTADO PULIDO RECTF.;0048691630087;;POLISHED;CRETA;MARMOL;;POLIVALENTE;BASE;BASE;PULIDO;VARIACION ALTA;;NO;NO;;;CLASE 0;;;GRUPO BIa;GL Esmaltado;;;NO;;1600-2400 N - 35-45 N/mm2;1;004.869.0163.00087;90X90(N);CATLOGO PAMESA;;;60;120;10,5;7200;60x120;CRETA;CREAM;https://www.pamesa.com/ERP/4.0/empresas/151/045/imagenes/t00010602/0048691630087.jpg
17;869;163;87;0178691630087;SI;REC.GLASS;60x120 CRETA CREAM;A;SI;SI;32.2500;POL12;PAMESA;PAMESA;L/32/02;8429991880545;;8429991773199;M2;2;1.44;32;46.08;34.25;1,121.00;122.00;84.00;75.00;;10.50;26/01/2024;PAMESA;PAMESA;GRES PORCELNICO ESMALTADO;0178691630087;;POLISHED;CRETA;MARMOL;;POLIVALENTE;BASE;BASE;SATEN RECTIFICADO;VARIACION ALTA;NO;NO;NO;;;CLASE 0;;;GRUPO BIa;GL Esmaltado;;;NO;;1600-2400 N - 35-45 N/mm2;1;017.869.0163.00087;60X60n(C);CATLOGO PAMESA;;;60;120;10,5;7200;60x120;CRETA;CREAM;https://www.pamesa.com/ERP/4.0/empresas/151/045/imagenes/t00010602/0178691630087.jpg
4;869;108;87;0048691080087;SI;PUL.COMP.;60x120 CRETA WHITE;A;SI;SI;35.5000;POL13;PAMESA;PAMESA;L/32/02;8429991880514;;8429991773199;M2;2;1.44;32;46.08;34.25;1,121.00;122.00;84.00;75.00;;10.50;26/01/2024;PAMESA;PAMESA;GRES PORCELNICO ESMALTADO PULIDO RECTF.;0048691080087;;POLISHED;CRETA;MARMOL;;POLIVALENTE;BASE;BASE;PULIDO;VARIACION ALTA;;NO;NO;;;CLASE 0;;;GRUPO BIa;GL Esmaltado;;;NO;;1600-2400 N - 35-45 N/mm2;1;004.869.0108.00087;120X280(6MM);CATLOGO PAMESA;;;60;120;10,5;7200;60x120;CRETA;WHITE;https://www.pamesa.com/ERP/4.0/empresas/151/045/imagenes/t00010602/0048691080087.jpg
17;869;108;87;0178691080087;SI;REC.GLASS;60x120 CRETA WHITE;A;SI;SI;32.2500;POL12;PAMESA;PAMESA;L/32/02;8429991880521;;8429991773199;M2;2;1.44;32;46.08;34.25;1,121.00;122.00;84.00;75.00;;10.50;26/01/2024;PAMESA;PAMESA;GRES PORCELNICO ESMALTADO;0178691080087;;POLISHED;CRETA;MARMOL;;POLIVALENTE;BASE;BASE;SATEN RECTIFICADO;VARIACION ALTA;NO;NO;NO;;;CLASE 0;;;GRUPO BIa;GL Esmaltado;;;NO;;1600-2400 N - 35-45 N/mm2;1;017.869.0108.00087;90X90(N);CATLOGO PAMESA;;;60;120;10,5;7200;60x120;CRETA;WHITE;https://www.pamesa.com/ERP/4.0/empresas/151/045/imagenes/t00010602/0178691080087.jpg
4;840;163;87;0048401630087;SI;PUL.COMP.;60x60 CRETA CREAM;A;SI;SI;26.7500;POL06;PAMESA;PAMESA;F/30/04;8429991899103;;8429991773199;M2;4;1.44;30;43.20;30.00;920.00;120.00;80.00;73.50;;;11/03/2024;PAMESA;PAMESA;GRES PORCELNICO ESMALTADO PULIDO RECTF.;0048401630087;;POLISHED;CRETA;MARMOL;;POLIVALENTE;BASE;BASE;PULIDO;VARIACION ALTA;;NO;NO;;;CLASE 0;;;GRUPO BIa;GL Esmaltado;;;NO;;1600-2400 N - 35-45 N/mm2;1;004.840.0163.00087;120X120;CATLOGO PAMESA;;;60;60;9;3600;60x60;CRETA;CREAM;https://www.pamesa.com/ERP/4.0/empresas/151/045/imagenes/t00010602/0048401630087.jpg
17;840;163;87;0178401630087;SI;REC.GLASS;60x60 CRETA CREAM;A;SI;SI;22.5000;POL05;PAMESA;PAMESA;F/30/04;8429991899097;;8429991773199;M2;4;1.44;30;43.20;30.00;920.00;120.00;80.00;73.50;;;11/03/2024;PAMESA;PAMESA;GRES PORCELNICO ESMALTADO;0178401630087;;POLISHED;CRETA;MARMOL;;POLIVALENTE;BASE;BASE;SATEN RECTIFICADO;VARIACION ALTA;NO;NO;NO;;;CLASE 0;;;GRUPO BIa;GL Esmaltado;;;NO;;1600-2400 N - 35-45 N/mm2;1;017.840.0163.00087;120X120;CATLOGO PAMESA;;;60;60;9;3600;60x60;CRETA;CREAM;https://www.pamesa.com/ERP/4.0/empresas/151/045/imagenes/t00010602/0178401630087.jpg
4;840;108;87;0048401080087;SI;PUL.COMP.;60x60 CRETA WHITE;A;SI;SI;26.7500;POL06;PAMESA;PAMESA;F/30/04;8429991899127;;8429991773199;M2;4;1.44;30;43.20;30.00;920.00;120.00;80.00;73.50;;;11/03/2024;PAMESA;PAMESA;GRES PORCELNICO ESMALTADO PULIDO RECTF.;0048401080087;;POLISHED;CRETA;MARMOL;;POLIVALENTE;BASE;BASE;PULIDO;VARIACION ALTA;;NO;NO;;;CLASE 0;;;GRUPO BIa;GL Esmaltado;;;NO;;1600-2400 N - 35-45 N/mm2;1;004.840.0108.00087;60X60;CATLOGO PAMESA;;;60;60;9;3600;60x60;CRETA;WHITE;https://www.pamesa.com/ERP/4.0/empresas/151/045/imagenes/t00010602/0048401080087.jpg
17;840;108;87;0178401080087;SI;REC.GLASS;60x60 CRETA WHITE;A;SI;SI;22.5000;POL05;PAMESA;PAMESA;F/30/04;8429991899110;;8429991773199;M2;4;1.44;30;43.20;30.00;920.00;120.00;80.00;73.50;;;11/03/2024;PAMESA;PAMESA;GRES PORCELNICO ESMALTADO;0178401080087;;POLISHED;CRETA;MARMOL;;POLIVALENTE;BASE;BASE;SATEN RECTIFICADO;VARIACION ALTA;NO;NO;NO;;;CLASE 0;;;GRUPO BIa;GL Esmaltado;;;NO;;1600-2400 N - 35-45 N/mm2;1;017.840.0108.00087;60X120(n);CATLOGO PAMESA;;;60;60;9;3600;60x60;CRETA;WHITE;https://www.pamesa.com/ERP/4.0/empresas/151/045/imagenes/t00010602/0178401080087.jpg
4;120;163;16061;0041200040973;SI;PUL.COMP.;120x120 CROWN CREAM;A;SI;SI;0.0000;POL19;PAMESA;PAMESA;23/36/01;8429991189860;;8429991773199;M2;1;1.44;36;51.84;34.36;1,276.96;126.00;126.00;71.00;;;29/10/2025;PAMESA;PAMESA;GRES PORCELNICO ESMALTADO;0041200040973;;POLISHED;CROWN;MARMOL;;POLIVALENTE;BASE;BASE;PULIDO;VARIACION MODERADA;;NO;;;;CLASE 0;;;GRUPO BIa;GL Esmaltado;;;NO;;1600-2400 N - 35-45 N/mm2;1;004.120.0163.16061;120X120;CATLOGO PAMESA;;;120;120;10,2;14400;120x120;CROWN;CREAM;https://www.pamesa.com/ERP/4.0/empresas/151/045/imagenes/t00010602/0041200040973.jpg
17;120;163;16061;0171200040977;SI;REC.GLASS;120x120 CROWN CREAM;A;SI;SI;0.0000;POL18;PAMESA;PAMESA;23/36/01;8429991189907;;8429991773199;M2;1;1.44;36;51.84;34.36;1,276.96;126.00;126.00;71.00;;;29/10/2025;PAMESA;PAMESA;GRES PORCELNICO ESMALTADO;0171200040977;;POLISHED;CROWN;MARMOL;;POLIVALENTE;BASE;BASE;SATEN RECTIFICADO;VARIACION MODERADA;;NO;;;;CLASE 0;;;GRUPO BIa;GL Esmaltado;;;NO;;1600-2400 N - 35-45 N/mm2;1;017.120.0163.16061;33,3x55;CATLOGO PAMESA;;;120;120;10,2;14400;120x120;CROWN;CREAM;https://www.pamesa.com/ERP/4.0/empresas/151/045/imagenes/t00010602/0171200040977.jpg
4;120;169;16061;0041200040975;SI;PUL.COMP.;120x120 CROWN PEARL;A;SI;SI;0.0000;POL19;PAMESA;PAMESA;23/36/01;8429991189884;;8429991773199;M2;1;1.44;36;51.84;34.36;1,276.96;126.00;126.00;71.00;;;29/10/2025;PAMESA;PAMESA;GRES PORCELNICO ESMALTADO;0041200040975;;POLISHED;CROWN;MARMOL;;POLIVALENTE;BASE;BASE;PULIDO;VARIACION MODERADA;;NO;;;;CLASE 0;;;GRUPO BIa;GL Esmaltado;;;NO;;1600-2400 N - 35-45 N/mm2;1;004.120.0169.16061;60X60;CATLOGO PAMESA;;;120;120;10,2;14400;120x120;CROWN;PEARL;https://www.pamesa.com/ERP/4.0/empresas/151/045/imagenes/t00010602/0041200040975.jpg
17;120;169;16061;0171200040979;SI;REC.GLASS;120x120 CROWN PEARL;A;SI;SI;0.0000;POL18;PAMESA;PAMESA;23/36/01;8429991189921;;8429991773199;M2;1;1.44;36;51.84;34.36;1,276.96;126.00;126.00;71.00;;;29/10/2025;PAMESA;PAMESA;GRES PORCELNICO ESMALTADO;0171200040979;;POLISHED;CROWN;MARMOL;;POLIVALENTE;BASE;BASE;SATEN RECTIFICADO;VARIACION MODERADA;;NO;;;;CLASE 0;;;GRUPO BIa;GL Esmaltado;;;NO;;1600-2400 N - 35-45 N/mm2;1;017.120.0169.16061;33,3x55;CATLOGO PAMESA;;;120;120;10,2;14400;120x120;CROWN;PEARL;https://www.pamesa.com/ERP/4.0/empresas/151/045/imagenes/t00010602/0171200040979.jpg
4;120;285;16061;0041200040974;SI;PUL.COMP.;120x120 CROWN TAUPE;A;SI;SI;0.0000;POL19;PAMESA;PAMESA;23/36/01;8429991189877;;8429991773199;M2;1;1.44;36;51.84;34.36;1,276.96;126.00;126.00;71.00;;;29/10/2025;PAMESA;PAMESA;GRES PORCELNICO ESMALTADO;0041200040974;;POLISHED;CROWN;MARMOL;;POLIVALENTE;BASE;BASE;PULIDO;VARIACION MODERADA;;NO;;;;CLASE 0;;;GRUPO BIa;GL Esmaltado;;;NO;;1600-2400 N - 35-45 N/mm2;1;004.120.0285.16061;60X120 RF;CATLOGO PAMESA;;;120;120;10,2;14400;120x120;CROWN;TAUPE;https://www.pamesa.com/ERP/4.0/empresas/151/045/imagenes/t00010602/0041200040974.jpg
17;120;285;16061;0171200040978;SI;REC.GLASS;120x120 CROWN TAUPE;A;SI;SI;0.0000;POL18;PAMESA;PAMESA;23/36/01;8429991189914;;8429991773199;M2;1;1.44;36;51.84;34.36;1,276.96;126.00;126.00;71.00;;;29/10/2025;PAMESA;PAMESA;GRES PORCELNICO ESMALTADO;0171200040978;;POLISHED;CROWN;MARMOL;;POLIVALENTE;BASE;BASE;SATEN RECTIFICADO;VARIACION MODERADA;;NO;;;;CLASE 0;;;GRUPO BIa;GL Esmaltado;;;NO;;1600-2400 N - 35-45 N/mm2;1;017.120.0285.16061;33,3x55;CATLOGO PAMESA;;;120;120;10,2;14400;120x120;CROWN;TAUPE;https://www.pamesa.com/ERP/4.0/empresas/151/045/imagenes/t00010602/0171200040978.jpg
4;120;108;16061;0041200040972;SI;PUL.COMP.;120x120 CROWN WHITE;A;SI;SI;0.0000;POL19;PAMESA;PAMESA;23/36/01;8429991189853;;8429991773199;M2;1;1.44;36;51.84;34.36;1,276.96;126.00;126.00;71.00;;;29/10/2025;PAMESA;PAMESA;GRES PORCELNICO ESMALTADO;0041200040972;;POLISHED;CROWN;MARMOL;;POLIVALENTE;BASE;BASE;PULIDO;VARIACION MODERADA;;NO;;;;CLASE 0;;;GRUPO BIa;GL Esmaltado;;;NO;;1600-2400 N - 35-45 N/mm2;1;004.120.0108.16061;60X120 RF;CATLOGO PAMESA;;;120;120;10,2;14400;120x120;CROWN;WHITE;https://www.pamesa.com/ERP/4.0/empresas/151/045/imagenes/t00010602/0041200040972.jpg
17;120;108;16061;0171200040976;SI;REC.GLASS;120x120 CROWN WHITE;A;SI;SI;0.0000;POL18;PAMESA;PAMESA;23/36/01;8429991189891;;8429991773199;M2;1;1.44;36;51.84;34.36;1,276.96;126.00;126.00;71.00;;;29/10/2025;PAMESA;PAMESA;GRES PORCELNICO ESMALTADO;0171200040976;;POLISHED;CROWN;MARMOL;;POLIVALENTE;BASE;BASE;SATEN RECTIFICADO;VARIACION MODERADA;;NO;;;;CLASE 0;;;GRUPO BIa;GL Esmaltado;;;NO;;1600-2400 N - 35-45 N/mm2;1;017.120.0108.16061;33,3x55;CATLOGO PAMESA;;;120;120;10,2;14400;120x120;CROWN;WHITE;https://www.pamesa.com/ERP/4.0/empresas/151/045/imagenes/t00010602/0171200040976.jpg
4;869;163;16061;0048690040989;SI;PUL.COMP.;60x120 CROWN CREAM;A;SI;SI;0.0000;POL13;PAMESA;PAMESA;L/32/02;8429991189945;;8429991773199;M2;2;1.44;32;46.08;34.25;1,121.00;122.00;84.00;75.00;;10.50;29/10/2025;PAMESA;PAMESA;GRES PORCELNICO ESMALTADO;0048690040989;;POLISHED;CROWN;MARMOL;;POLIVALENTE;BASE;BASE;PULIDO;VARIACION MODERADA;;NO;;;;CLASE 0;;;GRUPO BIa;GL Esmaltado;;;NO;;1600-2400 N - 35-45 N/mm2;1;004.869.0163.16061;60X60;CATLOGO PAMESA;;;60;120;10,5;7200;60x120;CROWN;CREAM;https://www.pamesa.com/ERP/4.0/empresas/151/045/imagenes/t00010602/0048690040989.jpg
17;869;163;16061;0178690040993;SI;REC.GLASS;60x120 CROWN CREAM;A;SI;SI;0.0000;POL12;PAMESA;PAMESA;L/32/02;8429991189983;;8429991773199;M2;2;1.44;32;46.08;34.25;1,121.00;122.00;84.00;75.00;;10.50;29/10/2025;PAMESA;PAMESA;GRES PORCELNICO ESMALTADO;0178690040993;;POLISHED;CROWN;MARMOL;;POLIVALENTE;BASE;BASE;SATEN RECTIFICADO;VARIACION MODERADA;;NO;;;;CLASE 0;;;GRUPO BIa;GL Esmaltado;;;NO;;1600-2400 N - 35-45 N/mm2;1;017.869.0163.16061;30x30(7)Malla;CATLOGO PAMESA;;;60;120;10,5;7200;60x120;CROWN;CREAM;https://www.pamesa.com/ERP/4.0/empresas/151/045/imagenes/t00010602/0178690040993.jpg
4;869;169;16061;0048690040991;SI;PUL.COMP.;60x120 CROWN PEARL;A;SI;SI;0.0000;POL13;PAMESA;PAMESA;L/32/02;8429991189969;;8429991773199;M2;2;1.44;32;46.08;34.25;1,121.00;122.00;84.00;75.00;;10.50;29/10/2025;PAMESA;PAMESA;GRES PORCELNICO ESMALTADO;0048690040991;;POLISHED;CROWN;MARMOL;;POLIVALENTE;BASE;BASE;PULIDO;VARIACION MODERADA;;NO;;;;CLASE 0;;;GRUPO BIa;GL Esmaltado;;;NO;;1600-2400 N - 35-45 N/mm2;1;004.869.0169.16061;9x30 m2;CATLOGO PAMESA;;;60;120;10,5;7200;60x120;CROWN;PEARL;https://www.pamesa.com/ERP/4.0/empresas/151/045/imagenes/t00010602/0048690040991.jpg
17;869;169;16061;0178690040995;SI;REC.GLASS;60x120 CROWN PEARL;A;SI;SI;0.0000;POL12;PAMESA;PAMESA;L/32/02;8429991190002;;8429991773199;M2;2;1.44;32;46.08;34.25;1,121.00;122.00;84.00;75.00;;10.50;29/10/2025;PAMESA;PAMESA;GRES PORCELNICO ESMALTADO;0178690040995;;POLISHED;CROWN;MARMOL;;POLIVALENTE;BASE;BASE;SATEN RECTIFICADO;VARIACION MODERADA;;NO;;;;CLASE 0;;;GRUPO BIa;GL Esmaltado;;;NO;;1600-2400 N - 35-45 N/mm2;1;017.869.0169.16061;120X120;CATLOGO PAMESA;;;60;120;10,5;7200;60x120;CROWN;PEARL;https://www.pamesa.com/ERP/4.0/empresas/151/045/imagenes/t00010602/0178690040995.jpg
4;869;285;16061;0048690040990;SI;PUL.COMP.;60x120 CROWN TAUPE;A;SI;SI;0.0000;POL13;PAMESA;PAMESA;L/32/02;8429991189952;;8429991773199;M2;2;1.44;32;46.08;34.25;1,121.00;122.00;84.00;75.00;;10.50;29/10/2025;PAMESA;PAMESA;GRES PORCELNICO ESMALTADO;0048690040990;;POLISHED;CROWN;MARMOL;;POLIVALENTE;BASE;BASE;PULIDO;VARIACION MODERADA;;NO;;;;CLASE 0;;;GRUPO BIa;GL Esmaltado;;;NO;;1600-2400 N - 35-45 N/mm2;1;004.869.0285.16061;60X120 RF;CATLOGO PAMESA;;;60;120;10,5;7200;60x120;CROWN;TAUPE;https://www.pamesa.com/ERP/4.0/empresas/151/045/imagenes/t00010602/0048690040990.jpg
17;869;285;16061;0178690040994;SI;REC.GLASS;60x120 CROWN TAUPE;A;SI;SI;0.0000;POL12;PAMESA;PAMESA;L/32/02;8429991189990;;8429991773199;M2;2;1.44;32;46.08;34.25;1,121.00;122.00;84.00;75.00;;10.50;29/10/2025;PAMESA;PAMESA;GRES PORCELNICO ESMALTADO;0178690040994;;POLISHED;CROWN;MARMOL;;POLIVALENTE;BASE;BASE;SATEN RECTIFICADO;VARIACION MODERADA;;NO;;;;CLASE 0;;;GRUPO BIa;GL Esmaltado;;;NO;;1600-2400 N - 35-45 N/mm2;1;017.869.0285.16061;60X120 RF;CATLOGO PAMESA;;;60;120;10,5;7200;60x120;CROWN;TAUPE;https://www.pamesa.com/ERP/4.0/empresas/151/045/imagenes/t00010602/0178690040994.jpg
4;869;108;16061;0048690040988;SI;PUL.COMP.;60x120 CROWN WHITE;A;SI;SI;0.0000;POL13;PAMESA;PAMESA;L/32/02;8429991189938;;8429991773199;M2;2;1.44;32;46.08;34.25;1,121.00;122.00;84.00;75.00;;10.50;29/10/2025;PAMESA;PAMESA;GRES PORCELNICO ESMALTADO;0048690040988;;POLISHED;CROWN;MARMOL;;POLIVALENTE;BASE;BASE;PULIDO;VARIACION MODERADA;;NO;;;;CLASE 0;;;GRUPO BIa;GL Esmaltado;;;NO;;1600-2400 N - 35-45 N/mm2;1;004.869.0108.16061;30X60 (C);CATLOGO PAMESA;;;60;120;10,5;7200;60x120;CROWN;WHITE;https://www.pamesa.com/ERP/4.0/empresas/151/045/imagenes/t00010602/0048690040988.jpg
17;869;108;16061;0178690040992;SI;REC.GLASS;60x120 CROWN WHITE;A;SI;SI;0.0000;POL12;PAMESA;PAMESA;L/32/02;8429991189976;;8429991773199;M2;2;1.44;32;46.08;34.25;1,121.00;122.00;84.00;75.00;;10.50;29/10/2025;PAMESA;PAMESA;GRES PORCELNICO ESMALTADO;0178690040992;;POLISHED;CROWN;MARMOL;;POLIVALENTE;BASE;BASE;SATEN RECTIFICADO;VARIACION MODERADA;;NO;;;;CLASE 0;;;GRUPO BIa;GL Esmaltado;;;NO;;1600-2400 N - 35-45 N/mm2;1;017.869.0108.16061;60X120(n);CATLOGO PAMESA;;;60;120;10,5;7200;60x120;CROWN;WHITE;https://www.pamesa.com/ERP/4.0/empresas/151/045/imagenes/t00010602/0178690040992.jpg
17;869;163;16083;0178690041280;SI;REC.GLASS;60x120 RLV.CROWN CREAM;A;SI;SI;0.0000;;PAMESA;PAMESA;L/32/02;8429991191221;;8429991773199;M2;2;1.44;32;46.08;34.25;1,121.00;122.00;84.00;75.00;;10.50;04/11/2025;PAMESA;PAMESA;GRES PORCELNICO ESMALTADO;0178690041280;;POLISHED;CROWN;MARMOL;;POLIVALENTE;DECORADO;RLV DECORADO;SATEN RECTIFICADO;VARIACION MODERADA;;SI;;;;CLASE 0;;;GRUPO BIa;GL Esmaltado;;;NO;;1600-2400 N - 35-45 N/mm2;1;017.869.0163.16083;30x30(7)Malla;CATLOGO PAMESA;;;60;120;10,5;7200;60x120;RLV.CROWN;CREAM;https://www.pamesa.com/ERP/4.0/empresas/151/045/imagenes/t00010602/0178690041280.jpg
17;869;169;16083;0178690041282;SI;REC.GLASS;60x120 RLV.CROWN PEARL;A;SI;SI;0.0000;;PAMESA;PAMESA;L/32/02;8429991191245;;8429991773199;M2;2;1.44;32;46.08;34.25;1,121.00;122.00;84.00;75.00;;10.50;04/11/2025;PAMESA;PAMESA;GRES PORCELNICO ESMALTADO;0178690041282;;POLISHED;CROWN;MARMOL;;POLIVALENTE;DECORADO;RLV DECORADO;SATEN RECTIFICADO;VARIACION MODERADA;;SI;;;;CLASE 0;;;GRUPO BIa;GL Esmaltado;;;NO;;1600-2400 N - 35-45 N/mm2;1;017.869.0169.16083;120X120;CATLOGO PAMESA;;;60;120;10,5;7200;60x120;RLV.CROWN;PEARL;https://www.pamesa.com/ERP/4.0/empresas/151/045/imagenes/t00010602/0178690041282.jpg
17;869;285;16083;0178690041281;SI;REC.GLASS;60x120 RLV.CROWN TAUPE;A;SI;SI;0.0000;;PAMESA;PAMESA;L/32/02;8429991191238;;8429991773199;M2;2;1.44;32;46.08;34.25;1,121.00;122.00;84.00;75.00;;10.50;04/11/2025;PAMESA;PAMESA;GRES PORCELNICO ESMALTADO;0178690041281;;POLISHED;CROWN;MARMOL;;POLIVALENTE;DECORADO;RLV DECORADO;SATEN RECTIFICADO;VARIACION MODERADA;;SI;;;;CLASE 0;;;GRUPO BIa;GL Esmaltado;;;NO;;1600-2400 N - 35-45 N/mm2;1;017.869.0285.16083;60X120 RF;CATLOGO PAMESA;;;60;120;10,5;7200;60x120;RLV.CROWN;TAUPE;https://www.pamesa.com/ERP/4.0/empresas/151/045/imagenes/t00010602/0178690041281.jpg
17;869;108;16083;0178690041279;SI;REC.GLASS;60x120 RLV.CROWN WHITE;A;SI;SI;0.0000;;PAMESA;PAMESA;L/32/02;8429991191214;;8429991773199;M2;2;1.44;32;46.08;34.25;1,121.00;122.00;84.00;75.00;;10.50;04/11/2025;PAMESA;PAMESA;GRES PORCELNICO ESMALTADO;0178690041279;;POLISHED;CROWN;MARMOL;;POLIVALENTE;DECORADO;RLV DECORADO;SATEN RECTIFICADO;VARIACION MODERADA;;SI;;;;CLASE 0;;;GRUPO BIa;GL Esmaltado;;;NO;;1600-2400 N - 35-45 N/mm2;1;017.869.0108.16083;60x120(N)20MM;CATLOGO PAMESA;;;60;120;10,5;7200;60x120;RLV.CROWN;WHITE;https://www.pamesa.com/ERP/4.0/empresas/151/045/imagenes/t00010602/0178690041279.jpg
4;840;163;16061;0048400040998;SI;PUL.COMP.;60x60 CROWN CREAM;A;SI;SI;0.0000;POL06;PAMESA;PAMESA;F/30/04;8429991190026;;8429991773199;M2;4;1.44;30;43.20;30.00;920.00;120.00;80.00;73.50;;;29/10/2025;PAMESA;PAMESA;GRES PORCELNICO ESMALTADO;0048400040998;;POLISHED;CROWN;MARMOL;;POLIVALENTE;BASE;BASE;PULIDO;VARIACION MODERADA;;NO;;;;CLASE 0;;;GRUPO BIa;GL Esmaltado;;;NO;;1600-2400 N - 35-45 N/mm2;1;004.840.0163.16061;120X120;CATLOGO PAMESA;;;60;60;9;3600;60x60;CROWN;CREAM;https://www.pamesa.com/ERP/4.0/empresas/151/045/imagenes/t00010602/0048400040998.jpg
17;840;163;16061;0178400041004;SI;REC.GLASS;60x60 CROWN CREAM;A;SI;SI;0.0000;POL05;PAMESA;PAMESA;F/30/04;8429991190064;;8429991773199;M2;4;1.44;30;43.20;30.00;920.00;120.00;80.00;73.50;;;29/10/2025;PAMESA;PAMESA;GRES PORCELNICO ESMALTADO;0178400041004;;POLISHED;CROWN;MARMOL;;POLIVALENTE;BASE;BASE;SATEN RECTIFICADO;VARIACION MODERADA;;NO;;;;CLASE 0;;;GRUPO BIa;GL Esmaltado;;;NO;;1600-2400 N - 35-45 N/mm2;1;017.840.0163.16061;120X120;CATLOGO PAMESA;;;60;60;9;3600;60x60;CROWN;CREAM;https://www.pamesa.com/ERP/4.0/empresas/151/045/imagenes/t00010602/0178400041004.jpg
4;840;169;16061;0048400041002;SI;PUL.COMP.;60x60 CROWN PEARL;A;SI;SI;0.0000;POL06;PAMESA;PAMESA;F/30/04;8429991190040;;8429991773199;M2;4;1.44;30;43.20;30.00;920.00;120.00;80.00;73.50;;;29/10/2025;PAMESA;PAMESA;GRES PORCELNICO ESMALTADO;0048400041002;;POLISHED;CROWN;MARMOL;;POLIVALENTE;BASE;BASE;PULIDO;VARIACION MODERADA;;NO;;;;CLASE 0;;;GRUPO BIa;GL Esmaltado;;;NO;;1600-2400 N - 35-45 N/mm2;1;004.840.0169.16061;60X120 RF;CATLOGO PAMESA;;;60;60;9;3600;60x60;CROWN;PEARL;https://www.pamesa.com/ERP/4.0/empresas/151/045/imagenes/t00010602/0048400041002.jpg
17;840;169;16061;0178400041006;SI;REC.GLASS;60x60 CROWN PEARL;A;SI;SI;0.0000;POL05;PAMESA;PAMESA;F/30/04;8429991190088;;8429991773199;M2;4;1.44;30;43.20;30.00;920.00;120.00;80.00;73.50;;;29/10/2025;PAMESA;PAMESA;GRES PORCELNICO ESMALTADO;0178400041006;;POLISHED;CROWN;MARMOL;;POLIVALENTE;BASE;BASE;SATEN RECTIFICADO;VARIACION MODERADA;;NO;;;;CLASE 0;;;GRUPO BIa;GL Esmaltado;;;NO;;1600-2400 N - 35-45 N/mm2;1;017.840.0169.16061;60X120 RF;CATLOGO PAMESA;;;60;60;9;3600;60x60;CROWN;PEARL;https://www.pamesa.com/ERP/4.0/empresas/151/045/imagenes/t00010602/0178400041006.jpg
4;840;285;16061;0048400041000;SI;PUL.COMP.;60x60 CROWN TAUPE;A;SI;SI;0.0000;POL06;PAMESA;PAMESA;F/30/04;8429991190033;;8429991773199;M2;4;1.44;30;43.20;30.00;920.00;120.00;80.00;73.50;;;29/10/2025;PAMESA;PAMESA;GRES PORCELNICO ESMALTADO;0048400041000;;POLISHED;CROWN;MARMOL;;POLIVALENTE;BASE;BASE;PULIDO;VARIACION MODERADA;;NO;;;;CLASE 0;;;GRUPO BIa;GL Esmaltado;;;NO;;1600-2400 N - 35-45 N/mm2;1;004.840.0285.16061;60X120 RF;CATLOGO PAMESA;;;60;60;9;3600;60x60;CROWN;TAUPE;https://www.pamesa.com/ERP/4.0/empresas/151/045/imagenes/t00010602/0048400041000.jpg
17;840;285;16061;0178400041005;SI;REC.GLASS;60x60 CROWN TAUPE;A;SI;SI;0.0000;POL05;PAMESA;PAMESA;F/30/04;8429991190071;;8429991773199;M2;4;1.44;30;43.20;30.00;920.00;120.00;80.00;73.50;;;29/10/2025;PAMESA;PAMESA;GRES PORCELNICO ESMALTADO;0178400041005;;POLISHED;CROWN;MARMOL;;POLIVALENTE;BASE;BASE;SATEN RECTIFICADO;VARIACION MODERADA;;NO;;;;CLASE 0;;;GRUPO BIa;GL Esmaltado;;;NO;;1600-2400 N - 35-45 N/mm2;1;017.840.0285.16061;60X120(n);CATLOGO PAMESA;;;60;60;9;3600;60x60;CROWN;TAUPE;https://www.pamesa.com/ERP/4.0/empresas/151/045/imagenes/t00010602/0178400041005.jpg
4;840;108;16061;0048400040996;SI;PUL.COMP.;60x60 CROWN WHITE;A;SI;SI;0.0000;POL06;PAMESA;PAMESA;F/30/04;8429991190019;;8429991773199;M2;4;1.44;30;43.20;30.00;920.00;120.00;80.00;73.50;;;29/10/2025;PAMESA;PAMESA;GRES PORCELNICO ESMALTADO;0048400040996;;POLISHED;CROWN;MARMOL;;POLIVALENTE;BASE;BASE;PULIDO;VARIACION MODERADA;;NO;;;;CLASE 0;;;GRUPO BIa;GL Esmaltado;;;NO;;1600-2400 N - 35-45 N/mm2;1;004.840.0108.16061;30x30(7)Malla;CATLOGO PAMESA;;;60;60;9;3600;60x60;CROWN;WHITE;https://www.pamesa.com/ERP/4.0/empresas/151/045/imagenes/t00010602/0048400040996.jpg
17;840;108;16061;0178400041003;SI;REC.GLASS;60x60 CROWN WHITE;A;SI;SI;0.0000;POL05;PAMESA;PAMESA;F/30/04;8429991190057;;8429991773199;M2;4;1.44;30;43.20;30.00;920.00;120.00;80.00;73.50;;;29/10/2025;PAMESA;PAMESA;GRES PORCELNICO ESMALTADO;0178400041003;;POLISHED;CROWN;MARMOL;;POLIVALENTE;BASE;BASE;SATEN RECTIFICADO;VARIACION MODERADA;;NO;;;;CLASE 0;;;GRUPO BIa;GL Esmaltado;;;NO;;1600-2400 N - 35-45 N/mm2;1;017.840.0108.16061;60x60;CATLOGO PAMESA;;;60;60;9;3600;60x60;CROWN;WHITE;https://www.pamesa.com/ERP/4.0/empresas/151/045/imagenes/t00010602/0178400041003.jpg
4;450;163;16061;0044500041016;SI;PUL.COMP.;30x60 (C) CROWN CREAM;A;SI;SI;0.0000;POL04;PAMESA;PAMESA;F/48/06;8429991190149;;8429991773199;M2;6;1.08;48;51.84;23.60;1,152.80;120.00;80.00;74.00;;9.50;29/10/2025;PAMESA;PAMESA;GRES PORCELNICO ESMALTADO;0044500041016;;POLISHED;CROWN;MARMOL;;POLIVALENTE;BASE;BASE;PULIDO;VARIACION MODERADA;;NO;;;;CLASE 0;;;GRUPO BIa;GL Esmaltado;;;NO;;1600-2400 N - 35-45 N/mm2;1;004.450.0163.16061;45X90C(N);CATLOGO PAMESA;;;30;60;9,5;1800;30x60;CROWN;CREAM;https://www.pamesa.com/ERP/4.0/empresas/151/045/imagenes/t00010602/0044500041016.jpg
17;450;163;16061;0174500041011;SI;REC.GLASS;30x60 (C) CROWN CREAM;A;SI;SI;0.0000;POL03;PAMESA;PAMESA;F/48/06;8429991190101;;8429991773199;M2;6;1.08;48;51.84;23.60;1,152.80;120.00;80.00;74.00;;9.50;29/10/2025;PAMESA;PAMESA;GRES PORCELNICO ESMALTADO;0174500041011;;POLISHED;CROWN;MARMOL;;POLIVALENTE;BASE;BASE;SATEN RECTIFICADO;VARIACION MODERADA;;NO;;;;CLASE 0;;;GRUPO BIa;GL Esmaltado;;;NO;;1600-2400 N - 35-45 N/mm2;1;017.450.0163.16061;90X90(N);CATLOGO PAMESA;;;30;60;9,5;1800;30x60;CROWN;CREAM;https://www.pamesa.com/ERP/4.0/empresas/151/045/imagenes/t00010602/0174500041011.jpg
4;450;169;16061;0044500041018;SI;PUL.COMP.;30x60 (C) CROWN PEARL;A;SI;SI;0.0000;POL04;PAMESA;PAMESA;F/48/06;8429991190163;;8429991773199;M2;6;1.08;48;51.84;23.60;1,152.80;120.00;80.00;74.00;;9.50;29/10/2025;PAMESA;PAMESA;GRES PORCELNICO ESMALTADO;0044500041018;;POLISHED;CROWN;MARMOL;;POLIVALENTE;BASE;BASE;PULIDO;VARIACION MODERADA;;NO;;;;CLASE 0;;;GRUPO BIa;GL Esmaltado;;;NO;;1600-2400 N - 35-45 N/mm2;1;004.450.0169.16061;30X60 (C);CATLOGO PAMESA;;;30;60;9,5;1800;30x60;CROWN;PEARL;https://www.pamesa.com/ERP/4.0/empresas/151/045/imagenes/t00010602/0044500041018.jpg
17;450;169;16061;0174500041013;SI;REC.GLASS;30x60 (C) CROWN PEARL;A;SI;SI;0.0000;POL03;PAMESA;PAMESA;F/48/06;8429991190125;;8429991773199;M2;6;1.08;48;51.84;23.60;1,152.80;120.00;80.00;74.00;;9.50;29/10/2025;PAMESA;PAMESA;GRES PORCELNICO ESMALTADO;0174500041013;;POLISHED;CROWN;MARMOL;;POLIVALENTE;BASE;BASE;SATEN RECTIFICADO;VARIACION MODERADA;;NO;;;;CLASE 0;;;GRUPO BIa;GL Esmaltado;;;NO;;1600-2400 N - 35-45 N/mm2;1;017.450.0169.16061;60X120(n);CATLOGO PAMESA;;;30;60;9,5;1800;30x60;CROWN;PEARL;https://www.pamesa.com/ERP/4.0/empresas/151/045/imagenes/t00010602/0174500041013.jpg
4;450;285;16061;0044500041017;SI;PUL.COMP.;30x60 (C) CROWN TAUPE;A;SI;SI;0.0000;POL04;PAMESA;PAMESA;F/48/06;8429991190156;;8429991773199;M2;6;1.08;48;51.84;23.60;1,152.80;120.00;80.00;74.00;;9.50;29/10/2025;PAMESA;PAMESA;GRES PORCELNICO ESMALTADO;0044500041017;;POLISHED;CROWN;MARMOL;;POLIVALENTE;BASE;BASE;PULIDO;VARIACION MODERADA;;NO;;;;CLASE 0;;;GRUPO BIa;GL Esmaltado;;;NO;;1600-2400 N - 35-45 N/mm2;1;004.450.0285.16061;30X30 (5)MALLA;CATLOGO PAMESA;;;30;60;9,5;1800;30x60;CROWN;TAUPE;https://www.pamesa.com/ERP/4.0/empresas/151/045/imagenes/t00010602/0044500041017.jpg
17;450;285;16061;0174500041012;SI;REC.GLASS;30x60 (C) CROWN TAUPE;A;SI;SI;0.0000;POL03;PAMESA;PAMESA;F/48/06;8429991190118;;8429991773199;M2;6;1.08;48;51.84;23.60;1,152.80;120.00;80.00;74.00;;9.50;29/10/2025;PAMESA;PAMESA;GRES PORCELNICO ESMALTADO;0174500041012;;POLISHED;CROWN;MARMOL;;POLIVALENTE;BASE;BASE;SATEN RECTIFICADO;VARIACION MODERADA;;NO;;;;CLASE 0;;;GRUPO BIa;GL Esmaltado;;;NO;;1600-2400 N - 35-45 N/mm2;1;017.450.0285.16061;60X120 RF;CATLOGO PAMESA;;;30;60;9,5;1800;30x60;CROWN;TAUPE;https://www.pamesa.com/ERP/4.0/empresas/151/045/imagenes/t00010602/0174500041012.jpg
4;450;108;16061;0044500041015;SI;PUL.COMP.;30x60 (C) CROWN WHITE;A;SI;SI;0.0000;POL04;PAMESA;PAMESA;F/48/06;8429991190132;;8429991773199;M2;6;1.08;48;51.84;23.60;1,152.80;120.00;80.00;74.00;;9.50;29/10/2025;PAMESA;PAMESA;GRES PORCELNICO ESMALTADO;0044500041015;;POLISHED;CROWN;MARMOL;;POLIVALENTE;BASE;BASE;PULIDO;VARIACION MODERADA;;NO;;;;CLASE 0;;;GRUPO BIa;GL Esmaltado;;;NO;;1600-2400 N - 35-45 N/mm2;1;004.450.0108.16061;75x150;CATLOGO PAMESA;;;30;60;9,5;1800;30x60;CROWN;WHITE;https://www.pamesa.com/ERP/4.0/empresas/151/045/imagenes/t00010602/0044500041015.jpg
17;450;108;16061;0174500041010;SI;REC.GLASS;30x60 (C) CROWN WHITE;A;SI;SI;0.0000;POL03;PAMESA;PAMESA;F/48/06;8429991190095;;8429991773199;M2;6;1.08;48;51.84;23.60;1,152.80;120.00;80.00;74.00;;9.50;29/10/2025;PAMESA;PAMESA;GRES PORCELNICO ESMALTADO;0174500041010;;POLISHED;CROWN;MARMOL;;POLIVALENTE;BASE;BASE;SATEN RECTIFICADO;VARIACION MODERADA;;NO;;;;CLASE 0;;;GRUPO BIa;GL Esmaltado;;;NO;;1600-2400 N - 35-45 N/mm2;1;017.450.0108.16061;90X90(N);CATLOGO PAMESA;;;30;60;9,5;1800;30x60;CROWN;WHITE;https://www.pamesa.com/ERP/4.0/empresas/151/045/imagenes/t00010602/0174500041010.jpg
52;961;1;11484;0529610014208;SI;SLIM MATE RECTIF.;120x280(6mm) CRYSTAL WHITE 1.;A;SI;SI;62.5000;XXL04;PAMESA;PAMESA;05/20/01;8429991824327;;8429991773199;M2;1;3.36;20;67.20;52.00;1,140.00;290.00;140.00;36.00;;;19/05/2023;PAMESA;XXL;GRES PORCELNICO ESMALTADO;0529610014208;;POLISHED;CRYSTAL WHITE;MARMOL;;POLIVALENTE;;BASE;SATEN RECTIFICADO;VARIACION MODERADA;NO;NO;;;;CLASE 0;;;GRUPO BIa;GL Esmaltado;;;NO;;>700 N - 35-45 N/mm2;1;052.961.0001.11484;30x180;CATLOGO PAMESA;;;120;280;6;33600;120x280;CRYSTAL WHITE;1.;https://www.pamesa.com/ERP/4.0/empresas/151/045/imagenes/t00010602/0529610014208.jpg
54;961;1;11484;0549610014208;SI;SLIM PULIDO RECTIF.;120x280(6mm) CRYSTAL WHITE 1.;A;SI;SI;86.5000;XXL02;PAMESA;PAMESA;05/20/01;8429991824310;;8429991773199;M2;1;3.36;20;67.20;52.00;1,140.00;290.00;140.00;36.00;;;19/05/2023;PAMESA;XXL;GRES PORCELNICO ESMALTADO PULIDO RECTF.;0549610014208;;POLISHED;CRYSTAL WHITE;MARMOL;;POLIVALENTE;;BASE;;;;NO;;;;CLASE 0;;;GRUPO BIa;GL Esmaltado;;;NO;;>700 N - 35-45 N/mm2;1;054.961.0001.11484;25X150;CATLOGO PAMESA;;;120;280;6;33600;120x280;CRYSTAL WHITE;1.;https://www.pamesa.com/ERP/4.0/empresas/151/045/imagenes/t00010602/0549610014208.jpg
54;154;1;11484;0541540014208;SI;SLIM PULIDO RECTIF.;160X160(8MM) CRYSTAL WHITE 1.;A;SI;SI;70.0000;XXL01;PAMESA;PAMESA;O/20/01;8429991877149;;8429991773199;M2;1;2.56;20;51.20;48.62;1,062.40;176.00;176.00;34.00;;7.80;16/01/2024;PAMESA;PAMESA;GRES PORCELNICO ESMALTADO PULIDO RECTF.;0541540014208;;POLISHED;CRYSTAL WHITE;MARMOL;;POLIVALENTE;BASE;BASE;PULIDO;VARIACION MODERADA;;NO;NO;;;CLASE 0;;;GRUPO BIa;GL Esmaltado;;;NO;;1600-2400 N - 35-45 N/mm2;1;054.154.0001.11484;30x180;CATLOGO PAMESA;;;160;160;8;25600;160x160;CRYSTAL WHITE;1.;https://www.pamesa.com/ERP/4.0/empresas/151/045/imagenes/t00010602/0541540014208.jpg
4;120;1;11484;0041200014208;SI;PUL.COMP.;120x120 CRYSTAL WHITE 1.;A;SI;SI;49.0000;POL19;PAMESA;PAMESA;23/36/01;8429991739812;;8429991773199;M2;1;1.44;36;51.84;34.36;1,276.96;126.00;126.00;71.00;;;09/06/2022;PAMESA;PAMESA;GRES PORCELNICO ESMALTADO PULIDO RECTF.;0041200014208;;POLISHED;CRYSTAL WHITE;MARMOL;;POLIVALENTE;BASE;BASE;PULIDO;VARIACION MODERADA;;NO;NO;;PEI IV;CLASE 0;;;GRUPO BIa;GL Esmaltado;36 Low;24 High;NO;;>1300 N - 35-45 N/mm2;1;004.120.0001.11484;90X90(N);CATLOGO PAMESA;;;120;120;10,2;14400;120x120;CRYSTAL WHITE;1.;https://www.pamesa.com/ERP/4.0/empresas/151/045/imagenes/t00010602/0041200014208.jpg
17;120;1;11484;0171200014208;SI;REC.GLASS;120x120 CRYSTAL WHITE 1.;A;SI;SI;42.2500;POL18;PAMESA;PAMESA;23/36/01;8429991739829;;8429991773199;M2;1;1.44;36;51.84;34.36;1,276.96;126.00;126.00;71.00;;;09/06/2022;PAMESA;PAMESA;GRES PORCELNICO ESMALTADO;0171200014208;;POLISHED;CRYSTAL WHITE;MARMOL;;POLIVALENTE;BASE;BASE;SATEN RECTIFICADO;VARIACION MODERADA;NO;NO;NO;;PEI IV;CLASE 0;;;GRUPO BIa;GL Esmaltado;;;NO;;1600-2400 N - 35-45 N/mm2;1;017.120.0001.11484;33,3x55;CATLOGO PAMESA;;;120;120;10,2;14400;120x120;CRYSTAL WHITE;1.;https://www.pamesa.com/ERP/4.0/empresas/151/045/imagenes/t00010602/0171200014208.jpg
4;869;1;11484;0048690014208;SI;PUL.COMP.;60x120 CRYSTAL WHITE 1.;A;SI;SI;35.5000;POL13;PAMESA;PAMESA;L/32/02;8429991726638;;8429991773199;M2;2;1.44;32;46.08;34.25;1,121.00;122.00;84.00;75.00;;10.50;28/04/2022;PAMESA;PAMESA;GRES PORCELNICO ESMALTADO PULIDO RECTF.;0048690014208;;POLISHED;CRYSTAL WHITE;MARMOL;;POLIVALENTE;BASE;BASE;PULIDO;VARIACION MODERADA;;NO;NO;;PEI IV;CLASE 0;;;GRUPO BIa;GL Esmaltado;36 Low;24 High;NO;;>1300 N - 35-45 N/mm2;1;004.869.0001.11484;60X120 RF;CATLOGO PAMESA;;;60;120;10,5;7200;60x120;CRYSTAL WHITE;1.;https://www.pamesa.com/ERP/4.0/empresas/151/045/imagenes/t00010602/0048690014208.jpg
17;869;1;11484;0178690014208;SI;REC.GLASS;60x120 CRYSTAL WHITE 1.;A;SI;SI;32.2500;POL12;PAMESA;PAMESA;L/32/02;8429991726607;;8429991773199;M2;2;1.44;32;46.08;34.25;1,121.00;122.00;84.00;75.00;;10.50;28/04/2022;PAMESA;PAMESA;GRES PORCELNICO ESMALTADO;0178690014208;;POLISHED;CRYSTAL WHITE;MARMOL;;POLIVALENTE;BASE;BASE;SATEN RECTIFICADO;VARIACION MODERADA;NO;NO;NO;;PEI IV;CLASE 0;;;GRUPO BIa;GL Esmaltado;;;NO;;1600-2400 N - 35-45 N/mm2;1;017.869.0001.11484;60x60;CATLOGO PAMESA;;;60;120;10,5;7200;60x120;CRYSTAL WHITE;1.;https://www.pamesa.com/ERP/4.0/empresas/151/045/imagenes/t00010602/0178690014208.jpg
4;840;1;11484;0048400014208;SI;PUL.COMP.;60x60 CRYSTAL WHITE 1.;A;SI;SI;26.7500;POL06;PAMESA;PAMESA;F/30/04;8429991908560;;8429991773199;M2;4;1.44;30;43.20;30.00;920.00;120.00;80.00;73.50;;;26/03/2024;PAMESA;PAMESA;GRES PORCELNICO ESMALTADO PULIDO RECTF.;0048400014208;;POLISHED;CRYSTAL WHITE;MARMOL;;POLIVALENTE;BASE;BASE;PULIDO;VARIACION MODERADA;;NO;NO;;;CLASE 0;;;GRUPO BIa;GL Esmaltado;;;NO;;1600-2400 N - 35-45 N/mm2;1;004.840.0001.11484;90x180;CATLOGO PAMESA;;;60;60;9;3600;60x60;CRYSTAL WHITE;1.;https://www.pamesa.com/ERP/4.0/empresas/151/045/imagenes/t00010602/0048400014208.jpg
17;840;1;11484;0178400014208;SI;REC.GLASS;60x60 CRYSTAL WHITE 1.;A;SI;SI;22.5000;POL05;PAMESA;PAMESA;F/30/04;8429991908584;;8429991773199;M2;4;1.44;30;43.20;30.00;920.00;120.00;80.00;73.50;;;26/03/2024;PAMESA;PAMESA;GRES PORCELNICO ESMALTADO;0178400014208;;POLISHED;CRYSTAL WHITE;MARMOL;;POLIVALENTE;BASE;BASE;SATEN RECTIFICADO;VARIACION MODERADA;NO;NO;NO;;;;;;GRUPO BIa;GL Esmaltado;;;NO;;1600-2400 N - 35-45 N/mm2;1;017.840.0001.11484;60X120 RF;CATLOGO PAMESA;;;60;60;9;3600;60x60;CRYSTAL WHITE;1.;https://www.pamesa.com/ERP/4.0/empresas/151/045/imagenes/t00010602/0178400014208.jpg
4;450;1;11484;0044500014208;SI;PUL.COMP.;30x60 (C) CRYSTAL WHITE 1.;A;SI;SI;26.7500;POL04;PAMESA;PAMESA;F/48/06;8429991908577;;8429991773199;M2;6;1.08;48;51.84;23.60;1,152.80;120.00;80.00;74.00;;9.50;26/03/2024;PAMESA;PAMESA;GRES PORCELNICO ESMALTADO PULIDO RECTF.;0044500014208;;POLISHED;CRYSTAL WHITE;MARMOL;;POLIVALENTE;BASE;BASE;PULIDO;VARIACION MODERADA;;NO;NO;;;CLASE 0;;;GRUPO BIa;GL Esmaltado;;;NO;;1600-2400 N - 35-45 N/mm2;1;004.450.0001.11484;30X30 (5)MALLA;CATLOGO PAMESA;;;30;60;9,5;1800;30x60;CRYSTAL WHITE;1.;https://www.pamesa.com/ERP/4.0/empresas/151/045/imagenes/t00010602/0044500014208.jpg
17;450;1;11484;0174500014208;SI;REC.GLASS;30x60 (C) CRYSTAL WHITE 1.;A;SI;SI;22.5000;POL03;PAMESA;PAMESA;F/48/06 9MM;8429991908591;;8429991773199;M2;6;1.08;48;51.84;22.63;1,106.24;120.00;80.00;74.00;;9.00;26/03/2024;PAMESA;PAMESA;GRES PORCELNICO ESMALTADO;0174500014208;;POLISHED;CRYSTAL WHITE;MARMOL;;POLIVALENTE;BASE;BASE;SATEN RECTIFICADO;VARIACION MODERADA;NO;NO;NO;;;;;;GRUPO BIa;GL Esmaltado;;;NO;;1600-2400 N - 35-45 N/mm2;1;017.450.0001.11484;60X120 RF;CATLOGO PAMESA;;;30;60;9,5;1800;30x60;CRYSTAL WHITE;1.;https://www.pamesa.com/ERP/4.0/empresas/151/045/imagenes/t00010602/0174500014208.jpg
25;590;1;11484;0255900014208;SI;PZ.ESP COM-GLAS;30x30(7)Malla CRYSTAL WHITE 1.;A;SI;SI;57.7500;MOS7;PAMESA;PAMESA;E/42/11;8429991746940;;;M2;11;1.00;42;42.00;23.10;990.20;120.00;80.00;;;;09/11/2022;PAMESA;PAMESA;GRES PORCELNICO ESMALTADO;0255900014208;;POLISHED;CRYSTAL WHITE;MARMOL;;POLIVALENTE;;;SATEN RECTIFICADO;VARIACION MODERADA;NO;NO;NO;;;CLASE 0;;;GRUPO BIa;GL Esmaltado;;;NO;;;1;025.590.0001.11484;30,3X61,3;CATLOGO PAMESA;;;30;30;0;900;30x30;CRYSTAL WHITE;1.;https://www.pamesa.com/ERP/4.0/empresas/151/045/imagenes/t00010602/0255900014208.jpg
38;590;1;11484;0385900014208;SI;PZ.E.CGLASS PUL;30x30(7)Malla CRYSTAL WHITE 1.;A;SI;SI;57.7500;MOS7;PAMESA;PAMESA;E/42/11;8429991746933;;;M2;11;1.00;42;42.00;23.10;990.20;120.00;80.00;;;;01/07/2022;PAMESA;PAMESA;GRES PORCELNICO ESMALTADO PULIDO RECTF.;0385900014208;;POLISHED;CRYSTAL WHITE;MARMOL;;POLIVALENTE;;;PULIDO;VARIACION MODERADA;NO;NO;NO;;;CLASE 0;;;GRUPO BIa;GL Esmaltado;;;NO;;;1;038.590.0001.11484;40X120;CATLOGO PAMESA;;;30;30;0;900;30x30;CRYSTAL WHITE;1.;https://www.pamesa.com/ERP/4.0/empresas/151/045/imagenes/t00010602/0385900014208.jpg
4;120;33;13906;0041200021464;SI;PUL.COMP.;120x120 DANELLO MARFIL;A;SI;SI;49.0000;POL19;PAMESA;PAMESA;23/36/01;8429991859121;;8429991773199;M2;1;1.44;36;51.84;34.36;1,276.96;126.00;126.00;71.00;;;19/10/2023;PAMESA;PAMESA;GRES PORCELNICO ESMALTADO PULIDO RECTF.;0041200021464;;POLISHED;DANELLO;MARMOL;;POLIVALENTE;BASE;BASE;PULIDO;VARIACION MODERADA;NO;NO;NO;;;CLASE 0;;;GRUPO BIa;GL Esmaltado;;;NO;;1600-2400 N - 35-45 N/mm2;1;004.120.0033.13906;120X280(6MM);CATLOGO PAMESA;;;120;120;10,2;14400;120x120;DANELLO;MARFIL;https://www.pamesa.com/ERP/4.0/empresas/151/045/imagenes/t00010602/0041200021464.jpg
4;869;33;13906;0048690021464;SI;PUL.COMP.;60x120 DANELLO MARFIL;A;SI;SI;35.5000;POL13;PAMESA;PAMESA;L/32/02;8429991859114;;8429991773199;M2;2;1.44;32;46.08;34.25;1,121.00;122.00;84.00;75.00;;10.50;19/10/2023;PAMESA;PAMESA;GRES PORCELNICO ESMALTADO PULIDO RECTF.;0048690021464;;POLISHED;DANELLO;MARMOL;;POLIVALENTE;BASE;BASE;PULIDO;VARIACION MODERADA;NO;NO;NO;;;CLASE 0;;;GRUPO BIa;GL Esmaltado;;;NO;;1600-2400 N - 35-45 N/mm2;1;004.869.0033.13906;120X120;CATLOGO PAMESA;;;60;120;10,5;7200;60x120;DANELLO;MARFIL;https://www.pamesa.com/ERP/4.0/empresas/151/045/imagenes/t00010602/0048690021464.jpg
38;590;33;13906;0385900021464;SI;PZ.E.CGLASS PUL;30x30(7)Malla DANELLO MARFIL;A;SI;SI;57.7500;MOS7;PAMESA;PAMESA;E/42/11;8429991872670;;;M2;11;1.00;42;42.00;23.10;990.20;120.00;80.00;;;;20/12/2023;PAMESA;PAMESA;GRES PORCELNICO ESMALTADO PULIDO RECTF.;0385900021464;;POLISHED;DANELLO;MARMOL;;POLIVALENTE;MALLA;MOSAICO;PULIDO;VARIACION MODERADA;NO;NO;NO;;;;;;GRUPO BIa;GL Esmaltado;;;NO;;;1;038.590.0033.13906;30X90PBCA;CATLOGO PAMESA;;;30;30;0;900;30x30;DANELLO;MARFIL;https://www.pamesa.com/ERP/4.0/empresas/151/045/imagenes/t00010602/0385900021464.jpg
54;961;102;4037;0549611024037;SI;SLIM PULIDO RECTIF.;120x280(6mm) CR.DESERT NATURAL;A;SI;SI;0.0000;XXL02;PAMESA;PAMESA;05/20/01;8429991794552;;8429991773199;M2;1;3.36;20;67.20;52.00;1,140.00;290.00;140.00;36.00;;;11/01/2023;PAMESA;XXL;GRES PORCELNICO ESMALTADO PULIDO RECTF.;0549611024037;;POLISHED;DESERT;MARMOL;;POLIVALENTE;;BASE;CR LUX;VARIACION LEVE;;NO;;;PEI IV;CLASE 0;;;GRUPO BIa;GL Esmaltado;;;NO;;>700 N - 35-45 N/mm2;1;054.961.0102.04037;20x120 (n);CATLOGO PAMESA;;;120;280;6;33600;120x280;CR.DESERT;NATURAL;https://www.pamesa.com/ERP/4.0/empresas/151/045/imagenes/t00010602/0549611024037.jpg
4;120;102;4037;0041201024037;SI;PUL.COMP.;120x120 CR.DESERT NATURAL;A;SI;SI;49.0000;POL19;PAMESA;PAMESA;23/36/01;8429991474591;;8429991773199;M2;1;1.44;36;51.84;34.36;1,276.96;126.00;126.00;71.00;;;08/11/2019;PAMESA;SERIE CROMAT;GRES PORCELNICO ESMALTADO PULIDO RECTF.;0041201024037;;POLISHED;DESERT;MARMOL;;POLIVALENTE;BASE;BASE;PULIDO;VARIACION MODERADA;;NO;;;PEI IV;CLASE 0;;;GRUPO BIa;GL Esmaltado;60 Low;20 High;NO;;1600-2400 N - 35-45 N/mm2;1;004.120.0102.04037;120X120;CATLOGO PAMESA;;;120;120;10,2;14400;120x120;CR.DESERT;NATURAL;https://www.pamesa.com/ERP/4.0/empresas/151/045/imagenes/t00010602/0041201024037.jpg
17;120;102;4037;0171201024037;SI;REC.GLASS;120x120 CR.DESERT NATURAL;A;SI;SI;42.2500;POL18;PAMESA;PAMESA;23/36/01;8429991768553;;8429991773199;M2;1;1.44;36;51.84;34.36;1,276.96;126.00;126.00;71.00;;;03/10/2022;PAMESA;PAMESA;GRES PORCELNICO ESMALTADO;0171201024037;;POLISHED;DESERT;MARMOL;;POLIVALENTE;BASE;BASE;SATEN RECTIFICADO;VARIACION MODERADA;NO;NO;;;PEI IV;CLASE 0;;;GRUPO BIa;GL Esmaltado;60 Low;;NO;;1600-2400 N - 35-45 N/mm2;1;017.120.0102.04037;33,3x55;CATLOGO PAMESA;;;120;120;10,2;14400;120x120;CR.DESERT;NATURAL;https://www.pamesa.com/ERP/4.0/empresas/151/045/imagenes/t00010602/0171201024037.jpg
4;869;102;4037;0048691024037;SI;PUL.COMP.;60x120 CR.DESERT NATURAL;A;SI;SI;35.5000;POL13;PAMESA;PAMESA;L/32/02;8429991474607;;8429991773199;M2;2;1.44;32;46.08;34.25;1,121.00;122.00;84.00;75.00;;10.50;08/11/2019;PAMESA;SERIE CROMAT;GRES PORCELNICO ESMALTADO PULIDO RECTF.;0048691024037;;POLISHED;DESERT;MARMOL;;POLIVALENTE;BASE;BASE;PULIDO;VARIACION MODERADA;;NO;;;PEI IV;CLASE 0;;;GRUPO BIa;GL Esmaltado;60 Low;20 High;NO;;1600-2400 N - 35-45 N/mm2;1;004.869.0102.04037;60X60;CATLOGO PAMESA;;;60;120;10,5;7200;60x120;CR.DESERT;NATURAL;https://www.pamesa.com/ERP/4.0/empresas/151/045/imagenes/t00010602/0048691024037.jpg
17;869;102;4037;0178691024037;SI;REC.GLASS;60x120 CR.DESERT NATURAL;A;SI;SI;32.2500;POL12;PAMESA;PAMESA;L/32/02;8429991648299;;8429991773199;M2;2;1.44;32;46.08;34.25;1,121.00;122.00;84.00;75.00;;10.50;24/06/2021;PAMESA;PAMESA;GRES PORCELNICO ESMALTADO;0178691024037;;POLISHED;DESERT;MARMOL;;POLIVALENTE;BASE;BASE;SATEN RECTIFICADO;VARIACION MODERADA;NO;NO;;;PEI IV;CLASE 0;;;GRUPO BIa;GL Esmaltado;;;NO;;1600-2400 N - 35-45 N/mm2;1;017.869.0102.04037;100x100(N)20MM;CATLOGO PAMESA;;;60;120;10,5;7200;60x120;CR.DESERT;NATURAL;https://www.pamesa.com/ERP/4.0/empresas/151/045/imagenes/t00010602/0178691024037.jpg
4;840;102;4037;0048401024037;SI;PUL.COMP.;60x60 CR.DESERT NATURAL;A;SI;SI;26.7500;POL06;PAMESA;PAMESA;F/30/04;8429991474621;;8429991773199;M2;4;1.44;30;43.20;30.00;920.00;120.00;80.00;73.50;;;08/11/2019;PAMESA;SERIE CROMAT;GRES PORCELNICO ESMALTADO PULIDO RECTF.;0048401024037;;POLISHED;DESERT;MARMOL;;POLIVALENTE;BASE;BASE;PULIDO;VARIACION MODERADA;;NO;;;PEI IV;CLASE 0;;;GRUPO BIa;GL Esmaltado;60 Low;20 High;NO;;1600-2400 N - 35-45 N/mm2;1;004.840.0102.04037;60X60;CATLOGO PAMESA;;;60;60;9;3600;60x60;CR.DESERT;NATURAL;https://www.pamesa.com/ERP/4.0/empresas/151/045/imagenes/t00010602/0048401024037.jpg
17;840;102;4037;0178401024037;SI;REC.GLASS;60x60 CR.DESERT NATURAL;A;SI;SI;22.5000;POL05;PAMESA;PAMESA;F/30/04;8429991770198;;8429991773199;M2;4;1.44;30;43.20;30.00;920.00;120.00;80.00;73.50;;;06/10/2022;PAMESA;PAMESA;GRES PORCELNICO ESMALTADO;0178401024037;;POLISHED;DESERT;MARMOL;;POLIVALENTE;BASE;BASE;SATEN RECTIFICADO;VARIACION MODERADA;NO;NO;;;PEI IV;CLASE 0;;;GRUPO BIa;GL Esmaltado;;;NO;;1600-2400 N - 35-45 N/mm2;1;017.840.0102.04037;60X120(n);CATLOGO PAMESA;;;60;60;9;3600;60x60;CR.DESERT;NATURAL;https://www.pamesa.com/ERP/4.0/empresas/151/045/imagenes/t00010602/0178401024037.jpg
38;281;102;4037;0382811024037;SI;PZ.E.CGLASS PUL;30x30 (5)Malla CR.DESERT NATURAL;A;SI;SI;70.2500;MOS5;PAMESA;PAMESA;E/42/11;8429991649975;;;M2;11;1.00;42;42.00;23.00;986.00;120.00;80.00;;;;05/07/2021;PAMESA;PAMESA;GRES PORCELNICO ESMALTADO PULIDO RECTF.;0382811024037;;POLISHED;DESERT;MARMOL;;POLIVALENTE;MALLA;;PULIDO;VARIACION MODERADA;NO;SIN INFORMAR;;;;CLASE 0;;;GRUPO BIa;GL Esmaltado;;;;;;1;038.281.0102.04037;30X90PBCA;CATLOGO PAMESA;;;30;30;0;900;30x30;CR.DESERT;NATURAL;https://www.pamesa.com/ERP/4.0/empresas/151/045/imagenes/t00010602/0382811024037.jpg
38;590;102;4037;0385901024037;SI;PZ.E.CGLASS PUL;30x30(7)Malla CR.DESERT NATURAL;A;SI;SI;57.7500;MOS7;PAMESA;PAMESA;E/42/11;8429991550523;;;M2;11;1.00;42;42.00;23.10;990.20;120.00;80.00;;;;24/02/2020;PAMESA;PAMESA;GRES PORCELNICO ESMALTADO PULIDO RECTF.;0385901024037;;POLISHED;DESERT;MARMOL;;POLIVALENTE;MALLA;;PULIDO;VARIACION MODERADA;NO;SIN INFORMAR;;;;CLASE 0;;;GRUPO BIa;GL Esmaltado;;;NO;;1600-2400 N - 35-45 N/mm2;1;038.590.0102.04037;30X90PBCA;CATLOGO PAMESA;;;30;30;0;900;30x30;CR.DESERT;NATURAL;https://www.pamesa.com/ERP/4.0/empresas/151/045/imagenes/t00010602/0385901024037.jpg
4;120;150;11380;0041200013911;SI;PUL.COMP.;120x120 DOLOMITE BIANCO;A;SI;SI;49.0000;POL19;PAMESA;PAMESA;23/36/01;8429991717674;;8429991773199;M2;1;1.44;36;51.84;34.36;1,276.96;126.00;126.00;71.00;;;07/03/2022;PAMESA;PAMESA;GRES PORCELNICO ESMALTADO PULIDO RECTF.;0041200013911;;POLISHED;DOLOMITE;MARMOL;;POLIVALENTE;BASE;BASE;PULIDO;VARIACION LEVE;;NO;;;PEI IV;CLASE 0;;;GRUPO BIa;GL Esmaltado;60 Low;20 High;NO;;1600-2400 N - 35-45 N/mm2;1;004.120.0150.11380;60X60;CATLOGO PAMESA;;;120;120;10,2;14400;120x120;DOLOMITE;BIANCO;https://www.pamesa.com/ERP/4.0/empresas/151/045/imagenes/t00010602/0041200013911.jpg
4;120;96;11380;0041200013912;SI;PUL.COMP.;120x120 DOLOMITE CREMA;A;SI;SI;49.0000;POL19;PAMESA;PAMESA;23/36/01;8429991717681;;8429991773199;M2;1;1.44;36;51.84;34.36;1,276.96;126.00;126.00;71.00;;;07/03/2022;PAMESA;PAMESA;GRES PORCELNICO ESMALTADO PULIDO RECTF.;0041200013912;;POLISHED;DOLOMITE;MARMOL;;POLIVALENTE;BASE;BASE;PULIDO;VARIACION LEVE;;NO;;;PEI IV;CLASE 0;;;GRUPO BIa;GL Esmaltado;60 Low;20 High;NO;;1600-2400 N - 35-45 N/mm2;1;004.120.0096.11380;120X120;CATLOGO PAMESA;;;120;120;10,2;14400;120x120;DOLOMITE;CREMA;https://www.pamesa.com/ERP/4.0/empresas/151/045/imagenes/t00010602/0041200013912.jpg
4;869;150;11380;0048690013911;SI;PUL.COMP.;60x120 DOLOMITE BIANCO;A;SI;SI;35.5000;POL13;PAMESA;PAMESA;L/32/02;8429991717704;;8429991773199;M2;2;1.44;32;46.08;34.25;1,121.00;122.00;84.00;75.00;;10.50;07/03/2022;PAMESA;PAMESA;GRES PORCELNICO ESMALTADO PULIDO RECTF.;0048690013911;;POLISHED;DOLOMITE;MARMOL;;POLIVALENTE;BASE;BASE;PULIDO;VARIACION LEVE;;NO;;;PEI IV;CLASE 0;;;GRUPO BIa;GL Esmaltado;60 Low;20 High;NO;;1600-2400 N - 35-45 N/mm2;1;004.869.0150.11380;120X120;CATLOGO PAMESA;;;60;120;10,5;7200;60x120;DOLOMITE;BIANCO;https://www.pamesa.com/ERP/4.0/empresas/151/045/imagenes/t00010602/0048690013911.jpg
4;869;96;11380;0048690013912;SI;PUL.COMP.;60x120 DOLOMITE CREMA;A;SI;SI;35.5000;POL13;PAMESA;PAMESA;L/32/02;8429991717698;;8429991773199;M2;2;1.44;32;46.08;34.25;1,121.00;122.00;84.00;75.00;;10.50;07/03/2022;PAMESA;PAMESA;GRES PORCELNICO ESMALTADO PULIDO RECTF.;0048690013912;;POLISHED;DOLOMITE;MARMOL;;POLIVALENTE;BASE;BASE;PULIDO;VARIACION LEVE;;NO;;;PEI IV;CLASE 0;;;GRUPO BIa;GL Esmaltado;60 Low;20 High;NO;;1600-2400 N - 35-45 N/mm2;1;004.869.0096.11380;100X100;CATLOGO PAMESA;;;60;120;10,5;7200;60x120;DOLOMITE;CREMA;https://www.pamesa.com/ERP/4.0/empresas/151/045/imagenes/t00010602/0048690013912.jpg
4;840;150;11380;0048400013911;SI;PUL.COMP.;60x60 DOLOMITE BIANCO;A;SI;SI;26.7500;POL06;PAMESA;PAMESA;F/30/04;8429991769949;;8429991773199;M2;4;1.44;30;43.20;30.00;920.00;120.00;80.00;73.50;;;06/10/2022;PAMESA;PAMESA;GRES PORCELNICO ESMALTADO PULIDO RECTF.;0048400013911;;POLISHED;DOLOMITE;MARMOL;;POLIVALENTE;BASE;BASE;PULIDO;VARIACION LEVE;;NO;;30;PEI IV;CLASE 0;;;GRUPO BIa;GL Esmaltado;;;NO;;1600-2400 N - 35-45 N/mm2;1;004.840.0150.11380;30x30(7)Malla;CATLOGO PAMESA;;;60;60;9;3600;60x60;DOLOMITE;BIANCO;https://www.pamesa.com/ERP/4.0/empresas/151/045/imagenes/t00010602/0048400013911.jpg
4;840;96;11380;0048400013912;SI;PUL.COMP.;60x60 DOLOMITE CREMA;A;SI;SI;26.7500;POL06;PAMESA;PAMESA;F/30/04;8429991769956;;8429991773199;M2;4;1.44;30;43.20;30.00;920.00;120.00;80.00;73.50;;;06/10/2022;PAMESA;PAMESA;GRES PORCELNICO ESMALTADO PULIDO RECTF.;0048400013912;;POLISHED;DOLOMITE;MARMOL;;POLIVALENTE;BASE;BASE;PULIDO;VARIACION LEVE;;NO;;;PEI IV;CLASE 0;;;GRUPO BIa;GL Esmaltado;;;NO;;1600-2400 N - 35-45 N/mm2;1;004.840.0096.11380;60X60;CATLOGO PAMESA;;;60;60;9;3600;60x60;DOLOMITE;CREMA;https://www.pamesa.com/ERP/4.0/empresas/151/045/imagenes/t00010602/0048400013912.jpg
4;450;150;11380;0044500013911;SI;PUL.COMP.;30x60 (C) DOLOMITE BIANCO;A;SI;SI;26.7500;POL04;PAMESA;PAMESA;F/48/06;8429991769925;;8429991773199;M2;6;1.08;48;51.84;23.60;1,152.80;120.00;80.00;74.00;;9.50;06/10/2022;PAMESA;PAMESA;GRES PORCELNICO ESMALTADO PULIDO RECTF.;0044500013911;;POLISHED;DOLOMITE;MARMOL;;POLIVALENTE;BASE;BASE;PULIDO;VARIACION LEVE;;NO;;;PEI IV;CLASE 0;;;GRUPO BIa;GL Esmaltado;;;NO;;1600-2400 N - 35-45 N/mm2;1;004.450.0150.11380;90X90(N);CATLOGO PAMESA;;;30;60;9,5;1800;30x60;DOLOMITE;BIANCO;https://www.pamesa.com/ERP/4.0/empresas/151/045/imagenes/t00010602/0044500013911.jpg
4;450;96;11380;0044500013912;SI;PUL.COMP.;30x60 (C) DOLOMITE CREMA;A;SI;SI;26.7500;POL04;PAMESA;PAMESA;F/48/06;8429991769932;;8429991773199;M2;6;1.08;48;51.84;23.60;1,152.80;120.00;80.00;74.00;;9.50;06/10/2022;PAMESA;PAMESA;GRES PORCELNICO ESMALTADO PULIDO RECTF.;0044500013912;;POLISHED;DOLOMITE;MARMOL;;POLIVALENTE;BASE;BASE;PULIDO;VARIACION LEVE;;NO;;;PEI IV;CLASE 0;;;GRUPO BIa;GL Esmaltado;;;NO;;1600-2400 N - 35-45 N/mm2;1;004.450.0096.11380;160X160;CATLOGO PAMESA;;;30;60;9,5;1800;30x60;DOLOMITE;CREMA;https://www.pamesa.com/ERP/4.0/empresas/151/045/imagenes/t00010602/0044500013912.jpg
38;590;150;11380;0385900013911;SI;PZ.E.CGLASS PUL;30x30(7)Malla DOLOMITE BIANCO;A;SI;SI;57.7500;MOS7;PAMESA;PAMESA;E/42/11;8429991728984;;;M2;11;1.00;42;42.00;23.10;990.20;120.00;80.00;;;;09/05/2022;PAMESA;PAMESA;GRES PORCELNICO ESMALTADO PULIDO RECTF.;0385900013911;;POLISHED;DOLOMITE;MARMOL;;POLIVALENTE;;;PULIDO;VARIACION LEVE;NO;NO;;;PEI IV;CLASE 0;;;GRUPO BIa;GL Esmaltado;;;NO;;1600-2400 N - 35-45 N/mm2;1;038.590.0150.11380;33,3x100;CATLOGO PAMESA;;;30;30;0;900;30x30;DOLOMITE;BIANCO;https://www.pamesa.com/ERP/4.0/empresas/151/045/imagenes/t00010602/0385900013911.jpg
38;590;96;11380;0385900013912;SI;PZ.E.CGLASS PUL;30x30(7)Malla DOLOMITE CREMA;A;SI;SI;57.7500;MOS7;PAMESA;PAMESA;E/42/11;8429991728977;;;M2;11;1.00;42;42.00;23.10;990.20;120.00;80.00;;;;09/05/2022;PAMESA;PAMESA;GRES PORCELNICO ESMALTADO PULIDO RECTF.;0385900013912;;POLISHED;DOLOMITE;MARMOL;;POLIVALENTE;;;PULIDO;VARIACION LEVE;NO;NO;;;PEI IV;CLASE 0;;;GRUPO BIa;GL Esmaltado;;;NO;;1600-2400 N - 35-45 N/mm2;1;038.590.0096.11380;30X90PBCA;CATLOGO PAMESA;;;30;30;0;900;30x30;DOLOMITE;CREMA;https://www.pamesa.com/ERP/4.0/empresas/151/045/imagenes/t00010602/0385900013912.jpg
4;120;12;15212;0041200025351;SI;PUL.COMP.;120x120 FIRENZE BLANCO;A;SI;SI;0.0000;POL19;PAMESA;PAMESA;23/36/01;8429991100155;;8429991773199;M2;1;1.44;36;51.84;34.36;1,276.96;126.00;126.00;71.00;;;13/02/2025;PAMESA;PAMESA;GRES PORCELNICO ESMALTADO PULIDO RECTF.;0041200025351;;POLISHED;FIRENZE;MARMOL;;POLIVALENTE;BASE;BASE;PULIDO;VARIACION MODERADA;NO;NO;;;;CLASE 0;;;GRUPO BIa;GL Esmaltado;;;NO;;1600-2400 N - 35-45 N/mm2;1;004.120.0012.15212;60X120 RF;CATLOGO PAMESA;;;120;120;10,2;14400;120x120;FIRENZE;BLANCO;https://www.pamesa.com/ERP/4.0/empresas/151/045/imagenes/t00010602/0041200025351.jpg
17;120;12;15212;0171200025351;SI;REC.GLASS;120x120 FIRENZE BLANCO;A;SI;SI;0.0000;POL18;PAMESA;PAMESA;23/36/01;8429991100063;;8429991773199;M2;1;1.44;36;51.84;34.36;1,276.96;126.00;126.00;71.00;;;13/02/2025;PAMESA;PAMESA;GRES PORCELNICO ESMALTADO;0171200025351;;POLISHED;FIRENZE;MARMOL;;POLIVALENTE;BASE;BASE;SATEN RECTIFICADO;VARIACION MODERADA;NO;NO;;;;CLASE 0;;;GRUPO BIa;GL Esmaltado;;;NO;;1600-2400 N - 35-45 N/mm2;1;017.120.0012.15212;33,3x55;CATLOGO PAMESA;;;120;120;10,2;14400;120x120;FIRENZE;BLANCO;https://www.pamesa.com/ERP/4.0/empresas/151/045/imagenes/t00010602/0171200025351.jpg
4;120;96;15212;0041200025349;SI;PUL.COMP.;120x120 FIRENZE CREMA;A;SI;SI;0.0000;POL19;PAMESA;PAMESA;23/36/01;8429991100162;;8429991773199;M2;1;1.44;36;51.84;34.36;1,276.96;126.00;126.00;71.00;;;13/02/2025;PAMESA;PAMESA;GRES PORCELNICO ESMALTADO PULIDO RECTF.;0041200025349;;POLISHED;FIRENZE;MARMOL;;POLIVALENTE;BASE;BASE;PULIDO;VARIACION MODERADA;NO;NO;;;;CLASE 0;;;GRUPO BIa;GL Esmaltado;;;NO;;1600-2400 N - 35-45 N/mm2;1;004.120.0096.15212;120X120;CATLOGO PAMESA;;;120;120;10,2;14400;120x120;FIRENZE;CREMA;https://www.pamesa.com/ERP/4.0/empresas/151/045/imagenes/t00010602/0041200025349.jpg
17;120;96;15212;0171200025349;SI;REC.GLASS;120x120 FIRENZE CREMA;A;SI;SI;0.0000;POL18;PAMESA;PAMESA;23/36/01;8429991100148;;8429991773199;M2;1;1.44;36;51.84;34.36;1,276.96;126.00;126.00;71.00;;;13/02/2025;PAMESA;PAMESA;GRES PORCELNICO ESMALTADO;0171200025349;;POLISHED;FIRENZE;MARMOL;;POLIVALENTE;BASE;BASE;SATEN RECTIFICADO;VARIACION MODERADA;NO;NO;;;;CLASE 0;;;GRUPO BIa;GL Esmaltado;;;NO;;1600-2400 N - 35-45 N/mm2;1;017.120.0096.15212;33,3x55;CATLOGO PAMESA;;;120;120;10,2;14400;120x120;FIRENZE;CREMA;https://www.pamesa.com/ERP/4.0/empresas/151/045/imagenes/t00010602/0171200025349.jpg
4;90;12;15212;0040900027117;SI;PUL.COMP.;90x90(N) FIRENZE BLANCO;A;SI;SI;0.0000;POL15;PAMESA;PAMESA;19/32/02;8429991117191;;8429991773199;M2;2;1.62;32;51.84;33.00;1,081.00;97.00;97.00;86.00;;9.00;28/03/2025;PAMESA;PAMESA;GRES PORCELNICO ESMALTADO PULIDO RECTF.;0040900027117;;POLISHED;FIRENZE;MARMOL;;POLIVALENTE;BASE;BASE;PULIDO;VARIACION MODERADA;;NO;;;;CLASE 0;;;GRUPO BIa;GL Esmaltado;;;NO;;1600-2400 N - 35-45 N/mm2;1;004.090.0012.15212;30x30(7)Malla;CATLOGO PAMESA;;;90;90;9;8100;90x90;FIRENZE;BLANCO;https://www.pamesa.com/ERP/4.0/empresas/151/045/imagenes/t00010602/0040900027117.jpg
17;90;12;15212;0170900027120;SI;REC.GLASS;90x90(N) FIRENZE BLANCO;A;SI;SI;0.0000;POL14;PAMESA;PAMESA;19/32/02;8429991117214;;8429991773199;M2;2;1.62;32;51.84;33.00;1,081.00;97.00;97.00;86.00;;9.00;28/03/2025;PAMESA;PAMESA;GRES PORCELNICO ESMALTADO;0170900027120;;POLISHED;FIRENZE;MARMOL;;POLIVALENTE;BASE;BASE;SATEN RECTIFICADO;VARIACION MODERADA;;NO;;;;CLASE 0;;;GRUPO BIa;GL Esmaltado;;;NO;;1600-2400 N - 35-45 N/mm2;1;017.090.0012.15212;45X45;CATLOGO PAMESA;;;90;90;9;8100;90x90;FIRENZE;BLANCO;https://www.pamesa.com/ERP/4.0/empresas/151/045/imagenes/t00010602/0170900027120.jpg
4;90;96;15212;0040900027118;SI;PUL.COMP.;90x90(N) FIRENZE CREMA;A;SI;SI;0.0000;POL15;PAMESA;PAMESA;19/32/02;8429991117207;;8429991773199;M2;2;1.62;32;51.84;33.00;1,081.00;97.00;97.00;86.00;;9.00;28/03/2025;PAMESA;PAMESA;GRES PORCELNICO ESMALTADO PULIDO RECTF.;0040900027118;;POLISHED;FIRENZE;MARMOL;;POLIVALENTE;BASE;BASE;PULIDO;VARIACION MODERADA;;NO;;;;CLASE 0;;;GRUPO BIa;GL Esmaltado;;;NO;;1600-2400 N - 35-45 N/mm2;1;004.090.0096.15212;120X120;CATLOGO PAMESA;;;90;90;9;8100;90x90;FIRENZE;CREMA;https://www.pamesa.com/ERP/4.0/empresas/151/045/imagenes/t00010602/0040900027118.jpg
17;90;96;15212;0170900027121;SI;REC.GLASS;90x90(N) FIRENZE CREMA;A;SI;SI;0.0000;POL14;PAMESA;PAMESA;19/32/02;8429991117221;;8429991773199;M2;2;1.62;32;51.84;33.00;1,081.00;97.00;97.00;86.00;;9.00;28/03/2025;PAMESA;PAMESA;GRES PORCELNICO ESMALTADO;0170900027121;;POLISHED;FIRENZE;MARMOL;;POLIVALENTE;BASE;BASE;SATEN RECTIFICADO;VARIACION MODERADA;;NO;;;;CLASE 0;;;GRUPO BIa;GL Esmaltado;;;NO;;1600-2400 N - 35-45 N/mm2;1;017.090.0096.15212;31,6x60;CATLOGO PAMESA;;;90;90;9;8100;90x90;FIRENZE;CREMA;https://www.pamesa.com/ERP/4.0/empresas/151/045/imagenes/t00010602/0170900027121.jpg
4;869;12;15212;0048690025351;SI;PUL.COMP.;60x120 FIRENZE BLANCO;A;SI;SI;0.0000;POL13;PAMESA;PAMESA;L/32/02;8429991100193;;8429991773199;M2;2;1.44;32;46.08;34.25;1,121.00;122.00;84.00;75.00;;10.50;13/02/2025;PAMESA;PAMESA;GRES PORCELNICO ESMALTADO PULIDO RECTF.;0048690025351;;POLISHED;FIRENZE;MARMOL;;POLIVALENTE;BASE;BASE;PULIDO;VARIACION MODERADA;NO;NO;;;;CLASE 0;;;GRUPO BIa;GL Esmaltado;;;NO;;1600-2400 N - 35-45 N/mm2;1;004.869.0012.15212;30x30(7)Malla;CATLOGO PAMESA;;;60;120;10,5;7200;60x120;FIRENZE;BLANCO;https://www.pamesa.com/ERP/4.0/empresas/151/045/imagenes/t00010602/0048690025351.jpg
17;869;12;15212;0178690025351;SI;REC.GLASS;60x120 FIRENZE BLANCO;A;SI;SI;0.0000;POL12;PAMESA;PAMESA;L/32/02;8429991100179;;8429991773199;M2;2;1.44;32;46.08;34.25;1,121.00;122.00;84.00;75.00;;10.50;13/02/2025;PAMESA;PAMESA;GRES PORCELNICO ESMALTADO;0178690025351;;POLISHED;FIRENZE;MARMOL;;POLIVALENTE;BASE;BASE;SATEN RECTIFICADO;VARIACION MODERADA;NO;NO;;;;CLASE 0;;;GRUPO BIa;GL Esmaltado;;;NO;;1600-2400 N - 35-45 N/mm2;1;017.869.0012.15212;160X160;CATLOGO PAMESA;;;60;120;10,5;7200;60x120;FIRENZE;BLANCO;https://www.pamesa.com/ERP/4.0/empresas/151/045/imagenes/t00010602/0178690025351.jpg
4;869;96;15212;0048690025349;SI;PUL.COMP.;60x120 FIRENZE CREMA;A;SI;SI;0.0000;POL13;PAMESA;PAMESA;L/32/02;8429991100209;;8429991773199;M2;2;1.44;32;46.08;34.25;1,121.00;122.00;84.00;75.00;;10.50;13/02/2025;PAMESA;PAMESA;GRES PORCELNICO ESMALTADO PULIDO RECTF.;0048690025349;;POLISHED;FIRENZE;MARMOL;;POLIVALENTE;BASE;BASE;PULIDO;VARIACION MODERADA;NO;NO;;;;CLASE 0;;;GRUPO BIa;GL Esmaltado;;;NO;;1600-2400 N - 35-45 N/mm2;1;004.869.0096.15212;60X120 RF;CATLOGO PAMESA;;;60;120;10,5;7200;60x120;FIRENZE;CREMA;https://www.pamesa.com/ERP/4.0/empresas/151/045/imagenes/t00010602/0048690025349.jpg
17;869;96;15212;0178690025349;SI;REC.GLASS;60x120 FIRENZE CREMA;A;SI;SI;0.0000;POL12;PAMESA;PAMESA;L/32/02;8429991100186;;8429991773199;M2;2;1.44;32;46.08;34.25;1,121.00;122.00;84.00;75.00;;10.50;13/02/2025;PAMESA;PAMESA;GRES PORCELNICO ESMALTADO;0178690025349;;POLISHED;FIRENZE;MARMOL;;POLIVALENTE;BASE;BASE;SATEN RECTIFICADO;VARIACION MODERADA;NO;NO;;;;CLASE 0;;;GRUPO BIa;GL Esmaltado;;;NO;;1600-2400 N - 35-45 N/mm2;1;017.869.0096.15212;100X100;CATLOGO PAMESA;;;60;120;10,5;7200;60x120;FIRENZE;CREMA;https://www.pamesa.com/ERP/4.0/empresas/151/045/imagenes/t00010602/0178690025349.jpg
4;840;12;15212;0048400025351;SI;PUL.COMP.;60x60 FIRENZE BLANCO;A;SI;SI;0.0000;POL06;PAMESA;PAMESA;F/30/04;8429991100230;;8429991773199;M2;4;1.44;30;43.20;30.00;920.00;120.00;80.00;73.50;;;13/02/2025;PAMESA;PAMESA;GRES PORCELNICO ESMALTADO PULIDO RECTF.;0048400025351;;POLISHED;FIRENZE;MARMOL;;POLIVALENTE;BASE;BASE;PULIDO;VARIACION MODERADA;NO;NO;;;;CLASE 0;;;GRUPO BIa;GL Esmaltado;;;NO;;1600-2400 N - 35-45 N/mm2;1;004.840.0012.15212;60X120 RF;CATLOGO PAMESA;;;60;60;9;3600;60x60;FIRENZE;BLANCO;https://www.pamesa.com/ERP/4.0/empresas/151/045/imagenes/t00010602/0048400025351.jpg
17;840;12;15212;0178400025351;SI;REC.GLASS;60x60 FIRENZE BLANCO;A;SI;SI;0.0000;POL05;PAMESA;PAMESA;F/30/04;8429991100223;;8429991773199;M2;4;1.44;30;43.20;30.00;920.00;120.00;80.00;73.50;;;13/02/2025;PAMESA;PAMESA;GRES PORCELNICO ESMALTADO;0178400025351;;POLISHED;FIRENZE;MARMOL;;POLIVALENTE;BASE;BASE;SATEN RECTIFICADO;VARIACION MODERADA;NO;NO;;;;CLASE 0;;;GRUPO BIa;GL Esmaltado;;;NO;;1600-2400 N - 35-45 N/mm2;1;017.840.0012.15212;60x60;CATLOGO PAMESA;;;60;60;9;3600;60x60;FIRENZE;BLANCO;https://www.pamesa.com/ERP/4.0/empresas/151/045/imagenes/t00010602/0178400025351.jpg
4;840;96;15212;0048400025349;SI;PUL.COMP.;60x60 FIRENZE CREMA;A;SI;SI;0.0000;POL06;PAMESA;PAMESA;F/30/04;8429991100254;;8429991773199;M2;4;1.44;30;43.20;30.00;920.00;120.00;80.00;73.50;;;13/02/2025;PAMESA;PAMESA;GRES PORCELNICO ESMALTADO PULIDO RECTF.;0048400025349;;POLISHED;FIRENZE;MARMOL;;POLIVALENTE;BASE;BASE;PULIDO;VARIACION MODERADA;NO;NO;;;;CLASE 0;;;GRUPO BIa;GL Esmaltado;;;NO;;1600-2400 N - 35-45 N/mm2;1;004.840.0096.15212;60X60;CATLOGO PAMESA;;;60;60;9;3600;60x60;FIRENZE;CREMA;https://www.pamesa.com/ERP/4.0/empresas/151/045/imagenes/t00010602/0048400025349.jpg
17;840;96;15212;0178400025349;SI;REC.GLASS;60x60 FIRENZE CREMA;A;SI;SI;0.0000;POL05;PAMESA;PAMESA;F/30/04;8429991100216;;8429991773199;M2;4;1.44;30;43.20;30.00;920.00;120.00;80.00;73.50;;;13/02/2025;PAMESA;PAMESA;GRES PORCELNICO ESMALTADO;0178400025349;;POLISHED;FIRENZE;MARMOL;;POLIVALENTE;BASE;BASE;SATEN RECTIFICADO;VARIACION MODERADA;NO;NO;;;;CLASE 0;;;GRUPO BIa;GL Esmaltado;;;NO;;1600-2400 N - 35-45 N/mm2;1;017.840.0096.15212;60X120 RF;CATLOGO PAMESA;;;60;60;9;3600;60x60;FIRENZE;CREMA;https://www.pamesa.com/ERP/4.0/empresas/151/045/imagenes/t00010602/0178400025349.jpg
4;120;32;13571;0041200020390;SI;PUL.COMP.;120x120 GELSA ORO;A;SI;SI;49.0000;POL19;PAMESA;PAMESA;23/36/01;8429991833442;;8429991773199;M2;1;1.44;36;51.84;34.36;1,276.96;126.00;126.00;71.00;;;21/06/2023;PAMESA;PAMESA;GRES PORCELNICO ESMALTADO PULIDO RECTF.;0041200020390;;POLISHED;GELSA;MARMOL;;POLIVALENTE;BASE;BASE;PULIDO;VARIACION MODERADA;;NO;;;;CLASE 0;;;GRUPO BIa;GL Esmaltado;;;NO;;1600-2400 N - 35-45 N/mm2;1;004.120.0032.13571;30x30(7)Malla;CATLOGO PAMESA;;;120;120;10,2;14400;120x120;GELSA;ORO;https://www.pamesa.com/ERP/4.0/empresas/151/045/imagenes/t00010602/0041200020390.jpg
4;869;32;13571;0048690020390;SI;PUL.COMP.;60x120 GELSA ORO;A;SI;SI;35.5000;POL13;PAMESA;PAMESA;L/32/02;8429991833473;;8429991773199;M2;2;1.44;32;46.08;34.25;1,121.00;122.00;84.00;75.00;;10.50;21/06/2023;PAMESA;PAMESA;GRES PORCELNICO ESMALTADO PULIDO RECTF.;0048690020390;;POLISHED;GELSA;MARMOL;;POLIVALENTE;BASE;BASE;PULIDO;VARIACION MODERADA;;NO;;;;CLASE 0;;;GRUPO BIa;GL Esmaltado;;;NO;;1600-2400 N - 35-45 N/mm2;1;004.869.0032.13571;30x30(7)Malla;CATLOGO PAMESA;;;60;120;10,5;7200;60x120;GELSA;ORO;https://www.pamesa.com/ERP/4.0/empresas/151/045/imagenes/t00010602/0048690020390.jpg
17;869;32;13571;0178690020390;SI;REC.GLASS;60x120 GELSA ORO;A;SI;SI;32.2500;POL12;PAMESA;PAMESA;L/32/02;8429991833503;;8429991773199;M2;2;1.44;32;46.08;34.25;1,121.00;122.00;84.00;75.00;;10.50;21/06/2023;PAMESA;PAMESA;GRES PORCELNICO ESMALTADO;0178690020390;;POLISHED;GELSA;MARMOL;;POLIVALENTE;BASE;BASE;SATEN RECTIFICADO;VARIACION MODERADA;NO;NO;;;;CLASE 0;;;GRUPO BIa;GL Esmaltado;;;NO;;1600-2400 N - 35-45 N/mm2;1;017.869.0032.13571;120X120;CATLOGO PAMESA;;;60;120;10,5;7200;60x120;GELSA;ORO;https://www.pamesa.com/ERP/4.0/empresas/151/045/imagenes/t00010602/0178690020390.jpg
25;590;32;13571;0255900020390;SI;PZ.ESP COM-GLAS;30x30(7)Malla GELSA ORO;A;SI;SI;57.7500;MOS7;PAMESA;PAMESA;E/42/11;8429991843151;;;M2;11;1.00;42;42.00;23.10;990.20;120.00;80.00;;;;20/07/2023;PAMESA;PAMESA;GRES PORCELNICO ESMALTADO;0255900020390;;POLISHED;GELSA;MARMOL;;POLIVALENTE;MALLA;MOSAICO;SATEN RECTIFICADO;;NO;;;;;CLASE 0;;;GRUPO BIa;GL Esmaltado;;;NO;;;1;025.590.0032.13571;60X120(n);CATLOGO PAMESA;;;30;30;0;900;30x30;GELSA;ORO;https://www.pamesa.com/ERP/4.0/empresas/151/045/imagenes/t00010602/0255900020390.jpg
38;590;32;13571;0385900020390;SI;PZ.E.CGLASS PUL;30x30(7)Malla GELSA ORO;A;SI;SI;57.7500;MOS7;PAMESA;PAMESA;E/42/11;8429991843175;;;M2;11;1.00;42;42.00;23.10;990.20;120.00;80.00;;;;20/07/2023;PAMESA;PAMESA;GRES PORCELNICO ESMALTADO PULIDO RECTF.;0385900020390;;POLISHED;GELSA;MARMOL;;POLIVALENTE;MALLA;MOSAICO;PULIDO;VARIACION MODERADA;NO;SIN INFORMAR;;;;CLASE 0;;;GRUPO BIa;GL Esmaltado;;;NO;;;1;038.590.0032.13571;33,3x100;CATLOGO PAMESA;;;30;30;0;900;30x30;GELSA;ORO;https://www.pamesa.com/ERP/4.0/empresas/151/045/imagenes/t00010602/0385900020390.jpg
54;961;163;15795;0549610036108;SI;SLIM PULIDO RECTIF.;120x280(6mm) GLACIER CREAM;A;SI;SI;0.0000;XXL02;PAMESA;PAMESA;05/20/01;8429991170455;;8429991773199;M2;1;3.36;20;67.20;52.00;1,140.00;290.00;140.00;36.00;;;26/08/2025;PAMESA;PAMESA;GRES PORCELNICO ESMALTADO;0549610036108;;POLISHED;GLACIER;MARMOL;;POLIVALENTE;BASE;BASE;PULIDO;VARIACION ALTA;;NO;;;;CLASE 0;;;GRUPO BIa;GL Esmaltado;;;;;;1;054.961.0163.15795;20x120 (n);CATLOGO PAMESA;;;120;280;6;33600;120x280;GLACIER;CREAM;https://www.pamesa.com/ERP/4.0/empresas/151/045/imagenes/t00010602/0549610036108.jpg
54;961;108;15795;0549610036107;SI;SLIM PULIDO RECTIF.;120x280(6mm) GLACIER WHITE;A;SI;SI;0.0000;XXL02;PAMESA;PAMESA;05/20/01;8429991170448;;8429991773199;M2;1;3.36;20;67.20;52.00;1,140.00;290.00;140.00;36.00;;;26/08/2025;PAMESA;PAMESA;GRES PORCELNICO ESMALTADO;0549610036107;;POLISHED;GLACIER;MARMOL;;POLIVALENTE;BASE;BASE;PULIDO;VARIACION ALTA;;NO;;;;CLASE 0;;;GRUPO BIa;GL Esmaltado;;;;;;1;054.961.0108.15795;20x120 (n);CATLOGO PAMESA;;;120;280;6;33600;120x280;GLACIER;WHITE;https://www.pamesa.com/ERP/4.0/empresas/151/045/imagenes/t00010602/0549610036107.jpg
4;120;163;15795;0041200036100;SI;PUL.COMP.;120x120 GLACIER CREAM;A;SI;SI;0.0000;POL19;PAMESA;PAMESA;23/36/01;8429991170370;;8429991773199;M2;1;1.44;36;51.84;34.36;1,276.96;126.00;126.00;71.00;;;26/08/2025;PAMESA;PAMESA;GRES PORCELNICO ESMALTADO;0041200036100;;POLISHED;GLACIER;MARMOL;;POLIVALENTE;BASE;BASE;PULIDO;VARIACION ALTA;;NO;;;;CLASE 0;;;GRUPO BIa;GL Esmaltado;;;NO;;1600-2400 N - 35-45 N/mm2;1;004.120.0163.15795;120X120;CATLOGO PAMESA;;;120;120;10,2;14400;120x120;GLACIER;CREAM;https://www.pamesa.com/ERP/4.0/empresas/151/045/imagenes/t00010602/0041200036100.jpg
17;120;163;15795;0171200036098;SI;REC.GLASS;120x120 GLACIER CREAM;A;SI;SI;0.0000;POL18;PAMESA;PAMESA;23/36/01;8429991170356;;8429991773199;M2;1;1.44;36;51.84;34.36;1,276.96;126.00;126.00;71.00;;;26/08/2025;PAMESA;PAMESA;GRES PORCELNICO ESMALTADO;0171200036098;;POLISHED;GLACIER;MARMOL;;POLIVALENTE;BASE;BASE;SATEN RECTIFICADO;VARIACION ALTA;;NO;;;;CLASE 0;;;GRUPO BIa;GL Esmaltado;;;NO;;1600-2400 N - 35-45 N/mm2;1;017.120.0163.15795;33,3x55;CATLOGO PAMESA;;;120;120;10,2;14400;120x120;GLACIER;CREAM;https://www.pamesa.com/ERP/4.0/empresas/151/045/imagenes/t00010602/0171200036098.jpg
4;120;108;15795;0041200036099;SI;PUL.COMP.;120x120 GLACIER WHITE;A;SI;SI;0.0000;POL19;PAMESA;PAMESA;23/36/01;8429991170363;;8429991773199;M2;1;1.44;36;51.84;34.36;1,276.96;126.00;126.00;71.00;;;26/08/2025;PAMESA;PAMESA;GRES PORCELNICO ESMALTADO;0041200036099;;POLISHED;GLACIER;MARMOL;;POLIVALENTE;BASE;BASE;PULIDO;VARIACION ALTA;;NO;;;;CLASE 0;;;GRUPO BIa;GL Esmaltado;;;NO;;1600-2400 N - 35-45 N/mm2;1;004.120.0108.15795;60X120 RF;CATLOGO PAMESA;;;120;120;10,2;14400;120x120;GLACIER;WHITE;https://www.pamesa.com/ERP/4.0/empresas/151/045/imagenes/t00010602/0041200036099.jpg
17;120;108;15795;0171200036094;SI;REC.GLASS;120x120 GLACIER WHITE;A;SI;SI;0.0000;POL18;PAMESA;PAMESA;23/36/01;8429991170349;;8429991773199;M2;1;1.44;36;51.84;34.36;1,276.96;126.00;126.00;71.00;;;26/08/2025;PAMESA;PAMESA;GRES PORCELNICO ESMALTADO;0171200036094;;POLISHED;GLACIER;MARMOL;;POLIVALENTE;BASE;BASE;SATEN RECTIFICADO;VARIACION ALTA;;NO;;;;CLASE 0;;;GRUPO BIa;GL Esmaltado;;;NO;;1600-2400 N - 35-45 N/mm2;1;017.120.0108.15795;33,3x55;CATLOGO PAMESA;;;120;120;10,2;14400;120x120;GLACIER;WHITE;https://www.pamesa.com/ERP/4.0/empresas/151/045/imagenes/t00010602/0171200036094.jpg
4;869;163;15795;0048690036102;SI;PUL.COMP.;60x120 GLACIER CREAM;A;SI;SI;0.0000;POL13;PAMESA;PAMESA;L/32/02;8429991170394;;8429991773199;M2;2;1.44;32;46.08;34.25;1,121.00;122.00;84.00;75.00;;10.50;26/08/2025;PAMESA;PAMESA;GRES PORCELNICO ESMALTADO;0048690036102;;POLISHED;GLACIER;MARMOL;;POLIVALENTE;BASE;BASE;PULIDO;VARIACION ALTA;;NO;;;;CLASE 0;;;GRUPO BIa;GL Esmaltado;;;NO;;1600-2400 N - 35-45 N/mm2;1;004.869.0163.15795;60X60;CATLOGO PAMESA;;;60;120;10,5;7200;60x120;GLACIER;CREAM;https://www.pamesa.com/ERP/4.0/empresas/151/045/imagenes/t00010602/0048690036102.jpg
17;869;163;15795;0178690036104;SI;REC.GLASS;60x120 GLACIER CREAM;A;SI;SI;0.0000;POL12;PAMESA;PAMESA;L/32/02;8429991170417;;8429991773199;M2;2;1.44;32;46.08;34.25;1,121.00;122.00;84.00;75.00;;10.50;26/08/2025;PAMESA;PAMESA;GRES PORCELNICO ESMALTADO;0178690036104;;POLISHED;GLACIER;MARMOL;;POLIVALENTE;BASE;BASE;SATEN RECTIFICADO;VARIACION ALTA;;NO;;;;CLASE 0;;;GRUPO BIa;GL Esmaltado;;;NO;;1600-2400 N - 35-45 N/mm2;1;017.869.0163.15795;30x30(7)Malla;CATLOGO PAMESA;;;60;120;10,5;7200;60x120;GLACIER;CREAM;https://www.pamesa.com/ERP/4.0/empresas/151/045/imagenes/t00010602/0178690036104.jpg
4;869;108;15795;0048690036101;SI;PUL.COMP.;60x120 GLACIER WHITE;A;SI;SI;0.0000;POL13;PAMESA;PAMESA;L/32/02;8429991170387;;8429991773199;M2;2;1.44;32;46.08;34.25;1,121.00;122.00;84.00;75.00;;10.50;26/08/2025;PAMESA;PAMESA;GRES PORCELNICO ESMALTADO;0048690036101;;POLISHED;GLACIER;MARMOL;;POLIVALENTE;BASE;BASE;PULIDO;VARIACION ALTA;;NO;;;;CLASE 0;;;GRUPO BIa;GL Esmaltado;;;NO;;1600-2400 N - 35-45 N/mm2;1;004.869.0108.15795;60X60;CATLOGO PAMESA;;;60;120;10,5;7200;60x120;GLACIER;WHITE;https://www.pamesa.com/ERP/4.0/empresas/151/045/imagenes/t00010602/0048690036101.jpg
17;869;108;15795;0178690036103;SI;REC.GLASS;60x120 GLACIER WHITE;A;SI;SI;0.0000;POL12;PAMESA;PAMESA;L/32/02;8429991170400;;8429991773199;M2;2;1.44;32;46.08;34.25;1,121.00;122.00;84.00;75.00;;10.50;26/08/2025;PAMESA;PAMESA;GRES PORCELNICO ESMALTADO;0178690036103;;POLISHED;GLACIER;MARMOL;;POLIVALENTE;BASE;BASE;SATEN RECTIFICADO;VARIACION ALTA;;NO;;;;CLASE 0;;;GRUPO BIa;GL Esmaltado;;;NO;;1600-2400 N - 35-45 N/mm2;1;017.869.0108.15795;60X120(n);CATLOGO PAMESA;;;60;120;10,5;7200;60x120;GLACIER;WHITE;https://www.pamesa.com/ERP/4.0/empresas/151/045/imagenes/t00010602/0178690036103.jpg
4;120;12;937;0041200120937;SI;PUL.COMP.;120x120 LENCI BLANCO;A;SI;SI;49.0000;POL19;PAMESA;PAMESA;23/36/01;8429991351212;;8429991773199;M2;1;1.44;36;51.84;34.36;1,276.96;126.00;126.00;71.00;;;12/01/2018;PAMESA;SERIE 51-PAM-MARBLES;GRES PORCELNICO ESMALTADO PULIDO RECTF.;0041200120937;;POLISHED;LENCI;MARMOL;;POLIVALENTE;BASE;BASE;PULIDO;VARIACION ALTA;;NO;;;PEI IV;CLASE 0;;;GRUPO BIa;GL Esmaltado;60 Low;20 High;NO;;1600-2400 N - 35-45 N/mm2;1;004.120.0012.00937;60X60;CATLOGO PAMESA;;;120;120;10,2;14400;120x120;LENCI;BLANCO;https://www.pamesa.com/ERP/4.0/empresas/151/045/imagenes/t00010602/0041200120937.jpg
17;120;12;937;0171200120937;SI;REC.GLASS;120x120 LENCI BLANCO;A;SI;SI;42.2500;POL18;PAMESA;PAMESA;23/36/01;8429991351083;;8429991773199;M2;1;1.44;36;51.84;34.36;1,276.96;126.00;126.00;71.00;;;12/01/2018;PAMESA;SERIE 51-PAM-MARBLES;GRES PORCELNICO ESMALTADO;0171200120937;;POLISHED;LENCI;MARMOL;;POLIVALENTE;BASE;BASE;SATEN RECTIFICADO;VARIACION ALTA;NO;NO;;;PEI IV;CLASE 0;;;GRUPO BIa;GL Esmaltado;;;NO;;1600-2400 N - 35-45 N/mm2;1;017.120.0012.00937;25x70;CATLOGO PAMESA;;;120;120;10,2;14400;120x120;LENCI;BLANCO;https://www.pamesa.com/ERP/4.0/empresas/151/045/imagenes/t00010602/0171200120937.jpg
4;869;12;937;0048690120937;SI;PUL.COMP.;60x120 LENCI BLANCO;A;SI;SI;35.5000;POL13;PAMESA;PAMESA;L/32/02;8429991351250;;8429991773199;M2;2;1.44;32;46.08;34.25;1,121.00;122.00;84.00;75.00;;10.50;12/01/2018;PAMESA;SERIE 51-PAM-MARBLES;GRES PORCELNICO ESMALTADO PULIDO RECTF.;0048690120937;;POLISHED;LENCI;MARMOL;;POLIVALENTE;BASE;BASE;PULIDO;VARIACION ALTA;;NO;;;PEI IV;CLASE 0;;;GRUPO BIa;GL Esmaltado;60 Low;20 High;NO;;1600-2400 N - 35-45 N/mm2;1;004.869.0012.00937;30x30(7)Malla;CATLOGO PAMESA;;;60;120;10,5;7200;60x120;LENCI;BLANCO;https://www.pamesa.com/ERP/4.0/empresas/151/045/imagenes/t00010602/0048690120937.jpg
17;869;12;937;0178690120937;SI;REC.GLASS;60x120 LENCI BLANCO;A;SI;SI;32.2500;POL12;PAMESA;PAMESA;L/32/02;8429991351182;;8429991773199;M2;2;1.44;32;46.08;34.25;1,121.00;122.00;84.00;75.00;;10.50;12/01/2018;PAMESA;SERIE 51-PAM-MARBLES;GRES PORCELNICO ESMALTADO;0178690120937;;POLISHED;LENCI;MARMOL;;POLIVALENTE;BASE;BASE;SATEN RECTIFICADO;VARIACION ALTA;NO;NO;;;PEI IV;CLASE 0;;;GRUPO BIa;GL Esmaltado;;;NO;;1600-2400 N - 35-45 N/mm2;1;017.869.0012.00937;120X280(6MM);CATLOGO PAMESA;;;60;120;10,5;7200;60x120;LENCI;BLANCO;https://www.pamesa.com/ERP/4.0/empresas/151/045/imagenes/t00010602/0178690120937.jpg
4;840;12;937;0048400120937;SI;PUL.COMP.;60x60 LENCI BLANCO;A;SI;SI;26.7500;POL06;PAMESA;PAMESA;F/30/04;8429991351236;;8429991773199;M2;4;1.44;30;43.20;30.00;920.00;120.00;80.00;73.50;;;12/01/2018;PAMESA;SERIE 51-PAM-MARBLES;GRES PORCELNICO ESMALTADO PULIDO RECTF.;0048400120937;;POLISHED;LENCI;MARMOL;;POLIVALENTE;BASE;BASE;PULIDO;VARIACION ALTA;;NO;;;PEI IV;CLASE 0;;;GRUPO BIa;GL Esmaltado;60 Low;20 High;NO;;1600-2400 N - 35-45 N/mm2;1;004.840.0012.00937;90X90(N);CATLOGO PAMESA;;;60;60;9;3600;60x60;LENCI;BLANCO;https://www.pamesa.com/ERP/4.0/empresas/151/045/imagenes/t00010602/0048400120937.jpg
17;840;12;937;0178400120937;SI;REC.GLASS;60x60 LENCI BLANCO;A;SI;SI;22.5000;POL05;PAMESA;PAMESA;F/30/04;8429991351168;;8429991773199;M2;4;1.44;30;43.20;30.00;920.00;120.00;80.00;73.50;;;12/01/2018;PAMESA;SERIE 51-PAM-MARBLES;GRES PORCELNICO ESMALTADO;0178400120937;;POLISHED;LENCI;MARMOL;;POLIVALENTE;BASE;BASE;SATEN RECTIFICADO;VARIACION ALTA;NO;NO;;;PEI IV;CLASE 0;;;GRUPO BIa;GL Esmaltado;;;NO;;1600-2400 N - 35-45 N/mm2;1;017.840.0012.00937;100x100(N)20MM;CATLOGO PAMESA;;;60;60;9;3600;60x60;LENCI;BLANCO;https://www.pamesa.com/ERP/4.0/empresas/151/045/imagenes/t00010602/0178400120937.jpg
4;450;12;937;0044500120937;SI;PUL.COMP.;30x60 (C) LENCI BLANCO;A;SI;SI;26.7500;POL04;PAMESA;PAMESA;F/48/06;8429991351229;;8429991773199;M2;6;1.08;48;51.84;23.60;1,152.80;120.00;80.00;74.00;;9.50;12/01/2018;PAMESA;SERIE 51-PAM-MARBLES;GRES PORCELNICO ESMALTADO PULIDO RECTF.;0044500120937;;POLISHED;LENCI;MARMOL;;POLIVALENTE;BASE;BASE;PULIDO;VARIACION ALTA;;NO;;;PEI IV;CLASE 0;;;GRUPO BIa;GL Esmaltado;60 Low;20 High;NO;;1600-2400 N - 35-45 N/mm2;1;004.450.0012.00937;160X160;CATLOGO PAMESA;;;30;60;9,5;1800;30x60;LENCI;BLANCO;https://www.pamesa.com/ERP/4.0/empresas/151/045/imagenes/t00010602/0044500120937.jpg
17;450;12;937;0174500120937;SI;REC.GLASS;30x60 (C) LENCI BLANCO;A;SI;SI;22.5000;POL03;PAMESA;PAMESA;F/48/06;8429991351090;;8429991773199;M2;6;1.08;48;51.84;23.60;1,152.80;120.00;80.00;74.00;;9.50;12/01/2018;PAMESA;SERIE 51-PAM-MARBLES;GRES PORCELNICO ESMALTADO;0174500120937;;POLISHED;LENCI;MARMOL;;POLIVALENTE;BASE;BASE;SATEN RECTIFICADO;VARIACION ALTA;NO;NO;;;PEI IV;CLASE 0;;;GRUPO BIa;GL Esmaltado;;;NO;;1600-2400 N - 35-45 N/mm2;1;017.450.0012.00937;30X30 (5)MALLA;CATLOGO PAMESA;;;30;60;9,5;1800;30x60;LENCI;BLANCO;https://www.pamesa.com/ERP/4.0/empresas/151/045/imagenes/t00010602/0174500120937.jpg
25;590;12;937;0255900120937;SI;PZ.ESP COM-GLAS;30x30(7)Malla LENCI BLANCO;A;SI;SI;57.7500;MOS7;PAMESA;PAMESA;E/42/11;8429991549619;;;M2;11;1.00;42;42.00;23.10;990.20;120.00;80.00;;;;07/02/2018;PAMESA;SERIE 51-PAM-MARBLES;GRES PORCELNICO ESMALTADO;0255900120937;;POLISHED;LENCI;MARMOL;;POLIVALENTE;MALLA;;SATEN RECTIFICADO;VARIACION ALTA;NO;NO;;;;CLASE 0;;;GRUPO BIa;GL Esmaltado;;;NO;;1600-2400 N - 35-45 N/mm2;1;025.590.0012.00937;120X120;CATLOGO PAMESA;;;30;30;0;900;30x30;LENCI;BLANCO;https://www.pamesa.com/ERP/4.0/empresas/151/045/imagenes/t00010602/0255900120937.jpg
38;590;12;937;0385900120937;SI;PZ.E.CGLASS PUL;30x30(7)Malla LENCI BLANCO;A;SI;SI;57.7500;MOS7;PAMESA;PAMESA;E/42/11;8429991550219;;;M2;11;1.00;42;42.00;23.10;990.20;120.00;80.00;;;;07/02/2018;PAMESA;SERIE 51-PAM-MARBLES;GRES PORCELNICO ESMALTADO PULIDO RECTF.;0385900120937;;POLISHED;LENCI;MARMOL;;POLIVALENTE;MALLA;;PULIDO;;NO;NO;;;;CLASE 0;;;GRUPO BIa;GL Esmaltado;;;NO;;1600-2400 N - 35-45 N/mm2;1;038.590.0012.00937;30X90PBCA;CATLOGO PAMESA;;;30;30;0;900;30x30;LENCI;BLANCO;https://www.pamesa.com/ERP/4.0/empresas/151/045/imagenes/t00010602/0385900120937.jpg
4;120;1;14263;0041200022356;SI;PUL.COMP.;120x120 MONTEBIANCO 1.;A;SI;SI;49.0000;POL19;PAMESA;PAMESA;23/36/01;8429991881368;;8429991773199;M2;1;1.44;36;51.84;34.36;1,276.96;126.00;126.00;71.00;;;30/01/2024;PAMESA;PAMESA;GRES PORCELNICO ESMALTADO PULIDO RECTF.;0041200022356;;POLISHED;MONTEBIANCO;MARMOL;;POLIVALENTE;BASE;BASE;PULIDO;VARIACION LEVE;;NO;NO;;;CLASE 0;;;GRUPO BIa;GL Esmaltado;;;NO;;1600-2400 N - 35-45 N/mm2;1;004.120.0001.14263;60X120 RF;CATLOGO PAMESA;;;120;120;10,2;14400;120x120;MONTEBIANCO;1.;https://www.pamesa.com/ERP/4.0/empresas/151/045/imagenes/t00010602/0041200022356.jpg
17;120;1;14263;0171200022356;SI;REC.GLASS;120x120 MONTEBIANCO 1.;A;SI;SI;42.2500;POL18;PAMESA;PAMESA;23/36/01;8429991881375;;8429991773199;M2;1;1.44;36;51.84;34.36;1,276.96;126.00;126.00;71.00;;;30/01/2024;PAMESA;PAMESA;GRES PORCELNICO ESMALTADO;0171200022356;;POLISHED;MONTEBIANCO;MARMOL;;POLIVALENTE;BASE;BASE;SATEN RECTIFICADO;VARIACION LEVE;NO;NO;NO;;;CLASE 0;;;GRUPO BIa;GL Esmaltado;;;NO;;1600-2400 N - 35-45 N/mm2;1;017.120.0001.14263;33,3x55;CATLOGO PAMESA;;;120;120;10,2;14400;120x120;MONTEBIANCO;1.;https://www.pamesa.com/ERP/4.0/empresas/151/045/imagenes/t00010602/0171200022356.jpg
4;869;1;14263;0048690022356;SI;PUL.COMP.;60x120 MONTEBIANCO 1.;A;SI;SI;35.5000;POL13;PAMESA;PAMESA;L/32/02;8429991881382;;8429991773199;M2;2;1.44;32;46.08;34.25;1,121.00;122.00;84.00;75.00;;10.50;30/01/2024;PAMESA;PAMESA;GRES PORCELNICO ESMALTADO PULIDO RECTF.;0048690022356;;POLISHED;MONTEBIANCO;MARMOL;;POLIVALENTE;BASE;BASE;PULIDO;VARIACION LEVE;;NO;NO;;;CLASE 0;;;GRUPO BIa;GL Esmaltado;;;NO;;1600-2400 N - 35-45 N/mm2;1;004.869.0001.14263;60X60;CATLOGO PAMESA;;;60;120;10,5;7200;60x120;MONTEBIANCO;1.;https://www.pamesa.com/ERP/4.0/empresas/151/045/imagenes/t00010602/0048690022356.jpg
17;869;1;14263;0178690022356;SI;REC.GLASS;60x120 MONTEBIANCO 1.;A;SI;SI;35.5000;POL12;PAMESA;PAMESA;L/32/02;8429991881399;;8429991773199;M2;2;1.44;32;46.08;34.25;1,121.00;122.00;84.00;75.00;;10.50;30/01/2024;PAMESA;PAMESA;GRES PORCELNICO ESMALTADO;0178690022356;;POLISHED;MONTEBIANCO;MARMOL;;POLIVALENTE;BASE;BASE;SATEN RECTIFICADO;VARIACION LEVE;NO;NO;NO;;;CLASE 0;;;GRUPO BIa;GL Esmaltado;;;NO;;1600-2400 N - 35-45 N/mm2;1;017.869.0001.14263;60x60;CATLOGO PAMESA;;;60;120;10,5;7200;60x120;MONTEBIANCO;1.;https://www.pamesa.com/ERP/4.0/empresas/151/045/imagenes/t00010602/0178690022356.jpg
4;840;1;14263;0048400022356;SI;PUL.COMP.;60x60 MONTEBIANCO 1.;A;SI;SI;26.7500;POL06;PAMESA;PAMESA;F/30/04;8429991899141;;8429991773199;M2;4;1.44;30;43.20;30.00;920.00;120.00;80.00;73.50;;;11/03/2024;PAMESA;PAMESA;GRES PORCELNICO ESMALTADO PULIDO RECTF.;0048400022356;;POLISHED;MONTEBIANCO;MARMOL;;POLIVALENTE;BASE;BASE;PULIDO;VARIACION LEVE;;NO;NO;;;CLASE 0;;;GRUPO BIa;GL Esmaltado;;;NO;;1600-2400 N - 35-45 N/mm2;1;004.840.0001.14263;90X90(N);CATLOGO PAMESA;;;60;60;9;3600;60x60;MONTEBIANCO;1.;https://www.pamesa.com/ERP/4.0/empresas/151/045/imagenes/t00010602/0048400022356.jpg
17;840;1;14263;0178400022356;SI;REC.GLASS;60x60 MONTEBIANCO 1.;A;SI;SI;22.5000;POL05;PAMESA;PAMESA;F/30/04;8429991899134;;8429991773199;M2;4;1.44;30;43.20;30.00;920.00;120.00;80.00;73.50;;;11/03/2024;PAMESA;PAMESA;GRES PORCELNICO ESMALTADO;0178400022356;;POLISHED;MONTEBIANCO;MARMOL;;POLIVALENTE;BASE;BASE;SATEN RECTIFICADO;VARIACION LEVE;NO;NO;NO;;;;;;GRUPO BIa;GL Esmaltado;;;NO;;1600-2400 N - 35-45 N/mm2;1;017.840.0001.14263;60x60;CATLOGO PAMESA;;;60;60;9;3600;60x60;MONTEBIANCO;1.;https://www.pamesa.com/ERP/4.0/empresas/151/045/imagenes/t00010602/0178400022356.jpg
4;120;150;16104;0041200041483;SI;PUL.COMP.;120x120 NAMIBIA BIANCO;A;SI;SI;0.0000;POL19;PAMESA;PAMESA;23/36/01;8429991191993;;8429991773199;M2;1;1.44;36;51.84;34.36;1,276.96;126.00;126.00;71.00;;;06/11/2025;PAMESA;PAMESA;GRES PORCELNICO ESMALTADO;0041200041483;;POLISHED;NAMIBIA;MARMOL;;POLIVALENTE;BASE;BASE;PULIDO;VARIACION LEVE;;NO;;;;CLASE 0;;;GRUPO BIa;GL Esmaltado;;;NO;;1600-2400 N - 35-45 N/mm2;1;004.120.0150.16104;30X60 (C);CATLOGO PAMESA;;;120;120;10,2;14400;120x120;NAMIBIA;BIANCO;https://www.pamesa.com/ERP/4.0/empresas/151/045/imagenes/t00010602/0041200041483.jpg
17;120;150;16104;0171200041484;SI;REC.GLASS;120x120 NAMIBIA BIANCO;A;SI;SI;0.0000;POL18;PAMESA;PAMESA;23/36/01;8429991192006;;8429991773199;M2;1;1.44;36;51.84;34.36;1,276.96;126.00;126.00;71.00;;;06/11/2025;PAMESA;PAMESA;GRES PORCELNICO ESMALTADO;0171200041484;;POLISHED;NAMIBIA;MARMOL;;POLIVALENTE;BASE;BASE;SATEN RECTIFICADO;VARIACION LEVE;;NO;;;;CLASE 0;;;GRUPO BIa;GL Esmaltado;;;NO;;1600-2400 N - 35-45 N/mm2;1;017.120.0150.16104;45X45;CATLOGO PAMESA;;;120;120;10,2;14400;120x120;NAMIBIA;BIANCO;https://www.pamesa.com/ERP/4.0/empresas/151/045/imagenes/t00010602/0171200041484.jpg
4;869;150;16104;0048690041486;SI;PUL.COMP.;60x120 NAMIBIA BIANCO;A;SI;SI;0.0000;POL13;PAMESA;PAMESA;L/32/02;8429991192013;;8429991773199;M2;2;1.44;32;46.08;34.25;1,121.00;122.00;84.00;75.00;;10.50;06/11/2025;PAMESA;PAMESA;GRES PORCELNICO ESMALTADO;0048690041486;;POLISHED;NAMIBIA;MARMOL;;POLIVALENTE;BASE;BASE;PULIDO;VARIACION LEVE;;NO;;;;CLASE 0;;;GRUPO BIa;GL Esmaltado;;;NO;;1600-2400 N - 35-45 N/mm2;1;004.869.0150.16104;90X90(N);CATLOGO PAMESA;;;60;120;10,5;7200;60x120;NAMIBIA;BIANCO;https://www.pamesa.com/ERP/4.0/empresas/151/045/imagenes/t00010602/0048690041486.jpg
17;869;150;16104;0178690041487;SI;REC.GLASS;60x120 NAMIBIA BIANCO;A;SI;SI;0.0000;POL12;PAMESA;PAMESA;L/32/02;8429991192020;;8429991773199;M2;2;1.44;32;46.08;34.25;1,121.00;122.00;84.00;75.00;;10.50;06/11/2025;PAMESA;PAMESA;GRES PORCELNICO ESMALTADO;0178690041487;;POLISHED;NAMIBIA;MARMOL;;POLIVALENTE;BASE;BASE;SATEN RECTIFICADO;VARIACION LEVE;;NO;;;;CLASE 0;;;GRUPO BIa;GL Esmaltado;;;NO;;1600-2400 N - 35-45 N/mm2;1;017.869.0150.16104;60x120(N)20MM;CATLOGO PAMESA;;;60;120;10,5;7200;60x120;NAMIBIA;BIANCO;https://www.pamesa.com/ERP/4.0/empresas/151/045/imagenes/t00010602/0178690041487.jpg
17;869;150;16105;0178690041492;SI;REC.GLASS;60x120 RLV.NAMIBIA BIANCO;A;SI;SI;0.0000;;PAMESA;PAMESA;F/30/02;8429991192051;;8429991773199;M2;2;1.44;30;43.20;33.20;1,016.00;120.00;80.00;75.00;;;06/11/2025;PAMESA;PAMESA;GRES PORCELNICO ESMALTADO;0178690041492;;POLISHED;NAMIBIA;MARMOL;;POLIVALENTE;DECORADO;RLV DECORADO;SATEN RECTIFICADO;VARIACION LEVE;;SI;;;;CLASE 0;;;GRUPO BIa;GL Esmaltado;;;NO;;1600-2400 N - 35-45 N/mm2;1;017.869.0150.16105;60X60n(C);CATLOGO PAMESA;;;60;120;10,5;7200;60x120;RLV.NAMIBIA;BIANCO;https://www.pamesa.com/ERP/4.0/empresas/151/045/imagenes/t00010602/0178690041492.jpg
4;840;150;16104;0048400041489;SI;PUL.COMP.;60x60 NAMIBIA BIANCO;A;SI;SI;0.0000;POL04;PAMESA;PAMESA;F/30/04;8429991192037;;8429991773199;M2;4;1.44;30;43.20;30.00;920.00;120.00;80.00;73.50;;;06/11/2025;PAMESA;PAMESA;GRES PORCELNICO ESMALTADO;0048400041489;;POLISHED;NAMIBIA;MARMOL;;POLIVALENTE;BASE;BASE;PULIDO;VARIACION LEVE;;NO;;;;CLASE 0;;;GRUPO BIa;GL Esmaltado;;;NO;;1600-2400 N - 35-45 N/mm2;1;004.840.0150.16104;30x30(7)Malla;CATLOGO PAMESA;;;60;60;9;3600;60x60;NAMIBIA;BIANCO;https://www.pamesa.com/ERP/4.0/empresas/151/045/imagenes/t00010602/0048400041489.jpg
17;840;150;16104;0178400041490;SI;REC.GLASS;60x60 NAMIBIA BIANCO;A;SI;SI;0.0000;POL03;PAMESA;PAMESA;F/30/04;8429991192044;;8429991773199;M2;4;1.44;30;43.20;30.00;920.00;120.00;80.00;73.50;;;06/11/2025;PAMESA;PAMESA;GRES PORCELNICO ESMALTADO;0178400041490;;POLISHED;NAMIBIA;MARMOL;;POLIVALENTE;BASE;BASE;SATEN RECTIFICADO;VARIACION LEVE;;NO;;;;CLASE 0;;;GRUPO BIa;GL Esmaltado;;;NO;;1600-2400 N - 35-45 N/mm2;1;017.840.0150.16104;30x30(7)Malla;CATLOGO PAMESA;;;60;60;9;3600;60x60;NAMIBIA;BIANCO;https://www.pamesa.com/ERP/4.0/empresas/151/045/imagenes/t00010602/0178400041490.jpg
4;450;150;16104;0044500041681;SI;PUL.COMP.;30x60 (C) NAMIBIA BIANCO;A;SI;SI;0.0000;POL04;PAMESA;PAMESA;F/48/06;8429991192785;;8429991773199;M2;6;1.08;48;51.84;23.60;1,152.80;120.00;80.00;74.00;;9.50;07/11/2025;PAMESA;PAMESA;GRES PORCELNICO ESMALTADO;0044500041681;;POLISHED;NAMIBIA;MARMOL;;POLIVALENTE;BASE;BASE;PULIDO;VARIACION LEVE;;NO;;;;CLASE 0;;;GRUPO BIa;GL Esmaltado;;;NO;;1600-2400 N - 35-45 N/mm2;1;004.450.0150.16104;60X120 RF;CATLOGO PAMESA;;;30;60;9,5;1800;30x60;NAMIBIA;BIANCO;https://www.pamesa.com/ERP/4.0/empresas/151/045/imagenes/t00010602/0044500041681.jpg
17;450;150;16104;0174500041682;SI;REC.GLASS;30x60 (C) NAMIBIA BIANCO;A;SI;SI;0.0000;POL03;PAMESA;PAMESA;F/48/06;8429991192778;;8429991773199;M2;6;1.08;48;51.84;23.60;1,152.80;120.00;80.00;74.00;;9.50;07/11/2025;PAMESA;PAMESA;GRES PORCELNICO ESMALTADO;0174500041682;;POLISHED;NAMIBIA;MARMOL;;POLIVALENTE;BASE;BASE;SATEN RECTIFICADO;VARIACION LEVE;;NO;;;;CLASE 0;;;GRUPO BIa;GL Esmaltado;;;NO;;1600-2400 N - 35-45 N/mm2;1;017.450.0150.16104;90X90(N);CATLOGO PAMESA;;;30;60;9,5;1800;30x60;NAMIBIA;BIANCO;https://www.pamesa.com/ERP/4.0/empresas/151/045/imagenes/t00010602/0174500041682.jpg
54;961;97;9877;0549610979877;SI;SLIM PULIDO RECTIF.;120x280(6mm) CR.NEBULA ALMOND;A;SI;SI;86.5000;XXL02;PAMESA;PAMESA;05/20/01;8429991794613;;8429991773199;M2;1;3.36;20;67.20;52.00;1,140.00;290.00;140.00;36.00;;;11/01/2023;PAMESA;XXL;GRES PORCELNICO ESMALTADO PULIDO RECTF.;0549610979877;;POLISHED;NEBULA;MARMOL;;POLIVALENTE;;BASE;CR LUX;VARIACION ALTA;;NO;;;;CLASE 0;;;GRUPO BIa;GL Esmaltado;;;NO;;>700 N - 35-45 N/mm2;1;054.961.0097.09877;20x120 (n);CATLOGO PAMESA;;;120;280;6;33600;120x280;CR.NEBULA;ALMOND;https://www.pamesa.com/ERP/4.0/empresas/151/045/imagenes/t00010602/0549610979877.jpg
4;869;97;9877;0048690979877;SI;PUL.COMP.;60x120 CR.NEBULA ALMOND;A;SI;SI;35.5000;POL13;PAMESA;PAMESA;L/32/02;8429991629809;;8429991773199;M2;2;1.44;32;46.08;34.25;1,121.00;122.00;84.00;75.00;;10.50;26/03/2021;PAMESA;PAMESA;GRES PORCELNICO ESMALTADO PULIDO RECTF.;0048690979877;;POLISHED;NEBULA;MARMOL;;POLIVALENTE;BASE;BASE;PULIDO;VARIACION ALTA;;NO;;;PEI IV;CLASE 0;;;GRUPO BIa;GL Esmaltado;60 Low;20 High;NO;;1600-2400 N - 35-45 N/mm2;1;004.869.0097.09877;60X120 RF;CATLOGO PAMESA;;;60;120;10,5;7200;60x120;CR.NEBULA;ALMOND;https://www.pamesa.com/ERP/4.0/empresas/151/045/imagenes/t00010602/0048690979877.jpg
38;281;97;9877;0382810979877;SI;PZ.E.CGLASS PUL;30x30 (5)Malla CR.NEBULA ALMOND;A;SI;SI;70.2500;MOS5;PAMESA;PAMESA;E/42/11;8429991633103;;;M2;11;1.00;42;42.00;23.00;986.00;120.00;80.00;;;;12/04/2021;PAMESA;PAMESA;GRES PORCELNICO ESMALTADO PULIDO RECTF.;0382810979877;;POLISHED;NEBULA;MARMOL;;POLIVALENTE;;;PULIDO;VARIACION ALTA;NO;SIN INFORMAR;;;PEI IV;CLASE 0;;;GRUPO BIa;GL Esmaltado;;;;;1600-2400 N - 35-45 N/mm2;1;038.281.0097.09877;30X90PBCA;CATLOGO PAMESA;;;30;30;0;900;30x30;CR.NEBULA;ALMOND;https://www.pamesa.com/ERP/4.0/empresas/151/045/imagenes/t00010602/0382810979877.jpg
4;869;108;283;0048691080283;SI;PUL.COMP.;60x120 ONIX WHITE;A;SI;SI;35.5000;POL13;PAMESA;PAMESA;L/32/02;8429991757151;;8429991773199;M2;2;1.44;32;46.08;34.25;1,121.00;122.00;84.00;75.00;;10.50;05/08/2022;PAMESA;PAMESA;GRES PORCELNICO ESMALTADO PULIDO RECTF.;0048691080283;;POLISHED;ONIX;MARMOL;;POLIVALENTE;BASE;BASE;PULIDO;VARIACION MODERADA;;NO;;;PEI IV;CLASE 0;;;GRUPO BIa;GL Esmaltado;36 Low;23 High;NO;;1600-2400 N - 35-45 N/mm2;1;004.869.0108.00283;120X280(6MM);CATLOGO PAMESA;;;60;120;10,5;7200;60x120;ONIX;WHITE;https://www.pamesa.com/ERP/4.0/empresas/151/045/imagenes/t00010602/0048691080283.jpg
17;869;108;283;0178691080283;SI;REC.GLASS;60x120 ONIX WHITE;A;SI;SI;32.2500;POL12;PAMESA;PAMESA;L/32/02;8429991768096;;8429991773199;M2;2;1.44;32;46.08;34.25;1,121.00;122.00;84.00;75.00;;10.50;29/09/2022;PAMESA;PAMESA;GRES PORCELNICO ESMALTADO;0178691080283;;POLISHED;ONIX;MARMOL;;POLIVALENTE;BASE;BASE;SATEN RECTIFICADO;VARIACION MODERADA;NO;NO;;;PEI IV;CLASE 0;;;GRUPO BIa;GL Esmaltado;;;NO;;1600-2400 N - 35-45 N/mm2;1;017.869.0108.00283;90X90(N);CATLOGO PAMESA;;;60;120;10,5;7200;60x120;ONIX;WHITE;https://www.pamesa.com/ERP/4.0/empresas/151/045/imagenes/t00010602/0178691080283.jpg
25;590;108;283;0255901080283;SI;PZ.ESP COM-GLAS;30x30(7)Malla ONIX WHITE;A;SI;SI;57.7500;MOS7;PAMESA;PAMESA;E/42/11;8429991815745;;;M2;11;1.00;42;42.00;23.10;990.20;120.00;80.00;;;;31/03/2023;PAMESA;PAMESA;GRES PORCELNICO ESMALTADO;0255901080283;;POLISHED;ONIX;MARMOL;;POLIVALENTE;MALLA;;SATEN RECTIFICADO;VARIACION MODERADA;NO;NO;;;;CLASE 0;;;GRUPO BIa;GL Esmaltado;;;NO;;;1;025.590.0108.00283;30x30(7)Malla;CATLOGO PAMESA;;;30;30;0;900;30x30;ONIX;WHITE;https://www.pamesa.com/ERP/4.0/empresas/151/045/imagenes/t00010602/0255901080283.jpg
38;590;108;283;0385901080283;SI;PZ.E.CGLASS PUL;30x30(7)Malla ONIX WHITE;A;SI;SI;57.7500;MOS7;PAMESA;PAMESA;E/42/11;8429991799526;;;M2;11;1.00;42;42.00;23.10;990.20;120.00;80.00;;;;02/02/2023;PAMESA;PAMESA;GRES PORCELNICO ESMALTADO PULIDO RECTF.;0385901080283;;POLISHED;ONIX;MARMOL;;POLIVALENTE;MALLA;;PULIDO;VARIACION MODERADA;NO;NO;;;;CLASE 0;;;GRUPO BIa;GL Esmaltado;;;NO;;;1;038.590.0108.00283;30X90PBCA;CATLOGO PAMESA;;;30;30;0;900;30x30;ONIX;WHITE;https://www.pamesa.com/ERP/4.0/empresas/151/045/imagenes/t00010602/0385901080283.jpg
4;120;1;12234;0041200016542;SI;PUL.COMP.;120x120 MARMI PIETRA DI 1.;A;SI;SI;49.0000;POL19;PAMESA;PAMESA;23/36/01;8429991784133;;8429991773199;M2;1;1.44;36;51.84;34.36;1,276.96;126.00;126.00;71.00;;;17/11/2022;PAMESA;PAMESA;GRES PORCELNICO ESMALTADO PULIDO RECTF.;0041200016542;;POLISHED;PIETRA DI MARMI;MARMOL;;POLIVALENTE;BASE;BASE;PULIDO;VARIACION ALTA;;NO;;;;CLASE 0;;;GRUPO BIa;GL Esmaltado;;;NO;;1600-2400 N - 35-45 N/mm2;1;004.120.0001.12234;90X90(N);CATLOGO PAMESA;;;120;120;10,2;14400;120x120;MARMI PIETRA DI;1.;https://www.pamesa.com/ERP/4.0/empresas/151/045/imagenes/t00010602/0041200016542.jpg
17;120;1;12234;0171200016542;SI;REC.GLASS;120x120 MARMI PIETRA DI 1.;A;SI;SI;42.2500;POL18;PAMESA;PAMESA;23/36/01;8429991788698;;8429991773199;M2;1;1.44;36;51.84;34.36;1,276.96;126.00;126.00;71.00;;;07/12/2022;PAMESA;PAMESA;GRES PORCELNICO ESMALTADO;0171200016542;;POLISHED;PIETRA DI MARMI;MARMOL;;POLIVALENTE;BASE;BASE;SATEN RECTIFICADO;VARIACION ALTA;NO;NO;;;;CLASE 0;;;GRUPO BIa;GL Esmaltado;;;NO;;1600-2400 N - 35-45 N/mm2;1;017.120.0001.12234;45X45;CATLOGO PAMESA;;;120;120;10,2;14400;120x120;MARMI PIETRA DI;1.;https://www.pamesa.com/ERP/4.0/empresas/151/045/imagenes/t00010602/0171200016542.jpg
4;869;1;12234;0048690016542;SI;PUL.COMP.;60x120 MARMI PIETRA DI 1.;A;SI;SI;35.5000;POL13;PAMESA;PAMESA;L/32/02;8429991784140;;8429991773199;M2;2;1.44;32;46.08;34.25;1,121.00;122.00;84.00;75.00;;10.50;17/11/2022;PAMESA;PAMESA;GRES PORCELNICO ESMALTADO PULIDO RECTF.;0048690016542;;POLISHED;PIETRA DI MARMI;MARMOL;;POLIVALENTE;BASE;BASE;PULIDO;VARIACION ALTA;;NO;;;;CLASE 0;;;GRUPO BIa;GL Esmaltado;;;NO;;1600-2400 N - 35-45 N/mm2;1;004.869.0001.12234;60X60;CATLOGO PAMESA;;;60;120;10,5;7200;60x120;MARMI PIETRA DI;1.;https://www.pamesa.com/ERP/4.0/empresas/151/045/imagenes/t00010602/0048690016542.jpg
17;869;1;12234;0178690016542;SI;REC.GLASS;60x120 MARMI PIETRA DI 1.;A;SI;SI;32.2500;POL12;PAMESA;PAMESA;L/32/02;8429991788704;;8429991773199;M2;2;1.44;32;46.08;34.25;1,121.00;122.00;84.00;75.00;;10.50;07/12/2022;PAMESA;PAMESA;GRES PORCELNICO ESMALTADO;0178690016542;;POLISHED;PIETRA DI MARMI;MARMOL;;POLIVALENTE;BASE;BASE;SATEN RECTIFICADO;VARIACION ALTA;NO;NO;;;;CLASE 0;;;GRUPO BIa;GL Esmaltado;;;NO;;1600-2400 N - 35-45 N/mm2;1;017.869.0001.12234;60X60N(20MM);CATLOGO PAMESA;;;60;120;10,5;7200;60x120;MARMI PIETRA DI;1.;https://www.pamesa.com/ERP/4.0/empresas/151/045/imagenes/t00010602/0178690016542.jpg
25;281;1;12234;0252810016542;SI;PZ.ESP COM-GLAS;30x30 (5)Malla MARMI PIETRA DI 1.;A;SI;SI;70.2500;MOS5;PAMESA;PAMESA;E/42/11;8429991816773;;;M2;11;1.00;42;42.00;23.00;986.00;120.00;80.00;;;;04/04/2023;PAMESA;PAMESA;GRES PORCELNICO ESMALTADO;0252810016542;;POLISHED;PIETRA DI MARMI;MARMOL;;POLIVALENTE;MALLA;;SATEN RECTIFICADO;VARIACION ALTA;NO;SIN INFORMAR;;;;CLASE 0;;;GRUPO BIa;GL Esmaltado;;;NO;;;1;025.281.0001.12234;60x60;CATLOGO PAMESA;;;30;30;0;900;30x30;MARMI PIETRA DI;1.;https://www.pamesa.com/ERP/4.0/empresas/151/045/imagenes/t00010602/0252810016542.jpg
38;281;1;12234;0382810016542;SI;PZ.E.CGLASS PUL;30x30 (5)Malla MARMI PIETRA DI 1.;A;SI;SI;70.2500;MOS5;PAMESA;PAMESA;E/42/11;8429991788032;;;M2;11;1.00;42;42.00;23.00;986.00;120.00;80.00;;;;30/11/2022;PAMESA;PAMESA;GRES PORCELNICO ESMALTADO PULIDO RECTF.;0382810016542;;POLISHED;PIETRA DI MARMI;MARMOL;;POLIVALENTE;MALLA;;PULIDO;VARIACION ALTA;NO;SIN INFORMAR;;;;CLASE 0;;;GRUPO BIa;GL Esmaltado;;;NO;;;1;038.281.0001.12234;30X90PBCA;CATLOGO PAMESA;;;30;30;0;900;30x30;MARMI PIETRA DI;1.;https://www.pamesa.com/ERP/4.0/empresas/151/045/imagenes/t00010602/0382810016542.jpg
52;961;189;145;0529611890145;SI;SLIM MATE RECTIF.;120x280(6mm) CR.PISA GOLD;A;SI;SI;62.5000;XXL04;PAMESA;PAMESA;05/20/01;8429991794453;;8429991773199;M2;1;3.36;20;67.20;52.00;1,140.00;290.00;140.00;36.00;;;11/01/2023;PAMESA;XXL;GRES PORCELNICO ESMALTADO;0529611890145;;POLISHED;PISA;MARMOL;;POLIVALENTE;;BASE;MATE RECTIFICADO;VARIACION ALTA;NO;NO;;;;CLASE 0;;;GRUPO BIa;GL Esmaltado;;;NO;;>700 N - 35-45 N/mm2;1;052.961.0189.00145;20x120 (n);CATLOGO PAMESA;;;120;280;6;33600;120x280;CR.PISA;GOLD;https://www.pamesa.com/ERP/4.0/empresas/151/045/imagenes/t00010602/0529611890145.jpg
54;961;189;145;0549611890145;SI;SLIM PULIDO RECTIF.;120x280(6mm) CR.PISA GOLD;A;SI;SI;86.5000;XXL02;PAMESA;PAMESA;05/20/01;8429991794545;;8429991773199;M2;1;3.36;20;67.20;52.00;1,140.00;290.00;140.00;36.00;;;11/01/2023;PAMESA;XXL;GRES PORCELNICO ESMALTADO PULIDO RECTF.;0549611890145;;POLISHED;PISA;MARMOL;;POLIVALENTE;;BASE;CR LUX;VARIACION ALTA;NO;NO;;;;CLASE 0;;;GRUPO BIa;GL Esmaltado;;;NO;;>700 N - 35-45 N/mm2;1;054.961.0189.00145;20X75;CATLOGO PAMESA;;;120;280;6;33600;120x280;CR.PISA;GOLD;https://www.pamesa.com/ERP/4.0/empresas/151/045/imagenes/t00010602/0549611890145.jpg
52;154;189;145;0521541890145;SI;SLIM MATE RECTIF.;160X160(8MM) CR.PISA GOLD;A;SI;SI;47.5000;XXL03;PAMESA;PAMESA;O/20/01;8429991877071;;8429991773199;M2;1;2.56;20;51.20;48.62;1,062.40;176.00;176.00;34.00;;7.80;16/01/2024;PAMESA;PAMESA;GRES PORCELNICO ESMALTADO;0521541890145;;POLISHED;PISA;MARMOL;;POLIVALENTE;BASE;BASE;SATEN RECTIFICADO;VARIACION ALTA;NO;NO;NO;;;;;;GRUPO BIa;GL Esmaltado;;;NO;;1600-2400 N - 35-45 N/mm2;1;052.154.0189.00145;120X120;CATLOGO PAMESA;;;160;160;8;25600;160x160;CR.PISA;GOLD;https://www.pamesa.com/ERP/4.0/empresas/151/045/imagenes/t00010602/0521541890145.jpg
53;154;189;145;0531541890145;SI;SLIM POLIMAT RECTIF.;160X160(8MM) CR.PISA GOLD;A;SI;SI;70.0000;XXL05;PAMESA;PAMESA;O/20/01;8429991897604;;0100112000;M2;1;2.56;20;51.20;48.62;1,062.40;176.00;176.00;34.00;;7.80;07/03/2024;PAMESA;PAMESA;ANTIC GRES PORCELNICO RECTF.;0531541890145;;POLISHED;PISA;MARMOL;;POLIVALENTE;BASE;BASE;ANTIC;VARIACION ALTA;;NO;NO;;;;;;GRUPO BIa;GL Esmaltado;;;NO;;1600-2400 N - 35-45 N/mm2;1;053.154.0189.00145;30x180;CATLOGO PAMESA;;;160;160;8;25600;160x160;CR.PISA;GOLD;https://www.pamesa.com/ERP/4.0/empresas/151/045/imagenes/t00010602/0531541890145.jpg
54;154;189;145;0541541890145;SI;SLIM PULIDO RECTIF.;160X160(8MM) CR.PISA GOLD;A;SI;SI;70.0000;XXL01;PAMESA;PAMESA;O/20/01;8429991877088;;8429991773199;M2;1;2.56;20;51.20;48.62;1,062.40;176.00;176.00;34.00;;7.80;16/01/2024;PAMESA;PAMESA;GRES PORCELNICO ESMALTADO PULIDO RECTF.;0541541890145;;POLISHED;PISA;MARMOL;;POLIVALENTE;BASE;BASE;PULIDO;VARIACION ALTA;;NO;;;;CLASE 0;;;GRUPO BIa;GL Esmaltado;;;NO;;1600-2400 N - 35-45 N/mm2;1;054.154.0189.00145;30x180;CATLOGO PAMESA;;;160;160;8;25600;160x160;CR.PISA;GOLD;https://www.pamesa.com/ERP/4.0/empresas/151/045/imagenes/t00010602/0541541890145.jpg
4;505;189;145;0045051890145;SI;PUL.COMP.;90x180 CR.PISA GOLD;A;SI;SI;53.5000;POL21;PAMESA;PAMESA;B/24/01;8429991450205;;8429991773199;M2;1;1.62;24;38.88;42.00;1,068.00;110.00;190.00;55.50;5;11.50;11/06/2019;PAMESA;SERIE CROMAT;GRES PORCELNICO ESMALTADO PULIDO RECTF.;0045051890145;;POLISHED;PISA;MARMOL;;POLIVALENTE;BASE;BASE;PULIDO;VARIACION ALTA;;NO;;;PEI IV;CLASE 0;;;GRUPO BIa;GL Esmaltado;;;NO;;1600-2400 N - 35-45 N/mm2;1;004.505.0189.00145;90x180;CATLOGO PAMESA;;;90;180;11,5;16200;90x180;CR.PISA;GOLD;https://www.pamesa.com/ERP/4.0/empresas/151/045/imagenes/t00010602/0045051890145.jpg
4;120;189;145;0041201890145;SI;PUL.COMP.;120x120 CR.PISA GOLD;A;SI;SI;49.0000;POL19;PAMESA;PAMESA;23/36/01;8429991450182;;8429991773199;M2;1;1.44;36;51.84;34.36;1,276.96;126.00;126.00;71.00;;;11/06/2019;PAMESA;PAMESA;GRES PORCELNICO ESMALTADO PULIDO RECTF.;0041201890145;;POLISHED;PISA;MARMOL;;POLIVALENTE;BASE;BASE;PULIDO;VARIACION ALTA;;NO;;;PEI IV;CLASE 0;;;GRUPO BIa;GL Esmaltado;;;NO;;1600-2400 N - 35-45 N/mm2;1;004.120.0189.00145;120X280(6MM);CATLOGO PAMESA;;;120;120;10,2;14400;120x120;CR.PISA;GOLD;https://www.pamesa.com/ERP/4.0/empresas/151/045/imagenes/t00010602/0041201890145.jpg
17;120;189;145;0171201890145;SI;REC.GLASS;120x120 CR.PISA GOLD;A;SI;SI;42.2500;POL18;PAMESA;PAMESA;23/36/01;8429991632731;;8429991773199;M2;1;1.44;36;51.84;34.36;1,276.96;126.00;126.00;71.00;;;08/04/2021;PAMESA;PAMESA;GRES PORCELNICO ESMALTADO;0171201890145;;POLISHED;PISA;MARMOL;;POLIVALENTE;BASE;BASE;SATEN RECTIFICADO;VARIACION ALTA;NO;NO;;;PEI IV;CLASE 0;;;GRUPO BIa;GL Esmaltado;;;NO;;1600-2400 N - 35-45 N/mm2;1;017.120.0189.00145;33,3x55;CATLOGO PAMESA;;;120;120;10,2;14400;120x120;CR.PISA;GOLD;https://www.pamesa.com/ERP/4.0/empresas/151/045/imagenes/t00010602/0171201890145.jpg
4;350;189;145;0043501890145;SI;PUL.COMP.;75x150 CR.PISA GOLD;A;SI;SI;40.0000;POL17;PAMESA;PAMESA;1/40/01;8429991598716;;8429991773199;M2;1;1.13;40;45.20;28.00;1,184.00;93.00;153.00;74.00;4;10.50;14/04/2020;PAMESA;SERIE CROMAT;GRES PORCELNICO ESMALTADO PULIDO RECTF.;0043501890145;;POLISHED;PISA;MARMOL;;POLIVALENTE;BASE;BASE;PULIDO;VARIACION ALTA;;NO;;;PEI IV;CLASE 0;;;GRUPO BIa;GL Esmaltado;;;NO;;1600-2400 N - 35-45 N/mm2;1;004.350.0189.00145;60X120 RF;CATLOGO PAMESA;;;75;150;10,5;11250;75x150;CR.PISA;GOLD;https://www.pamesa.com/ERP/4.0/empresas/151/045/imagenes/t00010602/0043501890145.jpg
4;90;189;145;0040901890145;SI;PUL.COMP.;90x90(N) CR.PISA GOLD;A;SI;SI;33.5000;POL15;PAMESA;PAMESA;19/32/02;8429991891503;;8429991773199;M2;2;1.62;32;51.84;33.00;1,081.00;97.00;97.00;86.00;;9.00;29/02/2024;PAMESA;PAMESA;GRES PORCELNICO ESMALTADO PULIDO RECTF.;0040901890145;;POLISHED;PISA;MARMOL;;POLIVALENTE;BASE;;PULIDO;VARIACION ALTA;;NO;NO;;PEI IV;CLASE 0;;;GRUPO BIa;GL Esmaltado;;;NO;;1600-2400 N - 35-45 N/mm2;1;004.090.0189.00145;120X120;CATLOGO PAMESA;;;90;90;9;8100;90x90;CR.PISA;GOLD;https://www.pamesa.com/ERP/4.0/empresas/151/045/imagenes/t00010602/0040901890145.jpg
17;90;189;145;0170901890145;SI;REC.GLASS;90x90(N) CR.PISA GOLD;A;SI;SI;29.0000;POL14;PAMESA;PAMESA;19/32/02;8429991891510;;8429991773199;M2;2;1.62;32;51.84;33.00;1,081.00;97.00;97.00;86.00;;9.00;29/02/2024;PAMESA;PAMESA;GRES PORCELNICO ESMALTADO;0170901890145;;POLISHED;PISA;MARMOL;;POLIVALENTE;BASE;;SATEN RECTIFICADO;VARIACION ALTA;NO;NO;NO;;PEI IV;CLASE 0;;;GRUPO BIa;GL Esmaltado;;;NO;;1600-2400 N - 35-45 N/mm2;1;017.090.0189.00145;45X45;CATLOGO PAMESA;;;90;90;9;8100;90x90;CR.PISA;GOLD;https://www.pamesa.com/ERP/4.0/empresas/151/045/imagenes/t00010602/0170901890145.jpg
4;869;189;145;0048691890145;SI;PUL.COMP.;60x120 CR.PISA GOLD;A;SI;SI;35.5000;POL13;PAMESA;PAMESA;L/32/02;8429991450199;;8429991773199;M2;2;1.44;32;46.08;34.25;1,121.00;122.00;84.00;75.00;;10.50;11/06/2019;PAMESA;SERIE CROMAT;GRES PORCELNICO ESMALTADO PULIDO RECTF.;0048691890145;;POLISHED;PISA;MARMOL;;POLIVALENTE;BASE;BASE;PULIDO;VARIACION ALTA;;NO;;;PEI IV;CLASE 0;;;GRUPO BIa;GL Esmaltado;;;NO;;1600-2400 N - 35-45 N/mm2;1;004.869.0189.00145;60X120(n);CATLOGO PAMESA;;;60;120;10,5;7200;60x120;CR.PISA;GOLD;https://www.pamesa.com/ERP/4.0/empresas/151/045/imagenes/t00010602/0048691890145.jpg
17;869;189;145;0178691890145;SI;REC.GLASS;60x120 CR.PISA GOLD;A;SI;SI;32.2500;POL12;PAMESA;PAMESA;L/32/02;8429991508555;;8429991773199;M2;2;1.44;32;46.08;34.25;1,121.00;122.00;84.00;75.00;;10.50;21/02/2020;PAMESA;SERIE CROMAT;GRES PORCELNICO ESMALTADO;0178691890145;;POLISHED;PISA;MARMOL;;POLIVALENTE;BASE;BASE;SATEN RECTIFICADO;VARIACION ALTA;NO;NO;;;PEI IV;CLASE 0;;;GRUPO BIa;GL Esmaltado;;;NO;;1600-2400 N - 35-45 N/mm2;1;017.869.0189.00145;60X120 RF;CATLOGO PAMESA;;;60;120;10,5;7200;60x120;CR.PISA;GOLD;https://www.pamesa.com/ERP/4.0/empresas/151/045/imagenes/t00010602/0178691890145.jpg
4;84;189;145;0040841890145;SI;PUL.COMP.;45x90C(N) CR.PISA GOLD;A;SI;SI;27.7500;POL08;PAMESA;PAMESA;F/55/03;8429991888541;;8429991773199;M2;3;1.21;55;66.55;25.00;1,395.00;120.00;80.00;105.00;;;26/02/2024;PAMESA;PAMESA;GRES PORCELNICO ESMALTADO PULIDO RECTF.;0040841890145;;POLISHED;PISA;MARMOL;;POLIVALENTE;BASE;BASE;PULIDO;VARIACION ALTA;;NO;;;PEI IV;CLASE 0;;;GRUPO BIa;GL Esmaltado;;;NO;;1600-2400 N - 35-45 N/mm2;1;004.084.0189.00145;60X60;CATLOGO PAMESA;;;45;90;9;4050;45x90;CR.PISA;GOLD;https://www.pamesa.com/ERP/4.0/empresas/151/045/imagenes/t00010602/0040841890145.jpg
4;840;189;145;0048401890145;SI;PUL.COMP.;60x60 CR.PISA GOLD;A;SI;SI;26.7500;POL06;PAMESA;PAMESA;F/30/04;8429991450151;;8429991773199;M2;4;1.44;30;43.20;30.00;920.00;120.00;80.00;73.50;;;11/06/2019;PAMESA;SERIE CROMAT;GRES PORCELNICO ESMALTADO PULIDO RECTF.;0048401890145;;POLISHED;PISA;MARMOL;;POLIVALENTE;;BASE;PULIDO;VARIACION ALTA;;NO;;;PEI IV;CLASE 0;;;GRUPO BIa;GL Esmaltado;;;NO;;1600-2400 N - 35-45 N/mm2;1;004.840.0189.00145;60X120 RF;CATLOGO PAMESA;;;60;60;9;3600;60x60;CR.PISA;GOLD;https://www.pamesa.com/ERP/4.0/empresas/151/045/imagenes/t00010602/0048401890145.jpg
17;840;189;145;0178401890145;SI;REC.GLASS;60x60 CR.PISA GOLD;A;SI;SI;22.5000;POL05;PAMESA;PAMESA;F/30/04;8429991509361;;8429991773199;M2;4;1.44;30;43.20;30.00;920.00;120.00;80.00;73.50;;;26/02/2020;PAMESA;SERIE CROMAT;GRES PORCELNICO ESMALTADO;0178401890145;;POLISHED;PISA;MARMOL;;POLIVALENTE;BASE;BASE;SATEN RECTIFICADO;VARIACION ALTA;NO;NO;;;PEI IV;CLASE 0;;;GRUPO BIa;GL Esmaltado;;;NO;;1600-2400 N - 35-45 N/mm2;1;017.840.0189.00145;60X120(n);CATLOGO PAMESA;;;60;60;9;3600;60x60;CR.PISA;GOLD;https://www.pamesa.com/ERP/4.0/empresas/151/045/imagenes/t00010602/0178401890145.jpg
4;450;189;145;0044501890145;SI;PUL.COMP.;30x60 (C) CR.PISA GOLD;A;SI;SI;26.7500;POL04;PAMESA;PAMESA;F/48/06;8429991450144;;8429991773199;M2;6;1.08;48;51.84;23.60;1,152.80;120.00;80.00;74.00;;9.50;11/06/2019;PAMESA;SERIE CROMAT;GRES PORCELNICO ESMALTADO PULIDO RECTF.;0044501890145;;POLISHED;PISA;MARMOL;;POLIVALENTE;BASE;BASE;PULIDO;VARIACION ALTA;;NO;;;PEI IV;CLASE 0;;;GRUPO BIa;GL Esmaltado;;;NO;;1600-2400 N - 35-45 N/mm2;1;004.450.0189.00145;30X30 (5)MALLA;CATLOGO PAMESA;;;30;60;9,5;1800;30x60;CR.PISA;GOLD;https://www.pamesa.com/ERP/4.0/empresas/151/045/imagenes/t00010602/0044501890145.jpg
17;450;189;145;0174501890145;SI;REC.GLASS;30x60 (C) CR.PISA GOLD;A;SI;SI;22.5000;POL03;PAMESA;PAMESA;F/48/06;8429991581688;;8429991773199;M2;6;1.08;48;51.84;23.60;1,152.80;120.00;80.00;74.00;;9.50;29/08/2019;PAMESA;SERIE CROMAT;GRES PORCELNICO ESMALTADO;0174501890145;;POLISHED;PISA;MARMOL;;POLIVALENTE;BASE;BASE;SATEN RECTIFICADO;VARIACION ALTA;NO;NO;;;PEI IV;CLASE 0;;;GRUPO BIa;GL Esmaltado;;;NO;;1600-2400 N - 35-45 N/mm2;1;017.450.0189.00145;60X120 RF;CATLOGO PAMESA;;;30;60;9,5;1800;30x60;CR.PISA;GOLD;https://www.pamesa.com/ERP/4.0/empresas/151/045/imagenes/t00010602/0174501890145.jpg
25;281;189;145;0252811890145;SI;PZ.ESP COM-GLAS;30x30 (5)Malla CR.PISA GOLD;A;SI;SI;70.2500;MOS5;PAMESA;PAMESA;E/42/11;8429991649968;;;M2;11;1.00;42;42.00;23.00;986.00;120.00;80.00;;;;05/07/2021;PAMESA;PAMESA;GRES PORCELNICO ESMALTADO;0252811890145;;POLISHED;PISA;MARMOL;;POLIVALENTE;MALLA;;SATEN RECTIFICADO;VARIACION ALTA;NO;NO;;;;CLASE 0;;;GRUPO BIa;GL Esmaltado;;;NO;;;1;025.281.0189.00145;45X45;CATLOGO PAMESA;;;30;30;0;900;30x30;CR.PISA;GOLD;https://www.pamesa.com/ERP/4.0/empresas/151/045/imagenes/t00010602/0252811890145.jpg
25;590;189;145;0255901890145;SI;PZ.ESP COM-GLAS;30x30(7)Malla CR.PISA GOLD;A;SI;SI;57.7500;MOS7;PAMESA;PAMESA;E/42/11;8429991461676;;;M2;11;1.00;42;42.00;23.10;990.20;120.00;80.00;;;;08/08/2019;PAMESA;SERIE CROMAT;GRES PORCELNICO ESMALTADO;0255901890145;;POLISHED;PISA;MARMOL;;POLIVALENTE;MALLA;;SATEN RECTIFICADO;VARIACION ALTA;NO;NO;;;;CLASE 0;;;GRUPO BIa;GL Esmaltado;;;NO;;1600-2400 N - 35-45 N/mm2;1;025.590.0189.00145;30x60 (C);CATLOGO PAMESA;;;30;30;0;900;30x30;CR.PISA;GOLD;https://www.pamesa.com/ERP/4.0/empresas/151/045/imagenes/t00010602/0255901890145.jpg
38;281;189;145;0382811890145;SI;PZ.E.CGLASS PUL;30x30 (5)Malla CR.PISA GOLD;A;SI;SI;70.2500;MOS5;PAMESA;PAMESA;E/42/11;8429991649951;;;M2;11;1.00;42;42.00;23.00;986.00;120.00;80.00;;;;05/07/2021;PAMESA;PAMESA;GRES PORCELNICO ESMALTADO PULIDO RECTF.;0382811890145;;POLISHED;PISA;MARMOL;;POLIVALENTE;MALLA;;PULIDO;VARIACION ALTA;NO;NO;;;;CLASE 0;;;GRUPO BIa;GL Esmaltado;;;NO;;;1;038.281.0189.00145;30X90 PB;CATLOGO PAMESA;;;30;30;0;900;30x30;CR.PISA;GOLD;https://www.pamesa.com/ERP/4.0/empresas/151/045/imagenes/t00010602/0382811890145.jpg
38;590;189;145;0385901890145;SI;PZ.E.CGLASS PUL;30x30(7)Malla CR.PISA GOLD;A;SI;SI;57.7500;MOS7;PAMESA;PAMESA;E/42/11;8429991550646;;;M2;11;1.00;42;42.00;23.10;990.20;120.00;80.00;;;;08/08/2019;PAMESA;SERIE CROMAT;GRES PORCELNICO ESMALTADO PULIDO RECTF.;0385901890145;;POLISHED;PISA;MARMOL;;POLIVALENTE;MALLA;;PULIDO;;NO;NO;;;;CLASE 0;;;GRUPO BIa;GL Esmaltado;;;NO;;1600-2400 N - 35-45 N/mm2;1;038.590.0189.00145;33,3x100;CATLOGO PAMESA;;;30;30;0;900;30x30;CR.PISA;GOLD;https://www.pamesa.com/ERP/4.0/empresas/151/045/imagenes/t00010602/0385901890145.jpg
38;137;189;145;0381371890145;SI;PZ.E.CGLASS PUL;9x30 m2 CR.PISA GOLD;A;SI;SI;45.5000;POL02;PAMESA;PAMESA;F/48/40;8429991627287;;;M2;40;1.08;48;51.84;25.00;1,220.00;120.00;80.00;;;;16/03/2021;PAMESA;SERIE CROMAT;GRES PORCELNICO ESMALTADO PULIDO RECTF.;0381371890145;;POLISHED;PISA;MARMOL;;POLIVALENTE;;;PULIDO;VARIACION ALTA;NO;NO;;;PEI IV;CLASE 0;;;GRUPO BIa;GL Esmaltado;;;NO;;1600-2400 N - 35-45 N/mm2;1;038.137.0189.00145;30X90PBCA;CATLOGO PAMESA;;;9;30;9,5;270;9x30;CR.PISA;GOLD;https://www.pamesa.com/ERP/4.0/empresas/151/045/imagenes/t00010602/0381371890145.jpg
41;137;189;145;0411371890145;SI;PZ.E.CGLASS REC;9x30 m2 CR.PISA GOLD;A;SI;SI;41.0000;POL01;PAMESA;PAMESA;F/48/40;8429991627294;;;M2;40;1.08;48;51.84;25.00;1,220.00;120.00;80.00;;;;16/03/2021;PAMESA;SERIE CROMAT;GRES PORCELNICO ESMALTADO;0411371890145;;POLISHED;PISA;MARMOL;;POLIVALENTE;;;MATE RECTIFICADO;VARIACION ALTA;;SIN INFORMAR;;;PEI IV;CLASE 0;;;GRUPO BIa;GL Esmaltado;;;NO;;1600-2400 N - 35-45 N/mm2;1;041.137.0189.00145;36x80;CATLOGO PAMESA;;;9;30;9,5;270;9x30;CR.PISA;GOLD;https://www.pamesa.com/ERP/4.0/empresas/151/045/imagenes/t00010602/0411371890145.jpg
4;505;163;9734;0045051639734;SI;PUL.COMP.;90x180 CR.SARDONYX CREAM;A;SI;SI;53.5000;POL21;PAMESA;PAMESA;B/24/01;8429991415655;;8429991773199;M2;1;1.62;24;38.88;42.00;1,068.00;110.00;190.00;55.50;5;11.50;18/12/2018;PAMESA;SERIE CROMAT;GRES PORCELNICO ESMALTADO PULIDO RECTF.;0045051639734;;POLISHED;SARDONYX;MARMOL;;POLIVALENTE;BASE;BASE;PULIDO;VARIACION ALTA;;NO;;;PEI IV;CLASE 0;;;GRUPO BIa;GL Esmaltado;60 Low;20 High;NO;;1600-2400 N - 35-45 N/mm2;1;004.505.0163.09734;9x30 m2;CATLOGO PAMESA;;;90;180;11,5;16200;90x180;CR.SARDONYX;CREAM;https://www.pamesa.com/ERP/4.0/empresas/151/045/imagenes/t00010602/0045051639734.jpg
4;505;169;9734;0045051699734;SI;PUL.COMP.;90x180 CR.SARDONYX PEARL;A;SI;SI;53.5000;POL21;PAMESA;PAMESA;B/24/01;8429991415631;;8429991773199;M2;1;1.62;24;38.88;42.00;1,068.00;110.00;190.00;55.50;5;11.50;18/12/2018;PAMESA;SERIE CROMAT;GRES PORCELNICO ESMALTADO PULIDO RECTF.;0045051699734;;POLISHED;SARDONYX;MARMOL;;POLIVALENTE;BASE;BASE;PULIDO;VARIACION ALTA;;NO;;;PEI IV;CLASE 0;;;GRUPO BIa;GL Esmaltado;60 Low;20 High;NO;;1600-2400 N - 35-45 N/mm2;1;004.505.0169.09734;90x180;CATLOGO PAMESA;;;90;180;11,5;16200;90x180;CR.SARDONYX;PEARL;https://www.pamesa.com/ERP/4.0/empresas/151/045/imagenes/t00010602/0045051699734.jpg
4;505;108;9734;0045051089734;SI;PUL.COMP.;90x180 CR.SARDONYX WHITE;A;SI;SI;53.5000;POL21;PAMESA;PAMESA;B/24/01;8429991415648;;8429991773199;M2;1;1.62;24;38.88;42.00;1,068.00;110.00;190.00;55.50;5;11.50;18/12/2018;PAMESA;SERIE CROMAT;GRES PORCELNICO ESMALTADO PULIDO RECTF.;0045051089734;;POLISHED;SARDONYX;MARMOL;;POLIVALENTE;BASE;BASE;PULIDO;VARIACION ALTA;;NO;;;PEI IV;CLASE 0;;;GRUPO BIa;GL Esmaltado;60 Low;20 High;NO;;1600-2400 N - 35-45 N/mm2;1;004.505.0108.09734;9x30 m2;CATLOGO PAMESA;;;90;180;11,5;16200;90x180;CR.SARDONYX;WHITE;https://www.pamesa.com/ERP/4.0/empresas/151/045/imagenes/t00010602/0045051089734.jpg
4;120;163;9734;0041201639734;SI;PUL.COMP.;120x120 CR.SARDONYX CREAM;A;SI;SI;49.0000;POL19;PAMESA;PAMESA;23/36/01;8429991415747;;8429991773199;M2;1;1.44;36;51.84;34.36;1,276.96;126.00;126.00;71.00;;;11/01/2019;PAMESA;SERIE CROMAT;GRES PORCELNICO ESMALTADO PULIDO RECTF.;0041201639734;;POLISHED;SARDONYX;MARMOL;;POLIVALENTE;BASE;BASE;PULIDO;VARIACION ALTA;;NO;;;PEI IV;CLASE 0;;;GRUPO BIa;GL Esmaltado;60 Low;20 High;NO;;1600-2400 N - 35-45 N/mm2;1;004.120.0163.09734;30x30(7)Malla;CATLOGO PAMESA;;;120;120;10,2;14400;120x120;CR.SARDONYX;CREAM;https://www.pamesa.com/ERP/4.0/empresas/151/045/imagenes/t00010602/0041201639734.jpg
4;120;169;9734;0041201699734;SI;PUL.COMP.;120x120 CR.SARDONYX PEARL;A;SI;SI;49.0000;POL19;PAMESA;PAMESA;23/36/01;8429991415723;;8429991773199;M2;1;1.44;36;51.84;34.36;1,276.96;126.00;126.00;71.00;;;11/01/2019;PAMESA;SERIE CROMAT;GRES PORCELNICO ESMALTADO PULIDO RECTF.;0041201699734;;POLISHED;SARDONYX;MARMOL;;POLIVALENTE;BASE;BASE;PULIDO;VARIACION ALTA;;NO;;;PEI IV;CLASE 0;;;GRUPO BIa;GL Esmaltado;60 Low;20 High;NO;;1600-2400 N - 35-45 N/mm2;1;004.120.0169.09734;60X60;CATLOGO PAMESA;;;120;120;10,2;14400;120x120;CR.SARDONYX;PEARL;https://www.pamesa.com/ERP/4.0/empresas/151/045/imagenes/t00010602/0041201699734.jpg
4;120;108;9734;0041201089734;SI;PUL.COMP.;120x120 CR.SARDONYX WHITE;A;SI;SI;49.0000;POL19;PAMESA;PAMESA;23/36/01;8429991415730;;8429991773199;M2;1;1.44;36;51.84;34.36;1,276.96;126.00;126.00;71.00;;;11/01/2019;PAMESA;SERIE CROMAT;GRES PORCELNICO ESMALTADO PULIDO RECTF.;0041201089734;;POLISHED;SARDONYX;MARMOL;;POLIVALENTE;BASE;BASE;PULIDO;VARIACION ALTA;;NO;;;PEI IV;CLASE 0;;;GRUPO BIa;GL Esmaltado;60 Low;20 High;NO;;1600-2400 N - 35-45 N/mm2;1;004.120.0108.09734;60X120 RF;CATLOGO PAMESA;;;120;120;10,2;14400;120x120;CR.SARDONYX;WHITE;https://www.pamesa.com/ERP/4.0/empresas/151/045/imagenes/t00010602/0041201089734.jpg
4;90;163;9734;0040901639734;SI;PUL.COMP.;90x90(N) CR.SARDONYX CREAM;A;SI;SI;33.5000;POL15;PAMESA;PAMESA;19/32/02;8429991890377;;8429991773199;M2;2;1.62;32;51.84;33.00;1,081.00;97.00;97.00;86.00;;9.00;27/02/2024;PAMESA;PAMESA;GRES PORCELNICO ESMALTADO PULIDO RECTF.;0040901639734;;POLISHED;SARDONYX;MARMOL;;POLIVALENTE;BASE;BASE;PULIDO;VARIACION ALTA;;NO;NO;;;CLASE 0;;;GRUPO BIa;GL Esmaltado;;;NO;;1600-2400 N - 35-45 N/mm2;1;004.090.0163.09734;30X60 (C);CATLOGO PAMESA;;;90;90;9;8100;90x90;CR.SARDONYX;CREAM;https://www.pamesa.com/ERP/4.0/empresas/151/045/imagenes/t00010602/0040901639734.jpg
17;90;163;9734;0170901639734;SI;REC.GLASS;90x90(N) CR.SARDONYX CREAM;A;SI;SI;29.0000;POL14;PAMESA;PAMESA;19/32/02;8429991890391;;8429991773199;M2;2;1.62;32;51.84;33.00;1,081.00;97.00;97.00;86.00;;9.00;27/02/2024;PAMESA;PAMESA;GRES PORCELNICO ESMALTADO;0170901639734;;POLISHED;SARDONYX;MARMOL;;POLIVALENTE;BASE;BASE;SATEN RECTIFICADO;VARIACION ALTA;NO;NO;NO;;;CLASE 0;;;GRUPO BIa;GL Esmaltado;;;NO;;1600-2400 N - 35-45 N/mm2;1;017.090.0163.09734;45X45;CATLOGO PAMESA;;;90;90;9;8100;90x90;CR.SARDONYX;CREAM;https://www.pamesa.com/ERP/4.0/empresas/151/045/imagenes/t00010602/0170901639734.jpg
4;90;169;9734;0040901699734;SI;PUL.COMP.;90x90(N) CR.SARDONYX PEARL;A;SI;SI;33.5000;POL15;PAMESA;PAMESA;19/32/02;8429991890384;;8429991773199;M2;2;1.62;32;51.84;33.00;1,081.00;97.00;97.00;86.00;;9.00;27/02/2024;PAMESA;PAMESA;GRES PORCELNICO ESMALTADO PULIDO RECTF.;0040901699734;;POLISHED;SARDONYX;MARMOL;;POLIVALENTE;BASE;BASE;PULIDO;VARIACION ALTA;;NO;NO;;;CLASE 0;;;GRUPO BIa;GL Esmaltado;;;NO;;1600-2400 N - 35-45 N/mm2;1;004.090.0169.09734;30x30(7)Malla;CATLOGO PAMESA;;;90;90;9;8100;90x90;CR.SARDONYX;PEARL;https://www.pamesa.com/ERP/4.0/empresas/151/045/imagenes/t00010602/0040901699734.jpg
17;90;169;9734;0170901699734;SI;REC.GLASS;90x90(N) CR.SARDONYX PEARL;A;SI;SI;29.0000;POL14;PAMESA;PAMESA;19/32/02;8429991890407;;8429991773199;M2;2;1.62;32;51.84;33.00;1,081.00;97.00;97.00;86.00;;9.00;27/02/2024;PAMESA;PAMESA;GRES PORCELNICO ESMALTADO;0170901699734;;POLISHED;SARDONYX;MARMOL;;POLIVALENTE;BASE;BASE;SATEN RECTIFICADO;VARIACION ALTA;NO;NO;NO;;;CLASE 0;;;GRUPO BIa;GL Esmaltado;;;NO;;1600-2400 N - 35-45 N/mm2;1;017.090.0169.09734;33,3x55;CATLOGO PAMESA;;;90;90;9;8100;90x90;CR.SARDONYX;PEARL;https://www.pamesa.com/ERP/4.0/empresas/151/045/imagenes/t00010602/0170901699734.jpg
4;90;108;9734;0040901089734;SI;PUL.COMP.;90x90(N) CR.SARDONYX WHITE;A;SI;SI;33.5000;POL15;PAMESA;PAMESA;19/32/02;8429991890353;;8429991773199;M2;2;1.62;32;51.84;33.00;1,081.00;97.00;97.00;86.00;;9.00;27/02/2024;PAMESA;PAMESA;GRES PORCELNICO ESMALTADO PULIDO RECTF.;0040901089734;;POLISHED;SARDONYX;MARMOL;;POLIVALENTE;BASE;BASE;PULIDO;VARIACION ALTA;;NO;NO;;;CLASE 0;;;GRUPO BIa;GL Esmaltado;;;NO;;1600-2400 N - 35-45 N/mm2;1;004.090.0108.09734;60X120 RF;CATLOGO PAMESA;;;90;90;9;8100;90x90;CR.SARDONYX;WHITE;https://www.pamesa.com/ERP/4.0/empresas/151/045/imagenes/t00010602/0040901089734.jpg
17;90;108;9734;0170901089734;SI;REC.GLASS;90x90(N) CR.SARDONYX WHITE;A;SI;SI;29.0000;POL14;PAMESA;PAMESA;19/32/02;8429991890360;;8429991773199;M2;2;1.62;32;51.84;33.00;1,081.00;97.00;97.00;86.00;;9.00;27/02/2024;PAMESA;PAMESA;GRES PORCELNICO ESMALTADO;0170901089734;;POLISHED;SARDONYX;MARMOL;;POLIVALENTE;BASE;BASE;SATEN RECTIFICADO;VARIACION ALTA;NO;NO;NO;;;CLASE 0;;;GRUPO BIa;GL Esmaltado;;;NO;;1600-2400 N - 35-45 N/mm2;1;017.090.0108.09734;31,6x60;CATLOGO PAMESA;;;90;90;9;8100;90x90;CR.SARDONYX;WHITE;https://www.pamesa.com/ERP/4.0/empresas/151/045/imagenes/t00010602/0170901089734.jpg
4;869;163;9734;0048691639734;SI;PUL.COMP.;60x120 CR.SARDONYX CREAM;A;SI;SI;35.5000;POL13;PAMESA;PAMESA;L/32/02;8429991422462;;8429991773199;M2;2;1.44;32;46.08;34.25;1,121.00;122.00;84.00;75.00;;10.50;18/12/2018;PAMESA;SERIE CROMAT;GRES PORCELNICO ESMALTADO PULIDO RECTF.;0048691639734;;POLISHED;SARDONYX;MARMOL;;POLIVALENTE;;BASE;PULIDO;VARIACION ALTA;;NO;;;PEI IV;CLASE 0;;;GRUPO BIa;GL Esmaltado;60 Low;20 High;NO;;1600-2400 N - 35-45 N/mm2;1;004.869.0163.09734;60X120 RF;CATLOGO PAMESA;;;60;120;10,5;7200;60x120;CR.SARDONYX;CREAM;https://www.pamesa.com/ERP/4.0/empresas/151/045/imagenes/t00010602/0048691639734.jpg
17;869;163;9734;0178691639734;SI;REC.GLASS;60x120 CR.SARDONYX CREAM;A;SI;SI;32.2500;POL12;PAMESA;PAMESA;L/32/02;8429991434564;;8429991773199;M2;2;1.44;32;46.08;34.25;1,121.00;122.00;84.00;75.00;;10.50;05/03/2019;PAMESA;SERIE CROMAT;GRES PORCELNICO ESMALTADO;0178691639734;;POLISHED;SARDONYX;MARMOL;;POLIVALENTE;BASE;BASE;SATEN RECTIFICADO;VARIACION ALTA;NO;NO;;;PEI IV;CLASE 0;;;GRUPO BIa;GL Esmaltado;;;NO;;1600-2400 N - 35-45 N/mm2;1;017.869.0163.09734;60X60n(C);CATLOGO PAMESA;;;60;120;10,5;7200;60x120;CR.SARDONYX;CREAM;https://www.pamesa.com/ERP/4.0/empresas/151/045/imagenes/t00010602/0178691639734.jpg
4;869;169;9734;0048691699734;SI;PUL.COMP.;60x120 CR.SARDONYX PEARL;A;SI;SI;35.5000;POL13;PAMESA;PAMESA;L/32/02;8429991422479;;8429991773199;M2;2;1.44;32;46.08;34.25;1,121.00;122.00;84.00;75.00;;10.50;18/12/2018;PAMESA;SERIE CROMAT;GRES PORCELNICO ESMALTADO PULIDO RECTF.;0048691699734;;POLISHED;SARDONYX;MARMOL;;POLIVALENTE;;BASE;PULIDO;VARIACION ALTA;;NO;;;PEI IV;CLASE 0;;;GRUPO BIa;GL Esmaltado;60 Low;20 High;NO;;1600-2400 N - 35-45 N/mm2;1;004.869.0169.09734;9x30 m2;CATLOGO PAMESA;;;60;120;10,5;7200;60x120;CR.SARDONYX;PEARL;https://www.pamesa.com/ERP/4.0/empresas/151/045/imagenes/t00010602/0048691699734.jpg
17;869;169;9734;0178691699734;SI;REC.GLASS;60x120 CR.SARDONYX PEARL;A;SI;SI;32.2500;POL12;PAMESA;PAMESA;L/32/02;8429991434571;;8429991773199;M2;2;1.44;32;46.08;34.25;1,121.00;122.00;84.00;75.00;;10.50;05/03/2019;PAMESA;SERIE CROMAT;GRES PORCELNICO ESMALTADO;0178691699734;;POLISHED;SARDONYX;MARMOL;;POLIVALENTE;BASE;BASE;SATEN RECTIFICADO;VARIACION ALTA;NO;NO;;;PEI IV;CLASE 0;;;GRUPO BIa;GL Esmaltado;;;NO;;1600-2400 N - 35-45 N/mm2;1;017.869.0169.09734;120X120;CATLOGO PAMESA;;;60;120;10,5;7200;60x120;CR.SARDONYX;PEARL;https://www.pamesa.com/ERP/4.0/empresas/151/045/imagenes/t00010602/0178691699734.jpg
4;869;108;9734;0048691089734;SI;PUL.COMP.;60x120 CR.SARDONYX WHITE;A;SI;SI;35.5000;POL13;PAMESA;PAMESA;L/32/02;8429991422455;;8429991773199;M2;2;1.44;32;46.08;34.25;1,121.00;122.00;84.00;75.00;;10.50;18/12/2018;PAMESA;SERIE CROMAT;GRES PORCELNICO ESMALTADO PULIDO RECTF.;0048691089734;;POLISHED;SARDONYX;MARMOL;;POLIVALENTE;;BASE;PULIDO;VARIACION ALTA;;NO;;;PEI IV;CLASE 0;;;GRUPO BIa;GL Esmaltado;60 Low;20 High;NO;;1600-2400 N - 35-45 N/mm2;1;004.869.0108.09734;75x150;CATLOGO PAMESA;;;60;120;10,5;7200;60x120;CR.SARDONYX;WHITE;https://www.pamesa.com/ERP/4.0/empresas/151/045/imagenes/t00010602/0048691089734.jpg
17;869;108;9734;0178691089734;SI;REC.GLASS;60x120 CR.SARDONYX WHITE;A;SI;SI;32.2500;POL12;PAMESA;PAMESA;L/32/02;8429991434557;;8429991773199;M2;2;1.44;32;46.08;34.25;1,121.00;122.00;84.00;75.00;;10.50;05/03/2019;PAMESA;SERIE CROMAT;GRES PORCELNICO ESMALTADO;0178691089734;;POLISHED;SARDONYX;MARMOL;;POLIVALENTE;BASE;BASE;SATEN RECTIFICADO;VARIACION ALTA;NO;NO;;;PEI IV;CLASE 0;;;GRUPO BIa;GL Esmaltado;;;NO;;1600-2400 N - 35-45 N/mm2;1;017.869.0108.09734;90X90(N);CATLOGO PAMESA;;;60;120;10,5;7200;60x120;CR.SARDONYX;WHITE;https://www.pamesa.com/ERP/4.0/empresas/151/045/imagenes/t00010602/0178691089734.jpg
4;840;163;9734;0048401639734;SI;PUL.COMP.;60x60 CR.SARDONYX CREAM;A;SI;SI;26.7500;POL06;PAMESA;PAMESA;F/30/04;8429991865658;;8429991773199;M2;4;1.44;30;43.20;30.00;920.00;120.00;80.00;73.50;;;13/11/2023;PAMESA;PAMESA;GRES PORCELNICO ESMALTADO PULIDO RECTF.;0048401639734;;POLISHED;SARDONYX;MARMOL;;POLIVALENTE;BASE;BASE;PULIDO;VARIACION ALTA;;NO;NO;;PEI IV;CLASE 0;;;GRUPO BIa;GL Esmaltado;;;NO;;1600-2400 N - 35-45 N/mm2;1;004.840.0163.09734;120X120;CATLOGO PAMESA;;;60;60;9;3600;60x60;CR.SARDONYX;CREAM;https://www.pamesa.com/ERP/4.0/empresas/151/045/imagenes/t00010602/0048401639734.jpg
17;840;163;9734;0178401639734;SI;REC.GLASS;60x60 CR.SARDONYX CREAM;A;SI;SI;22.5000;POL05;PAMESA;PAMESA;F/30/04;8429991865665;;8429991773199;M2;4;1.44;30;43.20;30.00;920.00;120.00;80.00;73.50;;;13/11/2023;PAMESA;PAMESA;GRES PORCELNICO ESMALTADO;0178401639734;;POLISHED;SARDONYX;MARMOL;;POLIVALENTE;BASE;BASE;SATEN RECTIFICADO;VARIACION ALTA;NO;NO;NO;;PEI IV;;;;GRUPO BIa;GL Esmaltado;;;NO;;1600-2400 N - 35-45 N/mm2;1;017.840.0163.09734;120X120;CATLOGO PAMESA;;;60;60;9;3600;60x60;CR.SARDONYX;CREAM;https://www.pamesa.com/ERP/4.0/empresas/151/045/imagenes/t00010602/0178401639734.jpg
4;840;169;9734;0048401699734;SI;PUL.COMP.;60x60 CR.SARDONYX PEARL;A;SI;SI;26.7500;POL06;PAMESA;PAMESA;F/30/04;8429991879419;;8429991773199;M2;4;1.44;30;43.20;30.00;920.00;120.00;80.00;73.50;;;24/01/2024;PAMESA;PAMESA;GRES PORCELNICO ESMALTADO PULIDO RECTF.;0048401699734;;POLISHED;SARDONYX;MARMOL;;POLIVALENTE;BASE;BASE;PULIDO;VARIACION ALTA;;NO;NO;;PEI IV;CLASE 0;;;GRUPO BIa;GL Esmaltado;;;NO;;1600-2400 N - 35-45 N/mm2;1;004.840.0169.09734;120X120;CATLOGO PAMESA;;;60;60;9;3600;60x60;CR.SARDONYX;PEARL;https://www.pamesa.com/ERP/4.0/empresas/151/045/imagenes/t00010602/0048401699734.jpg
17;840;169;9734;0178401699734;SI;REC.GLASS;60x60 CR.SARDONYX PEARL;A;SI;SI;22.5000;POL05;PAMESA;PAMESA;F/30/04;8429991879426;;8429991773199;M2;4;1.44;30;43.20;30.00;920.00;120.00;80.00;73.50;;;24/01/2024;PAMESA;PAMESA;GRES PORCELNICO ESMALTADO;0178401699734;;POLISHED;SARDONYX;MARMOL;;POLIVALENTE;BASE;BASE;SATEN RECTIFICADO;VARIACION ALTA;NO;NO;NO;;PEI IV;;;;GRUPO BIa;GL Esmaltado;;;NO;;1600-2400 N - 35-45 N/mm2;1;017.840.0169.09734;60X120 RF;CATLOGO PAMESA;;;60;60;9;3600;60x60;CR.SARDONYX;PEARL;https://www.pamesa.com/ERP/4.0/empresas/151/045/imagenes/t00010602/0178401699734.jpg
4;840;108;9734;0048401089734;SI;PUL.COMP.;60x60 CR.SARDONYX WHITE;A;SI;SI;26.7500;POL06;PAMESA;PAMESA;F/30/04;8429991879396;;8429991773199;M2;4;1.44;30;43.20;30.00;920.00;120.00;80.00;73.50;;;24/01/2024;PAMESA;PAMESA;GRES PORCELNICO ESMALTADO PULIDO RECTF.;0048401089734;;POLISHED;SARDONYX;MARMOL;;POLIVALENTE;BASE;BASE;PULIDO;VARIACION ALTA;;NO;NO;;PEI IV;CLASE 0;;;GRUPO BIa;GL Esmaltado;;;NO;;1600-2400 N - 35-45 N/mm2;1;004.840.0108.09734;30x30(7)Malla;CATLOGO PAMESA;;;60;60;9;3600;60x60;CR.SARDONYX;WHITE;https://www.pamesa.com/ERP/4.0/empresas/151/045/imagenes/t00010602/0048401089734.jpg
17;840;108;9734;0178401089734;SI;REC.GLASS;60x60 CR.SARDONYX WHITE;A;SI;SI;22.5000;POL05;PAMESA;PAMESA;F/30/04;8429991879402;;8429991773199;M2;4;1.44;30;43.20;30.00;920.00;120.00;80.00;73.50;;;24/01/2024;PAMESA;PAMESA;GRES PORCELNICO ESMALTADO;0178401089734;;POLISHED;SARDONYX;MARMOL;;POLIVALENTE;BASE;BASE;SATEN RECTIFICADO;VARIACION ALTA;NO;NO;NO;;PEI IV;;;;GRUPO BIa;GL Esmaltado;;;NO;;1600-2400 N - 35-45 N/mm2;1;017.840.0108.09734;60X120 RF;CATLOGO PAMESA;;;60;60;9;3600;60x60;CR.SARDONYX;WHITE;https://www.pamesa.com/ERP/4.0/empresas/151/045/imagenes/t00010602/0178401089734.jpg
25;590;163;9734;0255901639734;SI;PZ.ESP COM-GLAS;30x30(7)Malla CR.SARDONYX CREAM;A;SI;SI;57.7500;MOS7;PAMESA;PAMESA;E/42/11;8429991735715;;;M2;11;1.00;42;42.00;23.10;990.20;120.00;80.00;;;;27/05/2022;PAMESA;PAMESA;GRES PORCELNICO ESMALTADO;0255901639734;;POLISHED;SARDONYX;MARMOL;;POLIVALENTE;MALLA;;SATEN RECTIFICADO;VARIACION ALTA;NO;SIN INFORMAR;;;;CLASE 0;;;GRUPO BIa;GL Esmaltado;;;;;;1;025.590.0163.09734;60X120(n);CATLOGO PAMESA;;;30;30;0;900;30x30;CR.SARDONYX;CREAM;https://www.pamesa.com/ERP/4.0/empresas/151/045/imagenes/t00010602/0255901639734.jpg
38;590;163;9734;0385901639734;SI;PZ.E.CGLASS PUL;30x30(7)Malla CR.SARDONYX CREAM;A;SI;SI;57.7500;MOS7;PAMESA;PAMESA;E/42/11;8429991550592;;;M2;11;1.00;42;42.00;23.10;990.20;120.00;80.00;;;;05/03/2019;PAMESA;SERIE CROMAT;GRES PORCELNICO ESMALTADO PULIDO RECTF.;0385901639734;;POLISHED;SARDONYX;MARMOL;;POLIVALENTE;MALLA;;PULIDO;VARIACION ALTA;NO;SIN INFORMAR;;;;CLASE 0;;;GRUPO BIa;GL Esmaltado;;;NO;;1600-2400 N - 35-45 N/mm2;1;038.590.0163.09734;30X60(n)PB;CATLOGO PAMESA;;;30;30;0;900;30x30;CR.SARDONYX;CREAM;https://www.pamesa.com/ERP/4.0/empresas/151/045/imagenes/t00010602/0385901639734.jpg
25;590;169;9734;0255901699734;SI;PZ.ESP COM-GLAS;30x30(7)Malla CR.SARDONYX PEARL;A;SI;SI;57.7500;MOS7;PAMESA;PAMESA;E/42/11;8429991984519;;;M2;11;1.00;42;42.00;23.10;990.20;120.00;80.00;;;;16/12/2024;PAMESA;PAMESA;GRES PORCELNICO ESMALTADO;0255901699734;;POLISHED;SARDONYX;MARMOL;;POLIVALENTE;MALLA;MOSAICO;SATEN RECTIFICADO;VARIACION ALTA;NO;;;;;;;;GRUPO BIa;GL Esmaltado;;;NO;;;1;025.590.0169.09734;60X120 RF;CATLOGO PAMESA;;;30;30;0;900;30x30;CR.SARDONYX;PEARL;https://www.pamesa.com/ERP/4.0/empresas/151/045/imagenes/t00010602/0255901699734.jpg
38;590;169;9734;0385901699734;SI;PZ.E.CGLASS PUL;30x30(7)Malla CR.SARDONYX PEARL;A;SI;SI;57.7500;MOS7;PAMESA;PAMESA;E/42/11;8429991550622;;;M2;11;1.00;42;42.00;23.10;990.20;120.00;80.00;;;;05/03/2019;PAMESA;SERIE CROMAT;GRES PORCELNICO ESMALTADO PULIDO RECTF.;0385901699734;;POLISHED;SARDONYX;MARMOL;;POLIVALENTE;MALLA;;PULIDO;VARIACION ALTA;NO;SIN INFORMAR;;;;CLASE 0;;;GRUPO BIa;GL Esmaltado;;;NO;;1600-2400 N - 35-45 N/mm2;1;038.590.0169.09734;30X60(n)PB;CATLOGO PAMESA;;;30;30;0;900;30x30;CR.SARDONYX;PEARL;https://www.pamesa.com/ERP/4.0/empresas/151/045/imagenes/t00010602/0385901699734.jpg
25;590;108;9734;0255901089734;SI;PZ.ESP COM-GLAS;30x30(7)Malla CR.SARDONYX WHITE;A;SI;SI;57.7500;MOS7;PAMESA;PAMESA;E/42/11;8429991726010;;;M2;11;1.00;42;42.00;23.10;990.20;120.00;80.00;;;;25/04/2022;PAMESA;PAMESA;GRES PORCELNICO ESMALTADO;0255901089734;;POLISHED;SARDONYX;MARMOL;;POLIVALENTE;MALLA;;SATEN RECTIFICADO;VARIACION ALTA;NO;SIN INFORMAR;;;;CLASE 0;;;GRUPO BIa;GL Esmaltado;;;;;;1;025.590.0108.09734;120X120;CATLOGO PAMESA;;;30;30;0;900;30x30;CR.SARDONYX;WHITE;https://www.pamesa.com/ERP/4.0/empresas/151/045/imagenes/t00010602/0255901089734.jpg
38;590;108;9734;0385901089734;SI;PZ.E.CGLASS PUL;30x30(7)Malla CR.SARDONYX WHITE;A;SI;SI;57.7500;MOS7;PAMESA;PAMESA;E/42/11;8429991550554;;;M2;11;1.00;42;42.00;23.10;990.20;120.00;80.00;;;;05/03/2019;PAMESA;SERIE CROMAT;GRES PORCELNICO ESMALTADO PULIDO RECTF.;0385901089734;;POLISHED;SARDONYX;MARMOL;;POLIVALENTE;MALLA;;PULIDO;VARIACION ALTA;NO;SIN INFORMAR;;;;CLASE 0;;;GRUPO BIa;GL Esmaltado;;;NO;;1600-2400 N - 35-45 N/mm2;1;038.590.0108.09734;33,3x100;CATLOGO PAMESA;;;30;30;0;900;30x30;CR.SARDONYX;WHITE;https://www.pamesa.com/ERP/4.0/empresas/151/045/imagenes/t00010602/0385901089734.jpg
4;120;7;14631;0041200024425;SI;PUL.COMP.;120x120 SENSE BEIGE;A;SI;SI;0.0000;POL19;PAMESA;PAMESA;23/36/01;8429991969370;;8429991773199;M2;1;1.44;36;51.84;34.36;1,276.96;126.00;126.00;71.00;;;03/10/2024;PAMESA;PAMESA;GRES PORCELNICO ESMALTADO PULIDO RECTF.;0041200024425;;POLISHED;SENSE;MARMOL;;POLIVALENTE;BASE;BASE;PULIDO;VARIACION MODERADA;;NO;;;;CLASE 0;;;GRUPO BIa;GL Esmaltado;;;NO;;1600-2400 N - 35-45 N/mm2;1;004.120.0007.14631;60X60;CATLOGO PAMESA;;;120;120;10,2;14400;120x120;SENSE;BEIGE;https://www.pamesa.com/ERP/4.0/empresas/151/045/imagenes/t00010602/0041200024425.jpg
17;120;7;14631;0171200024425;SI;REC.GLASS;120x120 SENSE BEIGE;A;SI;SI;0.0000;POL18;PAMESA;PAMESA;23/36/01;8429991969394;;8429991773199;M2;1;1.44;36;51.84;34.36;1,276.96;126.00;126.00;71.00;;;03/10/2024;PAMESA;PAMESA;GRES PORCELNICO ESMALTADO;0171200024425;;POLISHED;SENSE;MARMOL;;POLIVALENTE;BASE;BASE;SATEN RECTIFICADO;VARIACION MODERADA;;NO;;;;CLASE 0;;;GRUPO BIa;GL Esmaltado;;;NO;;1600-2400 N - 35-45 N/mm2;1;017.120.0007.14631;33,3x55;CATLOGO PAMESA;;;120;120;10,2;14400;120x120;SENSE;BEIGE;https://www.pamesa.com/ERP/4.0/empresas/151/045/imagenes/t00010602/0171200024425.jpg
4;120;12;14631;0041200024427;SI;PUL.COMP.;120x120 SENSE BLANCO;A;SI;SI;0.0000;POL19;PAMESA;PAMESA;23/36/01;8429991969387;;8429991773199;M2;1;1.44;36;51.84;34.36;1,276.96;126.00;126.00;71.00;;;03/10/2024;PAMESA;PAMESA;GRES PORCELNICO ESMALTADO PULIDO RECTF.;0041200024427;;POLISHED;SENSE;MARMOL;;POLIVALENTE;BASE;BASE;PULIDO;VARIACION MODERADA;;NO;;;;CLASE 0;;;GRUPO BIa;GL Esmaltado;;;NO;;1600-2400 N - 35-45 N/mm2;1;004.120.0012.14631;120X120;CATLOGO PAMESA;;;120;120;10,2;14400;120x120;SENSE;BLANCO;https://www.pamesa.com/ERP/4.0/empresas/151/045/imagenes/t00010602/0041200024427.jpg
17;120;12;14631;0171200024427;SI;REC.GLASS;120x120 SENSE BLANCO;A;SI;SI;0.0000;POL18;PAMESA;PAMESA;23/36/01;8429991969400;;8429991773199;M2;1;1.44;36;51.84;34.36;1,276.96;126.00;126.00;71.00;;;03/10/2024;PAMESA;PAMESA;GRES PORCELNICO ESMALTADO;0171200024427;;POLISHED;SENSE;MARMOL;;POLIVALENTE;BASE;BASE;SATEN RECTIFICADO;VARIACION MODERADA;;NO;;;;CLASE 0;;;GRUPO BIa;GL Esmaltado;;;NO;;1600-2400 N - 35-45 N/mm2;1;017.120.0012.14631;25x70;CATLOGO PAMESA;;;120;120;10,2;14400;120x120;SENSE;BLANCO;https://www.pamesa.com/ERP/4.0/empresas/151/045/imagenes/t00010602/0171200024427.jpg
4;120;2;14631;0041200023584;SI;PUL.COMP.;120x120 SENSE GRIS;A;SI;SI;49.0000;POL19;PAMESA;PAMESA;23/36/01;8429991940249;;8429991773199;M2;1;1.44;36;51.84;34.36;1,276.96;126.00;126.00;71.00;;;11/06/2024;PAMESA;PAMESA;GRES PORCELNICO ESMALTADO PULIDO RECTF.;0041200023584;;POLISHED;SENSE;MARMOL;;POLIVALENTE;BASE;BASE;PULIDO;VARIACION MODERADA;;NO;NO;;;CLASE 0;;;GRUPO BIa;GL Esmaltado;;;NO;;1600-2400 N - 35-45 N/mm2;1;004.120.0002.14631;60X120 RF;CATLOGO PAMESA;;;120;120;10,2;14400;120x120;SENSE;GRIS;https://www.pamesa.com/ERP/4.0/empresas/151/045/imagenes/t00010602/0041200023584.jpg
17;120;2;14631;0171200023584;SI;REC.GLASS;120x120 SENSE GRIS;A;SI;SI;42.2500;POL18;PAMESA;PAMESA;23/36/01;8429991940263;;8429991773199;M2;1;1.44;36;51.84;34.36;1,276.96;126.00;126.00;71.00;;;11/06/2024;PAMESA;PAMESA;GRES PORCELNICO ESMALTADO;0171200023584;;POLISHED;SENSE;MARMOL;;POLIVALENTE;BASE;BASE;SATEN RECTIFICADO;VARIACION MODERADA;;NO;NO;;;CLASE 0;;;GRUPO BIa;GL Esmaltado;;;NO;;1600-2400 N - 35-45 N/mm2;1;017.120.0002.14631;33,3x55;CATLOGO PAMESA;;;120;120;10,2;14400;120x120;SENSE;GRIS;https://www.pamesa.com/ERP/4.0/empresas/151/045/imagenes/t00010602/0171200023584.jpg
4;120;37;14631;0041200023585;SI;PUL.COMP.;120x120 SENSE PERLA;A;SI;SI;49.0000;POL19;PAMESA;PAMESA;23/36/01;8429991940256;;8429991773199;M2;1;1.44;36;51.84;34.36;1,276.96;126.00;126.00;71.00;;;11/06/2024;PAMESA;PAMESA;GRES PORCELNICO ESMALTADO PULIDO RECTF.;0041200023585;;POLISHED;SENSE;MARMOL;;POLIVALENTE;BASE;BASE;PULIDO;VARIACION MODERADA;;NO;NO;;;CLASE 0;;;GRUPO BIa;GL Esmaltado;;;NO;;1600-2400 N - 35-45 N/mm2;1;004.120.0037.14631;120X280(6MM);CATLOGO PAMESA;;;120;120;10,2;14400;120x120;SENSE;PERLA;https://www.pamesa.com/ERP/4.0/empresas/151/045/imagenes/t00010602/0041200023585.jpg
17;120;37;14631;0171200023585;SI;REC.GLASS;120x120 SENSE PERLA;A;SI;SI;42.2500;POL18;PAMESA;PAMESA;23/36/01;8429991940287;;8429991773199;M2;1;1.44;36;51.84;34.36;1,276.96;126.00;126.00;71.00;;;11/06/2024;PAMESA;PAMESA;GRES PORCELNICO ESMALTADO;0171200023585;;POLISHED;SENSE;MARMOL;;POLIVALENTE;BASE;BASE;SATEN RECTIFICADO;VARIACION MODERADA;;NO;NO;;;CLASE 0;;;GRUPO BIa;GL Esmaltado;;;NO;;1600-2400 N - 35-45 N/mm2;1;017.120.0037.14631;33,3x55;CATLOGO PAMESA;;;120;120;10,2;14400;120x120;SENSE;PERLA;https://www.pamesa.com/ERP/4.0/empresas/151/045/imagenes/t00010602/0171200023585.jpg
4;869;7;14631;0048690024425;SI;PUL.COMP.;60x120 SENSE BEIGE;A;SI;SI;0.0000;POL13;PAMESA;PAMESA;L/32/02;8429991969332;;8429991773199;M2;2;1.44;32;46.08;34.25;1,121.00;122.00;84.00;75.00;;10.50;03/10/2024;PAMESA;PAMESA;GRES PORCELNICO ESMALTADO PULIDO RECTF.;0048690024425;;POLISHED;SENSE;MARMOL;;POLIVALENTE;BASE;BASE;PULIDO;VARIACION MODERADA;;NO;;;;CLASE 0;;;GRUPO BIa;GL Esmaltado;;;NO;;1600-2400 N - 35-45 N/mm2;1;004.869.0007.14631;60X60;CATLOGO PAMESA;;;60;120;10,5;7200;60x120;SENSE;BEIGE;https://www.pamesa.com/ERP/4.0/empresas/151/045/imagenes/t00010602/0048690024425.jpg
17;869;7;14631;0178690024425;SI;REC.GLASS;60x120 SENSE BEIGE;A;SI;SI;0.0000;POL12;PAMESA;PAMESA;L/32/02;8429991969356;;8429991773199;M2;2;1.44;32;46.08;34.25;1,121.00;122.00;84.00;75.00;;10.50;03/10/2024;PAMESA;PAMESA;GRES PORCELNICO ESMALTADO;0178690024425;;POLISHED;SENSE;MARMOL;;POLIVALENTE;BASE;BASE;SATEN RECTIFICADO;VARIACION MODERADA;;NO;;;;CLASE 0;;;GRUPO BIa;GL Esmaltado;;;NO;;1600-2400 N - 35-45 N/mm2;1;017.869.0007.14631;120X280(6MM);CATLOGO PAMESA;;;60;120;10,5;7200;60x120;SENSE;BEIGE;https://www.pamesa.com/ERP/4.0/empresas/151/045/imagenes/t00010602/0178690024425.jpg
4;869;12;14631;0048690024427;SI;PUL.COMP.;60x120 SENSE BLANCO;A;SI;SI;0.0000;POL13;PAMESA;PAMESA;L/32/02;8429991969349;;8429991773199;M2;2;1.44;32;46.08;34.25;1,121.00;122.00;84.00;75.00;;10.50;03/10/2024;PAMESA;PAMESA;GRES PORCELNICO ESMALTADO PULIDO RECTF.;0048690024427;;POLISHED;SENSE;MARMOL;;POLIVALENTE;BASE;BASE;PULIDO;VARIACION MODERADA;;NO;;;;CLASE 0;;;GRUPO BIa;GL Esmaltado;;;NO;;1600-2400 N - 35-45 N/mm2;1;004.869.0012.14631;30x30(7)Malla;CATLOGO PAMESA;;;60;120;10,5;7200;60x120;SENSE;BLANCO;https://www.pamesa.com/ERP/4.0/empresas/151/045/imagenes/t00010602/0048690024427.jpg
17;869;12;14631;0178690024427;SI;REC.GLASS;60x120 SENSE BLANCO;A;SI;SI;0.0000;POL12;PAMESA;PAMESA;L/32/02;8429991969363;;8429991773199;M2;2;1.44;32;46.08;34.25;1,121.00;122.00;84.00;75.00;;10.50;03/10/2024;PAMESA;PAMESA;GRES PORCELNICO ESMALTADO;0178690024427;;POLISHED;SENSE;MARMOL;;POLIVALENTE;BASE;BASE;SATEN RECTIFICADO;VARIACION MODERADA;;NO;;;;CLASE 0;;;GRUPO BIa;GL Esmaltado;;;NO;;1600-2400 N - 35-45 N/mm2;1;017.869.0012.14631;160X160;CATLOGO PAMESA;;;60;120;10,5;7200;60x120;SENSE;BLANCO;https://www.pamesa.com/ERP/4.0/empresas/151/045/imagenes/t00010602/0178690024427.jpg
4;869;2;14631;0048690023584;SI;PUL.COMP.;60x120 SENSE GRIS;A;SI;SI;35.5000;POL13;PAMESA;PAMESA;L/32/02;8429991940294;;8429991773199;M2;2;1.44;32;46.08;34.25;1,121.00;122.00;84.00;75.00;;10.50;11/06/2024;PAMESA;PAMESA;GRES PORCELNICO ESMALTADO PULIDO RECTF.;0048690023584;;POLISHED;SENSE;MARMOL;;POLIVALENTE;BASE;BASE;PULIDO;VARIACION MODERADA;;NO;NO;;;CLASE 0;;;GRUPO BIa;GL Esmaltado;;;NO;;1600-2400 N - 35-45 N/mm2;1;004.869.0002.14631;60X60;CATLOGO PAMESA;;;60;120;10,5;7200;60x120;SENSE;GRIS;https://www.pamesa.com/ERP/4.0/empresas/151/045/imagenes/t00010602/0048690023584.jpg
17;869;2;14631;0178690023584;SI;REC.GLASS;60x120 SENSE GRIS;A;SI;SI;32.2500;POL12;PAMESA;PAMESA;L/32/02;8429991940324;;8429991773199;M2;2;1.44;32;46.08;34.25;1,121.00;122.00;84.00;75.00;;10.50;11/06/2024;PAMESA;PAMESA;GRES PORCELNICO ESMALTADO;0178690023584;;POLISHED;SENSE;MARMOL;;POLIVALENTE;BASE;BASE;SATEN RECTIFICADO;VARIACION MODERADA;;NO;NO;;;CLASE 0;;;GRUPO BIa;GL Esmaltado;;;NO;;1600-2400 N - 35-45 N/mm2;1;017.869.0002.14631;30X30 (5)MALLA;CATLOGO PAMESA;;;60;120;10,5;7200;60x120;SENSE;GRIS;https://www.pamesa.com/ERP/4.0/empresas/151/045/imagenes/t00010602/0178690023584.jpg
4;869;37;14631;0048690023585;SI;PUL.COMP.;60x120 SENSE PERLA;A;SI;SI;35.5000;POL13;PAMESA;PAMESA;L/32/02;8429991940317;;8429991773199;M2;2;1.44;32;46.08;34.25;1,121.00;122.00;84.00;75.00;;10.50;11/06/2024;PAMESA;PAMESA;GRES PORCELNICO ESMALTADO PULIDO RECTF.;0048690023585;;POLISHED;SENSE;MARMOL;;POLIVALENTE;BASE;BASE;PULIDO;VARIACION MODERADA;;NO;NO;;;CLASE 0;;;GRUPO BIa;GL Esmaltado;;;NO;;1600-2400 N - 35-45 N/mm2;1;004.869.0037.14631;120X120;CATLOGO PAMESA;;;60;120;10,5;7200;60x120;SENSE;PERLA;https://www.pamesa.com/ERP/4.0/empresas/151/045/imagenes/t00010602/0048690023585.jpg
17;869;37;14631;0178690023585;SI;REC.GLASS;60x120 SENSE PERLA;A;SI;SI;32.2500;POL12;PAMESA;PAMESA;L/32/02;8429991940348;;8429991773199;M2;2;1.44;32;46.08;34.25;1,121.00;122.00;84.00;75.00;;10.50;11/06/2024;PAMESA;PAMESA;GRES PORCELNICO ESMALTADO;0178690023585;;POLISHED;SENSE;MARMOL;;POLIVALENTE;BASE;BASE;SATEN RECTIFICADO;VARIACION MODERADA;;NO;NO;;;CLASE 0;;;GRUPO BIa;GL Esmaltado;;;NO;;1600-2400 N - 35-45 N/mm2;1;017.869.0037.14631;100x100(N)20MM;CATLOGO PAMESA;;;60;120;10,5;7200;60x120;SENSE;PERLA;https://www.pamesa.com/ERP/4.0/empresas/151/045/imagenes/t00010602/0178690023585.jpg
4;840;7;14631;0048400024425;SI;PUL.COMP.;60x60 SENSE BEIGE;A;SI;SI;26.7500;POL06;PAMESA;PAMESA;F/30/04;8429991976354;;8429991773199;M2;4;1.44;30;43.20;30.00;920.00;120.00;80.00;73.50;;;11/06/2024;PAMESA;PAMESA;GRES PORCELNICO ESMALTADO PULIDO RECTF.;0048400024425;;POLISHED;SENSE;MARMOL;;POLIVALENTE;BASE;BASE;PULIDO;VARIACION MODERADA;;NO;;;;CLASE 0;;;GRUPO BIa;GL Esmaltado;;;NO;;1600-2400 N - 35-45 N/mm2;1;004.840.0007.14631;90X90(N);CATLOGO PAMESA;;;60;60;9;3600;60x60;SENSE;BEIGE;https://www.pamesa.com/ERP/4.0/empresas/151/045/imagenes/t00010602/0048400024425.jpg
17;840;7;14631;0178400024425;SI;REC.GLASS;60x60 SENSE BEIGE;A;SI;SI;0.0000;POL05;PAMESA;PAMESA;F/30/04;8429991976347;;8429991773199;M2;4;1.44;30;43.20;30.00;920.00;120.00;80.00;73.50;;;11/11/2024;PAMESA;PAMESA;GRES PORCELNICO ESMALTADO;0178400024425;;POLISHED;SENSE;MARMOL;;POLIVALENTE;BASE;BASE;SATEN RECTIFICADO;VARIACION MODERADA;;NO;;;;CLASE 0;;;GRUPO BIa;GL Esmaltado;;;NO;;1600-2400 N - 35-45 N/mm2;1;017.840.0007.14631;120X120;CATLOGO PAMESA;;;60;60;9;3600;60x60;SENSE;BEIGE;https://www.pamesa.com/ERP/4.0/empresas/151/045/imagenes/t00010602/0178400024425.jpg
4;840;12;14631;0048400024427;SI;PUL.COMP.;60x60 SENSE BLANCO;A;SI;SI;26.7500;POL06;PAMESA;PAMESA;F/30/04;8429991976378;;8429991773199;M2;4;1.44;30;43.20;30.00;920.00;120.00;80.00;73.50;;;11/11/2024;PAMESA;PAMESA;GRES PORCELNICO ESMALTADO PULIDO RECTF.;0048400024427;;POLISHED;SENSE;MARMOL;;POLIVALENTE;BASE;BASE;PULIDO;VARIACION MODERADA;;NO;;;;CLASE 0;;;GRUPO BIa;GL Esmaltado;;;NO;;1600-2400 N - 35-45 N/mm2;1;004.840.0012.14631;60X120 RF;CATLOGO PAMESA;;;60;60;9;3600;60x60;SENSE;BLANCO;https://www.pamesa.com/ERP/4.0/empresas/151/045/imagenes/t00010602/0048400024427.jpg
17;840;12;14631;0178400024427;SI;REC.GLASS;60x60 SENSE BLANCO;A;SI;SI;22.5000;POL05;PAMESA;PAMESA;F/30/04;8429991976361;;8429991773199;M2;4;1.44;30;43.20;30.00;920.00;120.00;80.00;73.50;;;11/11/2024;PAMESA;PAMESA;GRES PORCELNICO ESMALTADO;0178400024427;;POLISHED;SENSE;MARMOL;;POLIVALENTE;BASE;BASE;SATEN RECTIFICADO;VARIACION MODERADA;;NO;;;;CLASE 0;;;GRUPO BIa;GL Esmaltado;;;NO;;1600-2400 N - 35-45 N/mm2;1;017.840.0012.14631;60X60N(20MM);CATLOGO PAMESA;;;60;60;9;3600;60x60;SENSE;BLANCO;https://www.pamesa.com/ERP/4.0/empresas/151/045/imagenes/t00010602/0178400024427.jpg
4;840;2;14631;0048400023584;SI;PUL.COMP.;60x60 SENSE GRIS;A;SI;SI;26.7500;POL06;PAMESA;PAMESA;F/30/04;8429991940362;;8429991773199;M2;4;1.44;30;43.20;30.00;920.00;120.00;80.00;73.50;;;11/11/2024;PAMESA;PAMESA;GRES PORCELNICO ESMALTADO PULIDO RECTF.;0048400023584;;POLISHED;SENSE;MARMOL;;POLIVALENTE;BASE;BASE;PULIDO;VARIACION MODERADA;;NO;;;;CLASE 0;;;GRUPO BIa;GL Esmaltado;;;NO;;1600-2400 N - 35-45 N/mm2;1;004.840.0002.14631;90X90(N);CATLOGO PAMESA;;;60;60;9;3600;60x60;SENSE;GRIS;https://www.pamesa.com/ERP/4.0/empresas/151/045/imagenes/t00010602/0048400023584.jpg
17;840;2;14631;0178400023584;SI;REC.GLASS;60x60 SENSE GRIS;A;SI;SI;22.5000;POL05;PAMESA;PAMESA;F/30/04;8429991940393;;8429991773199;M2;4;1.44;30;43.20;30.00;920.00;120.00;80.00;73.50;;;11/11/2024;PAMESA;PAMESA;GRES PORCELNICO ESMALTADO;0178400023584;;POLISHED;SENSE;MARMOL;;POLIVALENTE;BASE;BASE;SATEN RECTIFICADO;VARIACION MODERADA;;NO;;;;CLASE 0;;;GRUPO BIa;GL Esmaltado;;;NO;;1600-2400 N - 35-45 N/mm2;1;017.840.0002.14631;120X120;CATLOGO PAMESA;;;60;60;9;3600;60x60;SENSE;GRIS;https://www.pamesa.com/ERP/4.0/empresas/151/045/imagenes/t00010602/0178400023584.jpg
4;840;37;14631;0048400023585;SI;PUL.COMP.;60x60 SENSE PERLA;A;SI;SI;26.7500;POL06;PAMESA;PAMESA;F/30/04;8429991940386;;8429991773199;M2;4;1.44;30;43.20;30.00;920.00;120.00;80.00;73.50;;;11/06/2024;PAMESA;PAMESA;GRES PORCELNICO ESMALTADO PULIDO RECTF.;0048400023585;;POLISHED;SENSE;MARMOL;;POLIVALENTE;BASE;BASE;PULIDO;VARIACION MODERADA;;NO;NO;;;CLASE 0;;;GRUPO BIa;GL Esmaltado;;;NO;;1600-2400 N - 35-45 N/mm2;1;004.840.0037.14631;60X120 RF;CATLOGO PAMESA;;;60;60;9;3600;60x60;SENSE;PERLA;https://www.pamesa.com/ERP/4.0/empresas/151/045/imagenes/t00010602/0048400023585.jpg
17;840;37;14631;0178400023585;SI;REC.GLASS;60x60 SENSE PERLA;A;SI;SI;22.5000;POL05;PAMESA;PAMESA;F/30/04;8429991940416;;8429991773199;M2;4;1.44;30;43.20;30.00;920.00;120.00;80.00;73.50;;;11/06/2024;PAMESA;PAMESA;GRES PORCELNICO ESMALTADO;0178400023585;;POLISHED;SENSE;MARMOL;;POLIVALENTE;BASE;BASE;SATEN RECTIFICADO;VARIACION MODERADA;;NO;NO;;;CLASE 0;;;GRUPO BIa;GL Esmaltado;;;NO;;1600-2400 N - 35-45 N/mm2;1;017.840.0037.14631;30,3X61,3;CATLOGO PAMESA;;;60;60;9;3600;60x60;SENSE;PERLA;https://www.pamesa.com/ERP/4.0/empresas/151/045/imagenes/t00010602/0178400023585.jpg
25;590;7;14631;0255900024425;SI;PZ.ESP COM-GLAS;30x30(7)Malla SENSE BEIGE;A;SI;SI;57.7500;MOS7;PAMESA;PAMESA;E/42/11;8429991986629;;;M2;11;1.00;42;42.00;23.10;990.20;120.00;80.00;;;;20/12/2024;PAMESA;;GRES PORCELNICO ESMALTADO;0255900024425;;POLISHED;SENSE;MARMOL;;POLIVALENTE;MALLA;MOSAICO;SATEN RECTIFICADO;VARIACION MODERADA;;NO;;;;CLASE 0;;;GRUPO BIa;GL Esmaltado;;;NO;;;1;025.590.0007.14631;45X45;CATLOGO PAMESA;;;30;30;0;900;30x30;SENSE;BEIGE;https://www.pamesa.com/ERP/4.0/empresas/151/045/imagenes/t00010602/0255900024425.jpg
38;590;7;14631;0385900024425;SI;PZ.E.CGLASS PUL;30x30(7)Malla SENSE BEIGE;A;SI;SI;57.7500;MOS7;PAMESA;PAMESA;E/42/11;8429991986643;;;M2;11;1.00;42;42.00;23.10;990.20;120.00;80.00;;;;20/12/2024;PAMESA;;GRES PORCELNICO ESMALTADO PULIDO RECTF.;0385900024425;;POLISHED;SENSE;MARMOL;;POLIVALENTE;MALLA;MOSAICO;PULIDO;VARIACION MODERADA;NO;NO;;;;CLASE 0;;;GRUPO BIa;GL Esmaltado;;;NO;;;1;038.590.0007.14631;30X90PBCA;CATLOGO PAMESA;;;30;30;0;900;30x30;SENSE;BEIGE;https://www.pamesa.com/ERP/4.0/empresas/151/045/imagenes/t00010602/0385900024425.jpg
25;590;12;14631;0255900024427;SI;PZ.ESP COM-GLAS;30x30(7)Malla SENSE BLANCO;A;SI;SI;57.7500;MOS7;PAMESA;PAMESA;E/42/11;8429991986636;;;M2;11;1.00;42;42.00;23.10;990.20;120.00;80.00;;;;20/12/2024;PAMESA;;GRES PORCELNICO ESMALTADO;0255900024427;;POLISHED;SENSE;MARMOL;;POLIVALENTE;MALLA;MOSAICO;SATEN RECTIFICADO;VARIACION MODERADA;;NO;;;;CLASE 0;;;GRUPO BIa;GL Esmaltado;;;NO;;;1;025.590.0012.14631;90X90(N);CATLOGO PAMESA;;;30;30;0;900;30x30;SENSE;BLANCO;https://www.pamesa.com/ERP/4.0/empresas/151/045/imagenes/t00010602/0255900024427.jpg
38;590;12;14631;0385900024427;SI;PZ.E.CGLASS PUL;30x30(7)Malla SENSE BLANCO;A;SI;SI;5.5000;MOS7;PAMESA;PAMESA;E/42/11;8429991986650;;;M2;11;1.00;42;42.00;23.10;990.20;120.00;80.00;;;;20/12/2024;PAMESA;;GRES PORCELNICO ESMALTADO PULIDO RECTF.;0385900024427;;POLISHED;SENSE;MARMOL;;POLIVALENTE;MALLA;MOSAICO;PULIDO;VARIACION MODERADA;NO;NO;;;;CLASE 0;;;GRUPO BIa;GL Esmaltado;;;NO;;;1;038.590.0012.14631;33,3x100;CATLOGO PAMESA;;;30;30;0;900;30x30;SENSE;BLANCO;https://www.pamesa.com/ERP/4.0/empresas/151/045/imagenes/t00010602/0385900024427.jpg
25;590;2;14631;0255900023584;SI;PZ.ESP COM-GLAS;30x30(7)Malla SENSE GRIS;A;SI;SI;57.7500;MOS7;PAMESA;PAMESA;E/42/11;8429991962791;;;M2;11;1.00;42;42.00;23.10;990.20;120.00;80.00;;;;06/09/2024;PAMESA;PAMESA;GRES PORCELNICO ESMALTADO;0255900023584;;POLISHED;SENSE;MARMOL;;POLIVALENTE;MALLA;MOSAICO;SATEN RECTIFICADO;VARIACION MODERADA;;NO;NO;;;CLASE 0;;;GRUPO BIa;GL Esmaltado;;;NO;;;1;025.590.0002.14631;60x60 Ind;CATLOGO PAMESA;;;30;30;0;900;30x30;SENSE;GRIS;https://www.pamesa.com/ERP/4.0/empresas/151/045/imagenes/t00010602/0255900023584.jpg
38;590;2;14631;0385900023584;SI;PZ.E.CGLASS PUL;30x30(7)Malla SENSE GRIS;A;SI;SI;57.7500;MOS7;PAMESA;PAMESA;E/42/11;8429991962838;;;M2;11;1.00;42;42.00;23.10;990.20;120.00;80.00;;;;06/09/2024;PAMESA;PAMESA;GRES PORCELNICO ESMALTADO PULIDO RECTF.;0385900023584;;POLISHED;SENSE;MARMOL;;POLIVALENTE;MALLA;MOSAICO;PULIDO;VARIACION MODERADA;NO;NO;NO;;;CLASE 0;;;GRUPO BIa;GL Esmaltado;;;NO;;;1;038.590.0002.14631;30X90PBCA;CATLOGO PAMESA;;;30;30;0;900;30x30;SENSE;GRIS;https://www.pamesa.com/ERP/4.0/empresas/151/045/imagenes/t00010602/0385900023584.jpg
25;590;37;14631;0255900023585;SI;PZ.ESP COM-GLAS;30x30(7)Malla SENSE PERLA;A;SI;SI;57.7500;MOS7;PAMESA;PAMESA;E/42/11;8429991962784;;;M2;11;1.00;42;42.00;23.10;990.20;120.00;80.00;;;;06/09/2024;PAMESA;PAMESA;GRES PORCELNICO ESMALTADO;0255900023585;;POLISHED;SENSE;MARMOL;;POLIVALENTE;MALLA;MOSAICO;SATEN RECTIFICADO;VARIACION MODERADA;;NO;NO;;;CLASE 0;;;GRUPO BIa;GL Esmaltado;;;NO;;;1;025.590.0037.14631;30x60 (C);CATLOGO PAMESA;;;30;30;0;900;30x30;SENSE;PERLA;https://www.pamesa.com/ERP/4.0/empresas/151/045/imagenes/t00010602/0255900023585.jpg
38;590;37;14631;0385900023585;SI;PZ.E.CGLASS PUL;30x30(7)Malla SENSE PERLA;A;SI;SI;57.7500;MOS7;PAMESA;PAMESA;E/42/11;8429991962821;;;M2;11;1.00;42;42.00;23.10;990.20;120.00;80.00;;;;06/09/2024;PAMESA;PAMESA;GRES PORCELNICO ESMALTADO PULIDO RECTF.;0385900023585;;POLISHED;SENSE;MARMOL;;POLIVALENTE;MALLA;MOSAICO;PULIDO;VARIACION MODERADA;NO;NO;NO;;;CLASE 0;;;GRUPO BIa;GL Esmaltado;;;NO;;;1;038.590.0037.14631;30X90PBCA;CATLOGO PAMESA;;;30;30;0;900;30x30;SENSE;PERLA;https://www.pamesa.com/ERP/4.0/empresas/151/045/imagenes/t00010602/0385900023585.jpg
4;120;1;14164;0041200022086;SI;PUL.COMP.;120x120 TAJ MAHAL 1.;A;SI;SI;49.0000;POL19;PAMESA;PAMESA;23/36/01;8429991876258;;8429991773199;M2;1;1.44;36;51.84;34.36;1,276.96;126.00;126.00;71.00;;;11/01/2024;PAMESA;PAMESA;GRES PORCELNICO ESMALTADO PULIDO RECTF.;0041200022086;;POLISHED;TAJ MAHAL;MARMOL;;POLIVALENTE;BASE;BASE;PULIDO;VARIACION MODERADA;NO;NO;NO;;;CLASE 0;;;GRUPO BIa;GL Esmaltado;;;NO;;1600-2400 N - 35-45 N/mm2;1;004.120.0001.14164;60X120 RF;CATLOGO PAMESA;;;120;120;10,2;14400;120x120;TAJ MAHAL;1.;https://www.pamesa.com/ERP/4.0/empresas/151/045/imagenes/t00010602/0041200022086.jpg
17;120;1;14164;0171200022086;SI;REC.GLASS;120x120 TAJ MAHAL 1.;A;SI;SI;42.2500;POL18;PAMESA;PAMESA;23/36/01;8429991876265;;8429991773199;M2;1;1.44;36;51.84;34.36;1,276.96;126.00;126.00;71.00;;;11/01/2024;PAMESA;PAMESA;GRES PORCELNICO ESMALTADO;0171200022086;;POLISHED;TAJ MAHAL;MARMOL;;POLIVALENTE;BASE;BASE;SATEN RECTIFICADO;VARIACION MODERADA;NO;NO;NO;;;CLASE 0;;;GRUPO BIa;GL Esmaltado;;;NO;;1600-2400 N - 35-45 N/mm2;1;017.120.0001.14164;45X45;CATLOGO PAMESA;;;120;120;10,2;14400;120x120;TAJ MAHAL;1.;https://www.pamesa.com/ERP/4.0/empresas/151/045/imagenes/t00010602/0171200022086.jpg
4;120;108;14164;0041200041273;SI;PUL.COMP.;120x120 TAJ MAHAL WHITE;A;SI;SI;17.5000;POL19;PAMESA;PAMESA;23/36/01;8429991191177;;8429991773199;M2;1;1.44;36;51.84;34.36;1,276.96;126.00;126.00;71.00;;;04/11/2025;PAMESA;PAMESA;GRES PORCELNICO ESMALTADO PULIDO RECTF.;0041200041273;;POLISHED;TAJ MAHAL;MARMOL;;POLIVALENTE;BASE;BASE;PULIDO;VARIACION MODERADA;;NO;;;;CLASE 0;;;GRUPO BIa;GL Esmaltado;;;NO;;1600-2400 N - 35-45 N/mm2;1;004.120.0108.14164;120X120;CATLOGO PAMESA;;;120;120;10,2;14400;120x120;TAJ MAHAL;WHITE;https://www.pamesa.com/ERP/4.0/empresas/151/045/imagenes/t00010602/0041200041273.jpg
17;120;108;14164;0171200041274;SI;REC.GLASS;120x120 TAJ MAHAL WHITE;A;SI;SI;17.5000;POL18;PAMESA;PAMESA;23/36/01;8429991191184;;8429991773199;M2;1;1.44;36;51.84;34.36;1,276.96;126.00;126.00;71.00;;;04/11/2025;PAMESA;PAMESA;GRES PORCELNICO ESMALTADO PULIDO RECTF.;0171200041274;;POLISHED;TAJ MAHAL;MARMOL;;POLIVALENTE;BASE;BASE;SATEN RECTIFICADO;VARIACION MODERADA;;NO;;;;CLASE 0;;;GRUPO BIa;GL Esmaltado;;;NO;;1600-2400 N - 35-45 N/mm2;1;017.120.0108.14164;33,3x55;CATLOGO PAMESA;;;120;120;10,2;14400;120x120;TAJ MAHAL;WHITE;https://www.pamesa.com/ERP/4.0/empresas/151/045/imagenes/t00010602/0171200041274.jpg
17;10;1;15490;0170100030033;SI;REC.GLASS;100x100 TAJ MAHAL ST 1.;A;SI;SI;0.0000;;PAMESA;PAMESA;27/27/02;8429991145149;;8429991773199;M2;2;2.00;27;54.00;41.15;1,133.05;107.00;107.00;77.00;;;26/05/2025;PAMESA;PAMESA;GRES PORCELNICO ESMALTADO;0170100030033;;POLISHED;TAJ MAHAL;MARMOL;;POLIVALENTE;BASE;BASE;SATEN RECTIFICADO;VARIACION MODERADA;;;;;;;;;GRUPO BIa;GL Esmaltado;;;NO;;1600-2400 N - 35-45 N/mm2;1;017.010.0001.15490;30,3X61,3;CATLOGO PAMESA;;;100;100;9;10000;100x100;TAJ MAHAL ST;1.;https://www.pamesa.com/ERP/4.0/empresas/151/045/imagenes/t00010602/0170100030033.jpg
4;869;1;14164;0048690022086;SI;PUL.COMP.;60x120 TAJ MAHAL 1.;A;SI;SI;35.5000;POL13;PAMESA;PAMESA;L/32/02;8429991876272;;8429991773199;M2;2;1.44;32;46.08;34.25;1,121.00;122.00;84.00;75.00;;10.50;11/01/2024;PAMESA;PAMESA;GRES PORCELNICO ESMALTADO PULIDO RECTF.;0048690022086;;POLISHED;TAJ MAHAL;MARMOL;;POLIVALENTE;BASE;BASE;PULIDO;VARIACION MODERADA;NO;NO;NO;;;CLASE 0;;;GRUPO BIa;GL Esmaltado;;;NO;;1600-2400 N - 35-45 N/mm2;1;004.869.0001.14164;60X60;CATLOGO PAMESA;;;60;120;10,5;7200;60x120;TAJ MAHAL;1.;https://www.pamesa.com/ERP/4.0/empresas/151/045/imagenes/t00010602/0048690022086.jpg
17;869;1;14164;0178690022086;SI;REC.GLASS;60x120 TAJ MAHAL 1.;A;SI;SI;32.2500;POL12;PAMESA;PAMESA;L/32/02;8429991876289;;8429991773199;M2;2;1.44;32;46.08;34.25;1,121.00;122.00;84.00;75.00;;10.50;11/01/2024;PAMESA;PAMESA;GRES PORCELNICO ESMALTADO;0178690022086;;POLISHED;TAJ MAHAL;MARMOL;;POLIVALENTE;BASE;BASE;SATEN RECTIFICADO;VARIACION MODERADA;NO;NO;NO;;;CLASE 0;;;GRUPO BIa;GL Esmaltado;;;NO;;1600-2400 N - 35-45 N/mm2;1;017.869.0001.14164;60X60N(20MM);CATLOGO PAMESA;;;60;120;10,5;7200;60x120;TAJ MAHAL;1.;https://www.pamesa.com/ERP/4.0/empresas/151/045/imagenes/t00010602/0178690022086.jpg
4;869;108;14164;0048690041276;SI;PUL.COMP.;60x120 TAJ MAHAL WHITE;A;SI;SI;17.5000;POL13;PAMESA;PAMESA;L/32/02;8429991191191;;8429991773199;M2;2;1.44;32;46.08;34.25;1,121.00;122.00;84.00;75.00;;10.50;04/11/2025;PAMESA;PAMESA;GRES PORCELNICO ESMALTADO PULIDO RECTF.;0048690041276;;POLISHED;TAJ MAHAL;MARMOL;;POLIVALENTE;BASE;BASE;PULIDO;VARIACION MODERADA;;NO;;;;CLASE 0;;;GRUPO BIa;GL Esmaltado;;;NO;;1600-2400 N - 35-45 N/mm2;1;004.869.0108.14164;60X120 RF;CATLOGO PAMESA;;;60;120;10,5;7200;60x120;TAJ MAHAL;WHITE;https://www.pamesa.com/ERP/4.0/empresas/151/045/imagenes/t00010602/0048690041276.jpg
17;869;108;14164;0178690041277;SI;REC.GLASS;60x120 TAJ MAHAL WHITE;A;SI;SI;17.5000;POL12;PAMESA;PAMESA;L/32/02;8429991191207;;8429991773199;M2;2;1.44;32;46.08;34.25;1,121.00;122.00;84.00;75.00;;10.50;04/11/2025;PAMESA;PAMESA;GRES PORCELNICO ESMALTADO PULIDO RECTF.;0178690041277;;POLISHED;TAJ MAHAL;MARMOL;;POLIVALENTE;BASE;BASE;SATEN RECTIFICADO;VARIACION MODERADA;;NO;;;;CLASE 0;;;GRUPO BIa;GL Esmaltado;;;NO;;1600-2400 N - 35-45 N/mm2;1;017.869.0108.14164;60X120(n);CATLOGO PAMESA;;;60;120;10,5;7200;60x120;TAJ MAHAL;WHITE;https://www.pamesa.com/ERP/4.0/empresas/151/045/imagenes/t00010602/0178690041277.jpg
4;840;1;14164;0048400022086;SI;PUL.COMP.;60x60 TAJ MAHAL 1.;A;SI;SI;0.0000;POL06;PAMESA;PAMESA;F/30/04;8429991985424;;8429991773199;M2;4;1.44;30;43.20;30.00;920.00;120.00;80.00;73.50;;;18/12/2024;PAMESA;PAMESA;GRES PORCELNICO ESMALTADO PULIDO RECTF.;0048400022086;;POLISHED;TAJ MAHAL;MARMOL;;POLIVALENTE;BASE;BASE;PULIDO;VARIACION MODERADA;;NO;;;;CLASE 0;;;GRUPO BIa;GL Esmaltado;;;NO;;1600-2400 N - 35-45 N/mm2;1;004.840.0001.14164;120X120;CATLOGO PAMESA;;;60;60;9;3600;60x60;TAJ MAHAL;1.;https://www.pamesa.com/ERP/4.0/empresas/151/045/imagenes/t00010602/0048400022086.jpg
17;840;1;14164;0178400022086;SI;REC.GLASS;60x60 TAJ MAHAL 1.;A;SI;SI;0.0000;POL05;PAMESA;PAMESA;F/30/04;8429991985400;;8429991773199;M2;4;1.44;30;43.20;30.00;920.00;120.00;80.00;73.50;;;18/12/2024;PAMESA;PAMESA;GRES PORCELNICO ESMALTADO;0178400022086;;POLISHED;TAJ MAHAL;MARMOL;;POLIVALENTE;;BASE;SATEN RECTIFICADO;;;NO;;;;CLASE 0;;;GRUPO BIa;GL Esmaltado;;;NO;;1600-2400 N - 35-45 N/mm2;1;017.840.0001.14164;60x60;CATLOGO PAMESA;;;60;60;9;3600;60x60;TAJ MAHAL;1.;https://www.pamesa.com/ERP/4.0/empresas/151/045/imagenes/t00010602/0178400022086.jpg
25;590;1;14164;0255900026805;SI;PZ.ESP COM-GLAS;30x30(7)Malla TAJ MAHAL 1.;A;SI;SI;0.0000;MOS7;PAMESA;PAMESA;E/54/11;8429991115449;;;M2;11;1.00;54;54.00;20.00;1,100.00;120.00;80.00;;;;20/03/2025;PAMESA;PAMESA;GRES PORCELNICO ESMALTADO;0255900026805;;POLISHED;TAJ MAHAL;MARMOL;;POLIVALENTE;MALLA;MOSAICO;MATE RECTIFICADO;VARIACION MODERADA;;NO;;;;CLASE 0;;;GRUPO BIa;GL Esmaltado;;;NO;;;1;025.590.0001.14164;30x30(7)Malla;CATLOGO PAMESA;;;30;30;0;900;30x30;TAJ MAHAL;1.;https://www.pamesa.com/ERP/4.0/empresas/151/045/imagenes/t00010602/0255900026805.jpg
52;961;103;9878;0529611039878;SI;SLIM MATE RECTIF.;120x280(6mm) CR.TORANO DORADO;A;SI;SI;62.5000;XXL04;PAMESA;PAMESA;05/20/01;8429991794514;;8429991773199;M2;1;3.36;20;67.20;52.00;1,140.00;290.00;140.00;36.00;;;11/01/2023;PAMESA;XXL;GRES PORCELNICO ESMALTADO;0529611039878;;POLISHED;TORANO;MARMOL;;POLIVALENTE;;BASE;SATEN RECTIFICADO;VARIACION MODERADA;;NO;NO;;PEI IV;CLASE 0;;;GRUPO BIa;GL Esmaltado;;;NO;;>700 N - 35-45 N/mm2;1;052.961.0103.09878;20x120 (n);CATLOGO PAMESA;;;120;280;6;33600;120x280;CR.TORANO;DORADO;https://www.pamesa.com/ERP/4.0/empresas/151/045/imagenes/t00010602/0529611039878.jpg
54;961;103;9878;0549611039878;SI;SLIM PULIDO RECTIF.;120x280(6mm) CR.TORANO DORADO;A;SI;SI;86.5000;XXL02;PAMESA;PAMESA;05/20/01;8429991794620;;8429991773199;M2;1;3.36;20;67.20;52.00;1,140.00;290.00;140.00;36.00;;;11/01/2023;PAMESA;XXL;GRES PORCELNICO ESMALTADO PULIDO RECTF.;0549611039878;;POLISHED;TORANO;MARMOL;;POLIVALENTE;;BASE;CR LUX;VARIACION MODERADA;NO;NO;;;PEI IV;CLASE 0;;;GRUPO BIa;GL Esmaltado;;;NO;;>700 N - 35-45 N/mm2;1;054.961.0103.09878;20x120 (n);CATLOGO PAMESA;;;120;280;6;33600;120x280;CR.TORANO;DORADO;https://www.pamesa.com/ERP/4.0/empresas/151/045/imagenes/t00010602/0549611039878.jpg
4;120;103;9878;0041201039878;SI;PUL.COMP.;120x120 CR.TORANO DORADO;A;SI;SI;49.0000;POL19;PAMESA;PAMESA;23/36/01;8429991629823;;8429991773199;M2;1;1.44;36;51.84;34.36;1,276.96;126.00;126.00;71.00;;;26/03/2021;PAMESA;PAMESA;GRES PORCELNICO ESMALTADO PULIDO RECTF.;0041201039878;;POLISHED;TORANO;MARMOL;;POLIVALENTE;BASE;BASE;PULIDO;VARIACION MODERADA;;NO;;;PEI IV;CLASE 0;;;GRUPO BIa;GL Esmaltado;60 Low;20 High;NO;;1600-2400 N - 35-45 N/mm2;1;004.120.0103.09878;60X120 RF;CATLOGO PAMESA;;;120;120;10,2;14400;120x120;CR.TORANO;DORADO;https://www.pamesa.com/ERP/4.0/empresas/151/045/imagenes/t00010602/0041201039878.jpg
4;350;103;9878;0043501039878;SI;PUL.COMP.;75x150 CR.TORANO DORADO;A;SI;SI;40.0000;POL17;PAMESA;PAMESA;1/40/01;8429991648268;;8429991773199;M2;1;1.13;40;45.20;28.00;1,184.00;93.00;153.00;74.00;4;10.50;24/06/2021;PAMESA;PAMESA;GRES PORCELNICO ESMALTADO PULIDO RECTF.;0043501039878;;POLISHED;TORANO;MARMOL;;POLIVALENTE;BASE;BASE;PULIDO;VARIACION MODERADA;;NO;;;PEI IV;CLASE 0;;;GRUPO BIa;GL Esmaltado;60 Low;20 High;NO;;1600-2400 N - 35-45 N/mm2;1;004.350.0103.09878;120X120;CATLOGO PAMESA;;;75;150;10,5;11250;75x150;CR.TORANO;DORADO;https://www.pamesa.com/ERP/4.0/empresas/151/045/imagenes/t00010602/0043501039878.jpg
4;90;103;9878;0040901039878;SI;PUL.COMP.;90x90(N) CR.TORANO DORADO;A;SI;SI;33.5000;POL15;PAMESA;PAMESA;19/32/02;8429991929695;;8429991773199;M2;2;1.62;32;51.84;33.00;1,081.00;97.00;97.00;86.00;;9.00;09/05/2024;PAMESA;PAMESA;GRES PORCELNICO ESMALTADO PULIDO RECTF.;0040901039878;;POLISHED;TORANO;MARMOL;;POLIVALENTE;BASE;BASE;PULIDO;VARIACION MODERADA;;NO;NO;11;PEI IV;CLASE 0;;;GRUPO BIa;GL Esmaltado;;;NO;;1600-2400 N - 35-45 N/mm2;1;004.090.0103.09878;60X120 RF;CATLOGO PAMESA;;;90;90;9;8100;90x90;CR.TORANO;DORADO;https://www.pamesa.com/ERP/4.0/empresas/151/045/imagenes/t00010602/0040901039878.jpg
4;869;103;9878;0048691039878;SI;PUL.COMP.;60x120 CR.TORANO DORADO;A;SI;SI;35.5000;POL13;PAMESA;PAMESA;L/32/02;8429991629830;;8429991773199;M2;2;1.44;32;46.08;34.25;1,121.00;122.00;84.00;75.00;;10.50;26/03/2021;PAMESA;PAMESA;GRES PORCELNICO ESMALTADO PULIDO RECTF.;0048691039878;;POLISHED;TORANO;MARMOL;;POLIVALENTE;BASE;BASE;PULIDO;VARIACION MODERADA;;NO;;;PEI IV;CLASE 0;;;GRUPO BIa;GL Esmaltado;60 Low;20 High;NO;;1600-2400 N - 35-45 N/mm2;1;004.869.0103.09878;30x30(7)Malla;CATLOGO PAMESA;;;60;120;10,5;7200;60x120;CR.TORANO;DORADO;https://www.pamesa.com/ERP/4.0/empresas/151/045/imagenes/t00010602/0048691039878.jpg
4;840;103;9878;0048401039878;SI;PUL.COMP.;60x60 CR.TORANO DORADO;A;SI;SI;26.7500;POL06;PAMESA;PAMESA;F/30/04;8429991634728;;8429991773199;M2;4;1.44;30;43.20;30.00;920.00;120.00;80.00;73.50;;;15/04/2021;PAMESA;PAMESA;GRES PORCELNICO ESMALTADO PULIDO RECTF.;0048401039878;;POLISHED;TORANO;MARMOL;;POLIVALENTE;BASE;BASE;PULIDO;VARIACION MODERADA;;NO;;;PEI IV;CLASE 0;;;GRUPO BIa;GL Esmaltado;60 Low;20 High;NO;;1600-2400 N - 35-45 N/mm2;1;004.840.0103.09878;60X60;CATLOGO PAMESA;;;60;60;9;3600;60x60;CR.TORANO;DORADO;https://www.pamesa.com/ERP/4.0/empresas/151/045/imagenes/t00010602/0048401039878.jpg
4;450;103;9878;0044501039878;SI;PUL.COMP.;30x60 (C) CR.TORANO DORADO;A;SI;SI;26.7500;POL04;PAMESA;PAMESA;F/48/06;8429991678098;;8429991773199;M2;6;1.08;48;51.84;23.60;1,152.80;120.00;80.00;74.00;;9.50;10/11/2021;PAMESA;PAMESA;GRES PORCELNICO ESMALTADO PULIDO RECTF.;0044501039878;;POLISHED;TORANO;MARMOL;;POLIVALENTE;BASE;BASE;PULIDO;VARIACION MODERADA;;NO;;;PEI IV;CLASE 0;;;GRUPO BIa;GL Esmaltado;60 Low;20 High;NO;;1600-2400 N - 35-45 N/mm2;1;004.450.0103.09878;90x180;CATLOGO PAMESA;;;30;60;9,5;1800;30x60;CR.TORANO;DORADO;https://www.pamesa.com/ERP/4.0/empresas/151/045/imagenes/t00010602/0044501039878.jpg
38;281;103;9878;0382811039878;SI;PZ.E.CGLASS PUL;30x30 (5)Malla CR.TORANO DORADO;A;SI;SI;70.2500;MOS5;PAMESA;PAMESA;E/42/11;8429991633127;;;M2;11;1.00;42;42.00;23.00;986.00;120.00;80.00;;;;12/04/2021;PAMESA;PAMESA;GRES PORCELNICO ESMALTADO PULIDO RECTF.;0382811039878;;POLISHED;TORANO;MARMOL;;POLIVALENTE;;;PULIDO;VARIACION MODERADA;NO;NO;;;PEI IV;CLASE 0;;;GRUPO BIa;GL Esmaltado;;;NO;;;1;038.281.0103.09878;30X90PBCA;CATLOGO PAMESA;;;30;30;0;900;30x30;CR.TORANO;DORADO;https://www.pamesa.com/ERP/4.0/empresas/151/045/imagenes/t00010602/0382811039878.jpg
4;120;12;162;0041200120162;SI;PUL.COMP.;120x120 TRESANA BLANCO;A;SI;SI;49.0000;POL19;PAMESA;PAMESA;23/36/01;8429991307004;;8429991773199;M2;1;1.44;36;51.84;34.36;1,276.96;126.00;126.00;71.00;;;02/03/2017;PAMESA;SERIE 51-PAM-MARBLES;GRES PORCELNICO ESMALTADO PULIDO RECTF.;0041200120162;;POLISHED;TRESANA;MARMOL;;POLIVALENTE;BASE;BASE;PULIDO;VARIACION ALTA;;NO;;;PEI IV;CLASE 0;;;GRUPO BIa;GL Esmaltado;60 Low;20 High;NO;;1600-2400 N - 35-45 N/mm2;1;004.120.0012.00162;60X60;CATLOGO PAMESA;;;120;120;10,2;14400;120x120;TRESANA;BLANCO;https://www.pamesa.com/ERP/4.0/empresas/151/045/imagenes/t00010602/0041200120162.jpg
17;120;12;162;0171200120162;SI;REC.GLASS;120x120 TRESANA BLANCO;A;SI;SI;42.2500;POL18;PAMESA;PAMESA;23/36/01;8429991306922;;8429991773199;M2;1;1.44;36;51.84;34.36;1,276.96;126.00;126.00;71.00;;;02/03/2017;PAMESA;SERIE 51-PAM-MARBLES;GRES PORCELNICO ESMALTADO;0171200120162;;POLISHED;TRESANA;MARMOL;;POLIVALENTE;BASE;BASE;SATEN RECTIFICADO;VARIACION ALTA;NO;NO;;;PEI IV;CLASE 0;;;GRUPO BIa;GL Esmaltado;;;NO;;1600-2400 N - 35-45 N/mm2;1;017.120.0012.00162;25x70;CATLOGO PAMESA;;;120;120;10,2;14400;120x120;TRESANA;BLANCO;https://www.pamesa.com/ERP/4.0/empresas/151/045/imagenes/t00010602/0171200120162.jpg
4;90;12;162;0040900120162;SI;PUL.COMP.;90x90(N) TRESANA BLANCO;A;SI;SI;33.5000;POL15;PAMESA;PAMESA;19/32/02;8429991891565;;8429991773199;M2;2;1.62;32;51.84;33.00;1,081.00;97.00;97.00;86.00;;9.00;29/02/2024;PAMESA;PAMESA;GRES PORCELNICO ESMALTADO PULIDO RECTF.;0040900120162;;POLISHED;TRESANA;MARMOL;;POLIVALENTE;BASE;BASE;PULIDO;VARIACION ALTA;;NO;NO;;;CLASE 0;;;GRUPO BIa;GL Esmaltado;;;NO;;1600-2400 N - 35-45 N/mm2;1;004.090.0012.00162;60X60;CATLOGO PAMESA;;;90;90;9;8100;90x90;TRESANA;BLANCO;https://www.pamesa.com/ERP/4.0/empresas/151/045/imagenes/t00010602/0040900120162.jpg
17;90;12;162;0170900120162;SI;REC.GLASS;90x90(N) TRESANA BLANCO;A;SI;SI;29.0000;POL14;PAMESA;PAMESA;19/32/02;8429991891572;;8429991773199;M2;2;1.62;32;51.84;33.00;1,081.00;97.00;97.00;86.00;;9.00;29/02/2024;PAMESA;PAMESA;GRES PORCELNICO ESMALTADO;0170900120162;;POLISHED;TRESANA;MARMOL;;POLIVALENTE;BASE;BASE;SATEN RECTIFICADO;VARIACION ALTA;NO;NO;NO;;;CLASE 0;;;GRUPO BIa;GL Esmaltado;;;NO;;1600-2400 N - 35-45 N/mm2;1;017.090.0012.00162;45X45;CATLOGO PAMESA;;;90;90;9;8100;90x90;TRESANA;BLANCO;https://www.pamesa.com/ERP/4.0/empresas/151/045/imagenes/t00010602/0170900120162.jpg
4;869;12;162;0048690120162;SI;PUL.COMP.;60x120 TRESANA BLANCO;A;SI;SI;35.5000;POL13;PAMESA;PAMESA;L/32/02;8429991288242;;8429991773199;M2;2;1.44;32;46.08;34.25;1,121.00;122.00;84.00;75.00;;10.50;28/11/2016;PAMESA;SERIE 51-PAM-MARBLES;GRES PORCELNICO ESMALTADO PULIDO RECTF.;0048690120162;;POLISHED;TRESANA;MARMOL;;POLIVALENTE;BASE;BASE;PULIDO;VARIACION ALTA;;NO;;;PEI IV;CLASE 0;;;GRUPO BIa;GL Esmaltado;60 Low;20 High;NO;;1600-2400 N - 35-45 N/mm2;1;004.869.0012.00162;60X60;CATLOGO PAMESA;;;60;120;10,5;7200;60x120;TRESANA;BLANCO;https://www.pamesa.com/ERP/4.0/empresas/151/045/imagenes/t00010602/0048690120162.jpg
17;869;12;162;0178690120162;SI;REC.GLASS;60x120 TRESANA BLANCO;A;SI;SI;32.2500;POL12;PAMESA;PAMESA;L/32/02;8429991288259;;8429991773199;M2;2;1.44;32;46.08;34.25;1,121.00;122.00;84.00;75.00;;10.50;28/11/2016;PAMESA;SERIE 51-PAM-MARBLES;GRES PORCELNICO ESMALTADO;0178690120162;;POLISHED;TRESANA;MARMOL;;POLIVALENTE;BASE;BASE;SATEN RECTIFICADO;VARIACION ALTA;NO;NO;;;PEI IV;CLASE 0;;;GRUPO BIa;GL Esmaltado;;;NO;;1600-2400 N - 35-45 N/mm2;1;017.869.0012.00162;120X280(6MM);CATLOGO PAMESA;;;60;120;10,5;7200;60x120;TRESANA;BLANCO;https://www.pamesa.com/ERP/4.0/empresas/151/045/imagenes/t00010602/0178690120162.jpg
4;840;12;162;0048400120162;SI;PUL.COMP.;60x60 TRESANA BLANCO;A;SI;SI;26.7500;POL06;PAMESA;PAMESA;F/30/04;8429991299637;;8429991773199;M2;4;1.44;30;43.20;30.00;920.00;120.00;80.00;73.50;;;25/01/2017;PAMESA;SERIE 51-PAM-MARBLES;GRES PORCELNICO ESMALTADO PULIDO RECTF.;0048400120162;;POLISHED;TRESANA;MARMOL;;POLIVALENTE;BASE;BASE;PULIDO;VARIACION ALTA;;NO;;;PEI IV;CLASE 0;;;GRUPO BIa;GL Esmaltado;60 Low;20 High;NO;;1600-2400 N - 35-45 N/mm2;1;004.840.0012.00162;90X90(N);CATLOGO PAMESA;;;60;60;9;3600;60x60;TRESANA;BLANCO;https://www.pamesa.com/ERP/4.0/empresas/151/045/imagenes/t00010602/0048400120162.jpg
17;840;12;162;0178400120162;SI;REC.GLASS;60x60 TRESANA BLANCO;A;SI;SI;22.5000;POL05;PAMESA;PAMESA;F/30/04;8429991299682;;8429991773199;M2;4;1.44;30;43.20;30.00;920.00;120.00;80.00;73.50;;;25/01/2017;PAMESA;SERIE 51-PAM-MARBLES;GRES PORCELNICO ESMALTADO;0178400120162;;POLISHED;TRESANA;MARMOL;;POLIVALENTE;BASE;BASE;SATEN RECTIFICADO;VARIACION ALTA;NO;NO;;;PEI IV;CLASE 0;;;GRUPO BIa;GL Esmaltado;;;NO;;1600-2400 N - 35-45 N/mm2;1;017.840.0012.00162;60X120 RF;CATLOGO PAMESA;;;60;60;9;3600;60x60;TRESANA;BLANCO;https://www.pamesa.com/ERP/4.0/empresas/151/045/imagenes/t00010602/0178400120162.jpg
4;450;12;162;0044500120162;SI;PUL.COMP.;30x60 (C) TRESANA BLANCO;A;SI;SI;26.7500;POL04;PAMESA;PAMESA;F/48/06;8429991299620;;8429991773199;M2;6;1.08;48;51.84;23.60;1,152.80;120.00;80.00;74.00;;9.50;25/01/2017;PAMESA;SERIE 51-PAM-MARBLES;GRES PORCELNICO ESMALTADO PULIDO RECTF.;0044500120162;;POLISHED;TRESANA;MARMOL;;POLIVALENTE;BASE;BASE;PULIDO;VARIACION ALTA;;NO;;;PEI IV;CLASE 0;;;GRUPO BIa;GL Esmaltado;60 Low;20 High;NO;;1600-2400 N - 35-45 N/mm2;1;004.450.0012.00162;120X280(6MM);CATLOGO PAMESA;;;30;60;9,5;1800;30x60;TRESANA;BLANCO;https://www.pamesa.com/ERP/4.0/empresas/151/045/imagenes/t00010602/0044500120162.jpg
17;450;12;162;0174500120162;SI;REC.GLASS;30x60 (C) TRESANA BLANCO;A;SI;SI;22.5000;POL03;PAMESA;PAMESA;F/48/06;8429991299699;;8429991773199;M2;6;1.08;48;51.84;23.60;1,152.80;120.00;80.00;74.00;;9.50;25/01/2017;PAMESA;SERIE 51-PAM-MARBLES;GRES PORCELNICO ESMALTADO;0174500120162;;POLISHED;TRESANA;MARMOL;;POLIVALENTE;BASE;BASE;SATEN RECTIFICADO;VARIACION ALTA;NO;NO;;;PEI IV;CLASE 0;;;GRUPO BIa;GL Esmaltado;;;NO;;1600-2400 N - 35-45 N/mm2;1;017.450.0012.00162;60X120 RF;CATLOGO PAMESA;;;30;60;9,5;1800;30x60;TRESANA;BLANCO;https://www.pamesa.com/ERP/4.0/empresas/151/045/imagenes/t00010602/0174500120162.jpg
25;590;12;162;0255900120162;SI;PZ.ESP COM-GLAS;30x30(7)Malla TRESANA BLANCO;A;SI;SI;57.7500;MOS7;PAMESA;PAMESA;E/42/11;8429991549596;;;M2;11;1.00;42;42.00;23.10;990.20;120.00;80.00;;;;10/05/2017;PAMESA;SERIE 51-PAM-MARBLES;GRES PORCELNICO ESMALTADO;0255900120162;;POLISHED;TRESANA;MARMOL;;POLIVALENTE;MALLA;;SATEN RECTIFICADO;VARIACION ALTA;NO;NO;;;;CLASE 0;;;GRUPO BIa;GL Esmaltado;;;NO;;1600-2400 N - 35-45 N/mm2;1;025.590.0012.00162;120X120;CATLOGO PAMESA;;;30;30;0;900;30x30;TRESANA;BLANCO;https://www.pamesa.com/ERP/4.0/empresas/151/045/imagenes/t00010602/0255900120162.jpg
38;590;12;162;0385900120162;SI;PZ.E.CGLASS PUL;30x30(7)Malla TRESANA BLANCO;A;SI;SI;57.7500;MOS7;PAMESA;PAMESA;E/42/11;8429991562243;;;M2;11;1.00;42;42.00;23.10;990.20;120.00;80.00;;;;11/05/2017;PAMESA;SERIE 51-PAM-MARBLES;GRES PORCELNICO ESMALTADO PULIDO RECTF.;0385900120162;;POLISHED;TRESANA;MARMOL;;POLIVALENTE;MALLA;;PULIDO;;NO;NO;;;;CLASE 0;;;GRUPO BIa;GL Esmaltado;;;NO;;1600-2400 N - 35-45 N/mm2;1;038.590.0012.00162;30X90PBCA;CATLOGO PAMESA;;;30;30;0;900;30x30;TRESANA;BLANCO;https://www.pamesa.com/ERP/4.0/empresas/151/045/imagenes/t00010602/0385900120162.jpg
38;137;12;162;0381370120162;SI;PZ.E.CGLASS PUL;9x30 m2 TRESANA BLANCO;A;SI;SI;45.5000;POL02;PAMESA;PAMESA;F/48/40;8429991631888;;;M2;40;1.08;48;51.84;25.00;1,220.00;120.00;80.00;;;;06/04/2021;PAMESA;SERIE 51-PAM-MARBLES;GRES PORCELNICO ESMALTADO PULIDO RECTF.;0381370120162;;POLISHED;TRESANA;MARMOL;;POLIVALENTE;;;PULIDO;VARIACION ALTA;NO;NO;;;PEI IV;CLASE 0;;;GRUPO BIa;GL Esmaltado;;;NO;;1600-2400 N - 35-45 N/mm2;1;038.137.0012.00162;30X90PBCA;CATLOGO PAMESA;;;9;30;9,5;270;9x30;TRESANA;BLANCO;https://www.pamesa.com/ERP/4.0/empresas/151/045/imagenes/t00010602/0381370120162.jpg
41;137;12;162;0411370120162;SI;PZ.E.CGLASS REC;9x30 m2 TRESANA BLANCO;A;SI;SI;41.0000;POL01;PAMESA;PAMESA;F/48/40;8429991631895;;;M2;40;1.08;48;51.84;25.00;1,220.00;120.00;80.00;;;;06/04/2021;PAMESA;SERIE 51-PAM-MARBLES;GRES PORCELNICO ESMALTADO;0411370120162;;POLISHED;TRESANA;MARMOL;;POLIVALENTE;;;MATE RECTIFICADO;VARIACION ALTA;;NO;;;PEI IV;CLASE 0;;;GRUPO BIa;GL Esmaltado;;;NO;;1600-2400 N - 35-45 N/mm2;1;041.137.0012.00162;36x80;CATLOGO PAMESA;;;9;30;9,5;270;9x30;TRESANA;BLANCO;https://www.pamesa.com/ERP/4.0/empresas/151/045/imagenes/t00010602/0411370120162.jpg
17;250;164;13669;0172500020753;SI;REC.GLASS;60x120(n) RLV.VERONA IVORY;A;SI;SI;23.5000;POL11;PAMESA;PAMESA;L/36/02 RF;8429991852542;;8429991773199;M2;2;1.44;36;51.84;28.62;1,055.32;122.00;84.00;73.50;;;15/09/2023;PAMESA;PAMESA;GRES PORCELNICO ESMALTADO;0172500020753;;POLISHED;VERONA;MARMOL;;POLIVALENTE;DECORADO;RLV DECORADO;SATEN RECTIFICADO;VARIACION MODERADA;NO;SI;NO;;;CLASE 1;R9;;GRUPO BIa;GL Esmaltado;;;NO;;1600-2400 N - 35-45 N/mm2;1;017.250.0164.13669;30x60 (C);CATLOGO PAMESA;;;60;120;9;7200;60x120;RLV.VERONA;IVORY;https://www.pamesa.com/ERP/4.0/empresas/151/045/imagenes/t00010602/0172500020753.jpg
17;250;119;13669;0172500020752;SI;REC.GLASS;60x120(n) RLV.VERONA SAND;A;SI;SI;23.5000;POL11;PAMESA;PAMESA;L/36/02 RF;8429991852535;;8429991773199;M2;2;1.44;36;51.84;28.62;1,055.32;122.00;84.00;73.50;;;15/09/2023;PAMESA;PAMESA;GRES PORCELNICO ESMALTADO;0172500020752;;POLISHED;VERONA;MARMOL;;POLIVALENTE;DECORADO;RLV DECORADO;SATEN RECTIFICADO;VARIACION MODERADA;NO;SI;NO;;;CLASE 1;R9;;GRUPO BIa;GL Esmaltado;;;NO;;1600-2400 N - 35-45 N/mm2;1;017.250.0119.13669;30x30(7)Malla;CATLOGO PAMESA;;;60;120;9;7200;60x120;RLV.VERONA;SAND;https://www.pamesa.com/ERP/4.0/empresas/151/045/imagenes/t00010602/0172500020752.jpg
4;869;164;11483;0048690014222;SI;PUL.COMP.;60x120 VERONA IVORY;A;SI;SI;35.5000;POL13;PAMESA;PAMESA;L/32/02;8429991726812;;8429991773199;M2;2;1.44;32;46.08;34.25;1,121.00;122.00;84.00;75.00;;10.50;28/04/2022;PAMESA;PAMESA;GRES PORCELNICO ESMALTADO PULIDO RECTF.;0048690014222;;POLISHED;VERONA;MARMOL;;POLIVALENTE;BASE;BASE;PULIDO;VARIACION MODERADA;;NO;;;PEI IV;CLASE 0;;;GRUPO BIa;GL Esmaltado;60 Low;20 High;NO;;1600-2400 N - 35-45 N/mm2;1;004.869.0164.11483;30x30(7)Malla;CATLOGO PAMESA;;;60;120;10,5;7200;60x120;VERONA;IVORY;https://www.pamesa.com/ERP/4.0/empresas/151/045/imagenes/t00010602/0048690014222.jpg
17;869;164;11483;0178690014222;SI;REC.GLASS;60x120 VERONA IVORY;A;SI;SI;32.2500;POL12;PAMESA;PAMESA;L/32/02;8429991726805;;8429991773199;M2;2;1.44;32;46.08;34.25;1,121.00;122.00;84.00;75.00;;10.50;28/04/2022;PAMESA;PAMESA;GRES PORCELNICO ESMALTADO;0178690014222;;POLISHED;VERONA;MARMOL;;POLIVALENTE;BASE;BASE;SATEN RECTIFICADO;VARIACION MODERADA;NO;NO;;;PEI IV;CLASE 0;;;GRUPO BIa;GL Esmaltado;60 Low;;NO;0.52;1600-2400 N - 35-45 N/mm2;1;017.869.0164.11483;120X280(6MM);CATLOGO PAMESA;;;60;120;10,5;7200;60x120;VERONA;IVORY;https://www.pamesa.com/ERP/4.0/empresas/151/045/imagenes/t00010602/0178690014222.jpg
4;869;119;11483;0048690014223;SI;PUL.COMP.;60x120 VERONA SAND;A;SI;SI;35.5000;POL13;PAMESA;PAMESA;L/32/02;8429991726829;;8429991773199;M2;2;1.44;32;46.08;34.25;1,121.00;122.00;84.00;75.00;;10.50;28/04/2022;PAMESA;PAMESA;GRES PORCELNICO ESMALTADO PULIDO RECTF.;0048690014223;;POLISHED;VERONA;MARMOL;;POLIVALENTE;BASE;BASE;PULIDO;VARIACION MODERADA;;NO;;;PEI IV;CLASE 0;;;GRUPO BIa;GL Esmaltado;60 Low;20 High;NO;;1600-2400 N - 35-45 N/mm2;1;004.869.0119.11483;120X120;CATLOGO PAMESA;;;60;120;10,5;7200;60x120;VERONA;SAND;https://www.pamesa.com/ERP/4.0/empresas/151/045/imagenes/t00010602/0048690014223.jpg
17;869;119;11483;0178690014223;SI;REC.GLASS;60x120 VERONA SAND;A;SI;SI;32.2500;POL12;PAMESA;PAMESA;L/32/02;8429991726782;;8429991773199;M2;2;1.44;32;46.08;34.25;1,121.00;122.00;84.00;75.00;;10.50;28/04/2022;PAMESA;PAMESA;GRES PORCELNICO ESMALTADO;0178690014223;;POLISHED;VERONA;MARMOL;;POLIVALENTE;BASE;BASE;SATEN RECTIFICADO;VARIACION MODERADA;NO;NO;;;PEI IV;CLASE 0;;;GRUPO BIa;GL Esmaltado;60 Low;;NO;0.52;1600-2400 N - 35-45 N/mm2;1;017.869.0119.11483;60X120(n);CATLOGO PAMESA;;;60;120;10,5;7200;60x120;VERONA;SAND;https://www.pamesa.com/ERP/4.0/empresas/151/045/imagenes/t00010602/0178690014223.jpg
25;590;164;11483;0255900014222;SI;PZ.ESP COM-GLAS;30x30(7)Malla VERONA IVORY;A;SI;SI;57.7500;MOS7;PAMESA;PAMESA;E/42/11;8429991729028;;;M2;11;1.00;42;42.00;23.10;990.20;120.00;80.00;;;;09/05/2022;PAMESA;PAMESA;GRES PORCELNICO ESMALTADO;0255900014222;;POLISHED;VERONA;MARMOL;;POLIVALENTE;MALLA;MOSAICO;SATEN RECTIFICADO;VARIACION MODERADA;NO;NO;;;PEI IV;CLASE 0;;;GRUPO BIa;GL Esmaltado;;;NO;;;1;025.590.0164.11483;60X120(n);CATLOGO PAMESA;;;30;30;0;900;30x30;VERONA;IVORY;https://www.pamesa.com/ERP/4.0/empresas/151/045/imagenes/t00010602/0255900014222.jpg
38;590;164;11483;0385900014222;SI;PZ.E.CGLASS PUL;30x30(7)Malla VERONA IVORY;A;SI;SI;57.7500;MOS7;PAMESA;PAMESA;E/42/11;8429991729004;;;M2;11;1.00;42;42.00;23.10;990.20;120.00;80.00;;;;09/05/2022;PAMESA;PAMESA;GRES PORCELNICO ESMALTADO PULIDO RECTF.;0385900014222;;POLISHED;VERONA;MARMOL;;POLIVALENTE;MALLA;MOSAICO;PULIDO;VARIACION MODERADA;NO;NO;;;PEI IV;CLASE 0;;;GRUPO BIa;GL Esmaltado;;;NO;;;1;038.590.0164.11483;30X60(n)PB;CATLOGO PAMESA;;;30;30;0;900;30x30;VERONA;IVORY;https://www.pamesa.com/ERP/4.0/empresas/151/045/imagenes/t00010602/0385900014222.jpg
25;590;119;11483;0255900014223;SI;PZ.ESP COM-GLAS;30x30(7)Malla VERONA SAND;A;SI;SI;57.7500;MOS7;PAMESA;PAMESA;E/42/11;8429991729011;;;M2;11;1.00;42;42.00;23.10;990.20;120.00;80.00;;;;09/05/2022;PAMESA;PAMESA;GRES PORCELNICO ESMALTADO;0255900014223;;POLISHED;VERONA;MARMOL;;POLIVALENTE;MALLA;MOSAICO;SATEN RECTIFICADO;VARIACION MODERADA;NO;NO;;;PEI IV;CLASE 0;;;GRUPO BIa;GL Esmaltado;;;NO;;;1;025.590.0119.11483;90X90(N);CATLOGO PAMESA;;;30;30;0;900;30x30;VERONA;SAND;https://www.pamesa.com/ERP/4.0/empresas/151/045/imagenes/t00010602/0255900014223.jpg
38;590;119;11483;0385900014223;SI;PZ.E.CGLASS PUL;30x30(7)Malla VERONA SAND;A;SI;SI;57.7500;MOS7;PAMESA;PAMESA;E/42/11;8429991728991;;;M2;11;1.00;42;42.00;23.10;990.20;120.00;80.00;;;;09/05/2022;PAMESA;PAMESA;GRES PORCELNICO ESMALTADO PULIDO RECTF.;0385900014223;;POLISHED;VERONA;MARMOL;;POLIVALENTE;MALLA;MOSAICO;PULIDO;VARIACION MODERADA;NO;NO;;;PEI IV;CLASE 0;;;GRUPO BIa;GL Esmaltado;;;NO;;;1;038.590.0119.11483;33,3x100;CATLOGO PAMESA;;;30;30;0;900;30x30;VERONA;SAND;https://www.pamesa.com/ERP/4.0/empresas/151/045/imagenes/t00010602/0385900014223.jpg
4;120;344;6159;0041203446159;SI;PUL.COMP.;120x120 CR.WELLS ASH;A;SI;SI;49.0000;POL19;PAMESA;PAMESA;23/36/01;8429991576844;;8429991773199;M2;1;1.44;36;51.84;34.36;1,276.96;126.00;126.00;71.00;;;18/09/2020;PAMESA;LEVIGLASS;GRES PORCELNICO ESMALTADO PULIDO RECTF.;0041203446159;;POLISHED;WELLS;MARMOL;;POLIVALENTE;BASE;BASE;PULIDO;VARIACION MODERADA;;NO;NO;;PEI IV;CLASE 0;;;GRUPO BIa;GL Esmaltado;60 Low;20 High;NO;;1600-2400 N - 35-45 N/mm2;1;004.120.0344.06159;30x30(7)Malla;CATLOGO PAMESA;;;120;120;10,2;14400;120x120;CR.WELLS;ASH;https://www.pamesa.com/ERP/4.0/empresas/151/045/imagenes/t00010602/0041203446159.jpg
4;120;163;6159;0041201636159;SI;PUL.COMP.;120x120 CR.WELLS CREAM;A;SI;SI;49.0000;POL19;PAMESA;PAMESA;23/36/01;8429991576820;;8429991773199;M2;1;1.44;36;51.84;34.36;1,276.96;126.00;126.00;71.00;;;18/09/2020;PAMESA;LEVIGLASS;GRES PORCELNICO ESMALTADO PULIDO RECTF.;0041201636159;;POLISHED;WELLS;MARMOL;;POLIVALENTE;BASE;BASE;PULIDO;VARIACION MODERADA;;NO;NO;;PEI IV;CLASE 0;;;GRUPO BIa;GL Esmaltado;60 Low;20 High;NO;;1600-2400 N - 35-45 N/mm2;1;004.120.0163.06159;30x30(7)Malla;CATLOGO PAMESA;;;120;120;10,2;14400;120x120;CR.WELLS;CREAM;https://www.pamesa.com/ERP/4.0/empresas/151/045/imagenes/t00010602/0041201636159.jpg
4;120;164;6159;0041201646159;SI;PUL.COMP.;120x120 CR.WELLS IVORY;A;SI;SI;49.0000;POL19;PAMESA;PAMESA;23/36/01;8429991576813;;8429991773199;M2;1;1.44;36;51.84;34.36;1,276.96;126.00;126.00;71.00;;;18/09/2020;PAMESA;LEVIGLASS;GRES PORCELNICO ESMALTADO PULIDO RECTF.;0041201646159;;POLISHED;WELLS;MARMOL;;POLIVALENTE;BASE;BASE;PULIDO;VARIACION MODERADA;;NO;NO;;PEI IV;CLASE 0;;;GRUPO BIa;GL Esmaltado;60 Low;20 High;NO;;1600-2400 N - 35-45 N/mm2;1;004.120.0164.06159;60X120 RF;CATLOGO PAMESA;;;120;120;10,2;14400;120x120;CR.WELLS;IVORY;https://www.pamesa.com/ERP/4.0/empresas/151/045/imagenes/t00010602/0041201646159.jpg
4;120;240;6159;0041202406159;SI;PUL.COMP.;120x120 CR.WELLS MOKA;A;SI;SI;49.0000;POL19;PAMESA;PAMESA;23/36/01;8429991576851;;8429991773199;M2;1;1.44;36;51.84;34.36;1,276.96;126.00;126.00;71.00;;;18/09/2020;PAMESA;LEVIGLASS;GRES PORCELNICO ESMALTADO PULIDO RECTF.;0041202406159;;POLISHED;WELLS;MARMOL;;POLIVALENTE;BASE;BASE;PULIDO;VARIACION MODERADA;;NO;NO;;PEI IV;CLASE 0;;;GRUPO BIa;GL Esmaltado;60 Low;20 High;NO;;1600-2400 N - 35-45 N/mm2;1;004.120.0240.06159;30X30 (5)MALLA;CATLOGO PAMESA;;;120;120;10,2;14400;120x120;CR.WELLS;MOKA;https://www.pamesa.com/ERP/4.0/empresas/151/045/imagenes/t00010602/0041202406159.jpg
4;120;169;6159;0041201696159;SI;PUL.COMP.;120x120 CR.WELLS PEARL;A;SI;SI;49.0000;POL19;PAMESA;PAMESA;23/36/01;8429991576837;;8429991773199;M2;1;1.44;36;51.84;34.36;1,276.96;126.00;126.00;71.00;;;18/09/2020;PAMESA;LEVIGLASS;GRES PORCELNICO ESMALTADO PULIDO RECTF.;0041201696159;;POLISHED;WELLS;MARMOL;;POLIVALENTE;BASE;BASE;PULIDO;VARIACION MODERADA;;NO;NO;;PEI IV;CLASE 0;;;GRUPO BIa;GL Esmaltado;60 Low;20 High;NO;;1600-2400 N - 35-45 N/mm2;1;004.120.0169.06159;60X120 RF;CATLOGO PAMESA;;;120;120;10,2;14400;120x120;CR.WELLS;PEARL;https://www.pamesa.com/ERP/4.0/empresas/151/045/imagenes/t00010602/0041201696159.jpg
4;120;119;6159;0041201196159;SI;PUL.COMP.;120x120 CR.WELLS SAND;A;SI;SI;49.0000;POL19;PAMESA;PAMESA;23/36/01;8429991576806;;8429991773199;M2;1;1.44;36;51.84;34.36;1,276.96;126.00;126.00;71.00;;;18/09/2020;PAMESA;LEVIGLASS;GRES PORCELNICO ESMALTADO PULIDO RECTF.;0041201196159;;POLISHED;WELLS;MARMOL;;POLIVALENTE;BASE;BASE;PULIDO;VARIACION MODERADA;;NO;NO;;PEI IV;CLASE 0;;;GRUPO BIa;GL Esmaltado;60 Low;20 High;NO;;1600-2400 N - 35-45 N/mm2;1;004.120.0119.06159;60X60;CATLOGO PAMESA;;;120;120;10,2;14400;120x120;CR.WELLS;SAND;https://www.pamesa.com/ERP/4.0/empresas/151/045/imagenes/t00010602/0041201196159.jpg
4;90;344;6159;0040903446159;SI;PUL.COMP.;90x90(N) CR.WELLS ASH;A;SI;SI;33.5000;POL15;PAMESA;PAMESA;19/32/02;8429991890278;;8429991773199;M2;2;1.62;32;51.84;33.00;1,081.00;97.00;97.00;86.00;;9.00;27/02/2024;PAMESA;PAMESA;GRES PORCELNICO ESMALTADO PULIDO RECTF.;0040903446159;;POLISHED;WELLS;MARMOL;;POLIVALENTE;BASE;BASE;PULIDO;VARIACION ALTA;;NO;NO;;;CLASE 0;;;GRUPO BIa;GL Esmaltado;;;NO;;1600-2400 N - 35-45 N/mm2;1;004.090.0344.06159;120X120;CATLOGO PAMESA;;;90;90;9;8100;90x90;CR.WELLS;ASH;https://www.pamesa.com/ERP/4.0/empresas/151/045/imagenes/t00010602/0040903446159.jpg
4;90;163;6159;0040901636159;SI;PUL.COMP.;90x90(N) CR.WELLS CREAM;A;SI;SI;33.5000;POL15;PAMESA;PAMESA;19/32/02;8429991890230;;8429991773199;M2;2;1.62;32;51.84;33.00;1,081.00;97.00;97.00;86.00;;9.00;27/02/2024;PAMESA;PAMESA;GRES PORCELNICO ESMALTADO PULIDO RECTF.;0040901636159;;POLISHED;WELLS;MARMOL;;POLIVALENTE;BASE;BASE;PULIDO;VARIACION ALTA;;NO;NO;;;CLASE 0;;;GRUPO BIa;GL Esmaltado;;;NO;;1600-2400 N - 35-45 N/mm2;1;004.090.0163.06159;60X60;CATLOGO PAMESA;;;90;90;9;8100;90x90;CR.WELLS;CREAM;https://www.pamesa.com/ERP/4.0/empresas/151/045/imagenes/t00010602/0040901636159.jpg
4;90;164;6159;0040901646159;SI;PUL.COMP.;90x90(N) CR.WELLS IVORY;A;SI;SI;33.5000;POL15;PAMESA;PAMESA;19/32/02;8429991890247;;8429991773199;M2;2;1.62;32;51.84;33.00;1,081.00;97.00;97.00;86.00;;9.00;27/02/2024;PAMESA;PAMESA;GRES PORCELNICO ESMALTADO PULIDO RECTF.;0040901646159;;POLISHED;WELLS;MARMOL;;POLIVALENTE;BASE;BASE;PULIDO;VARIACION ALTA;;NO;NO;;;CLASE 0;;;GRUPO BIa;GL Esmaltado;;;NO;;1600-2400 N - 35-45 N/mm2;1;004.090.0164.06159;30X60 (C);CATLOGO PAMESA;;;90;90;9;8100;90x90;CR.WELLS;IVORY;https://www.pamesa.com/ERP/4.0/empresas/151/045/imagenes/t00010602/0040901646159.jpg
4;90;240;6159;0040902406159;SI;PUL.COMP.;90x90(N) CR.WELLS MOKA;A;SI;SI;33.5000;POL15;PAMESA;PAMESA;19/32/02;8429991890261;;8429991773199;M2;2;1.62;32;51.84;33.00;1,081.00;97.00;97.00;86.00;;9.00;27/02/2024;PAMESA;PAMESA;GRES PORCELNICO ESMALTADO PULIDO RECTF.;0040902406159;;POLISHED;WELLS;MARMOL;;POLIVALENTE;BASE;BASE;PULIDO;VARIACION ALTA;;NO;NO;;;CLASE 0;;;GRUPO BIa;GL Esmaltado;;;NO;;1600-2400 N - 35-45 N/mm2;1;004.090.0240.06159;120X120;CATLOGO PAMESA;;;90;90;9;8100;90x90;CR.WELLS;MOKA;https://www.pamesa.com/ERP/4.0/empresas/151/045/imagenes/t00010602/0040902406159.jpg
4;90;169;6159;0040901696159;SI;PUL.COMP.;90x90(N) CR.WELLS PEARL;A;SI;SI;33.5000;POL15;PAMESA;PAMESA;19/32/02;8429991890254;;8429991773199;M2;2;1.62;32;51.84;33.00;1,081.00;97.00;97.00;86.00;;9.00;27/02/2024;PAMESA;PAMESA;GRES PORCELNICO ESMALTADO PULIDO RECTF.;0040901696159;;POLISHED;WELLS;MARMOL;;POLIVALENTE;BASE;BASE;PULIDO;VARIACION ALTA;;NO;NO;;;CLASE 0;;;GRUPO BIa;GL Esmaltado;;;NO;;1600-2400 N - 35-45 N/mm2;1;004.090.0169.06159;30x30(7)Malla;CATLOGO PAMESA;;;90;90;9;8100;90x90;CR.WELLS;PEARL;https://www.pamesa.com/ERP/4.0/empresas/151/045/imagenes/t00010602/0040901696159.jpg
4;90;119;6159;0040901196159;SI;PUL.COMP.;90x90(N) CR.WELLS SAND;A;SI;SI;33.5000;POL15;PAMESA;PAMESA;19/32/02;8429991890223;;8429991773199;M2;2;1.62;32;51.84;33.00;1,081.00;97.00;97.00;86.00;;9.00;27/02/2024;PAMESA;PAMESA;GRES PORCELNICO ESMALTADO PULIDO RECTF.;0040901196159;;POLISHED;WELLS;MARMOL;;POLIVALENTE;BASE;BASE;PULIDO;VARIACION ALTA;;NO;NO;;;CLASE 0;;;GRUPO BIa;GL Esmaltado;;;NO;;1600-2400 N - 35-45 N/mm2;1;004.090.0119.06159;60X60;CATLOGO PAMESA;;;90;90;9;8100;90x90;CR.WELLS;SAND;https://www.pamesa.com/ERP/4.0/empresas/151/045/imagenes/t00010602/0040901196159.jpg
4;869;344;6159;0048693446159;SI;PUL.COMP.;60x120 CR.WELLS ASH;A;SI;SI;35.5000;POL13;PAMESA;PAMESA;L/32/02;8429991604080;;8429991773199;M2;2;1.44;32;46.08;34.25;1,121.00;122.00;84.00;75.00;;10.50;16/12/2020;PAMESA;LEVIGLASS;GRES PORCELNICO ESMALTADO PULIDO RECTF.;0048693446159;;POLISHED;WELLS;MARMOL;;POLIVALENTE;BASE;BASE;PULIDO;VARIACION MODERADA;;NO;NO;;PEI IV;CLASE 0;;;GRUPO BIa;GL Esmaltado;60 Low;20 High;NO;;1600-2400 N - 35-45 N/mm2;1;004.869.0344.06159;60X120 RF;CATLOGO PAMESA;;;60;120;10,5;7200;60x120;CR.WELLS;ASH;https://www.pamesa.com/ERP/4.0/empresas/151/045/imagenes/t00010602/0048693446159.jpg
4;869;163;6159;0048691636159;SI;PUL.COMP.;60x120 CR.WELLS CREAM;A;SI;SI;35.5000;POL13;PAMESA;PAMESA;L/32/02;8429991604042;;8429991773199;M2;2;1.44;32;46.08;34.25;1,121.00;122.00;84.00;75.00;;10.50;16/12/2020;PAMESA;LEVIGLASS;GRES PORCELNICO ESMALTADO PULIDO RECTF.;0048691636159;;POLISHED;WELLS;MARMOL;;POLIVALENTE;BASE;BASE;PULIDO;VARIACION MODERADA;;NO;NO;;PEI IV;CLASE 0;;;GRUPO BIa;GL Esmaltado;60 Low;20 High;NO;;1600-2400 N - 35-45 N/mm2;1;004.869.0163.06159;60X120 RF;CATLOGO PAMESA;;;60;120;10,5;7200;60x120;CR.WELLS;CREAM;https://www.pamesa.com/ERP/4.0/empresas/151/045/imagenes/t00010602/0048691636159.jpg
4;869;164;6159;0048691646159;SI;PUL.COMP.;60x120 CR.WELLS IVORY;A;SI;SI;35.5000;POL13;PAMESA;PAMESA;L/32/02;8429991604066;;8429991773199;M2;2;1.44;32;46.08;34.25;1,121.00;122.00;84.00;75.00;;10.50;16/12/2020;PAMESA;LEVIGLASS;GRES PORCELNICO ESMALTADO PULIDO RECTF.;0048691646159;;POLISHED;WELLS;MARMOL;;POLIVALENTE;BASE;BASE;PULIDO;VARIACION MODERADA;;NO;NO;;PEI IV;CLASE 0;;;GRUPO BIa;GL Esmaltado;60 Low;20 High;NO;;1600-2400 N - 35-45 N/mm2;1;004.869.0164.06159;30X60 (C);CATLOGO PAMESA;;;60;120;10,5;7200;60x120;CR.WELLS;IVORY;https://www.pamesa.com/ERP/4.0/empresas/151/045/imagenes/t00010602/0048691646159.jpg
4;869;240;6159;0048692406159;SI;PUL.COMP.;60x120 CR.WELLS MOKA;A;SI;SI;35.5000;POL13;PAMESA;PAMESA;L/32/02;8429991604097;;8429991773199;M2;2;1.44;32;46.08;34.25;1,121.00;122.00;84.00;75.00;;10.50;16/12/2020;PAMESA;LEVIGLASS;GRES PORCELNICO ESMALTADO PULIDO RECTF.;0048692406159;;POLISHED;WELLS;MARMOL;;POLIVALENTE;BASE;BASE;PULIDO;VARIACION MODERADA;;NO;NO;;PEI IV;CLASE 0;;;GRUPO BIa;GL Esmaltado;60 Low;20 High;NO;;1600-2400 N - 35-45 N/mm2;1;004.869.0240.06159;60X120 RF;CATLOGO PAMESA;;;60;120;10,5;7200;60x120;CR.WELLS;MOKA;https://www.pamesa.com/ERP/4.0/empresas/151/045/imagenes/t00010602/0048692406159.jpg
4;869;169;6159;0048691696159;SI;PUL.COMP.;60x120 CR.WELLS PEARL;A;SI;SI;35.5000;POL13;PAMESA;PAMESA;L/32/02;8429991604073;;8429991773199;M2;2;1.44;32;46.08;34.25;1,121.00;122.00;84.00;75.00;;10.50;16/12/2020;PAMESA;LEVIGLASS;GRES PORCELNICO ESMALTADO PULIDO RECTF.;0048691696159;;POLISHED;WELLS;MARMOL;;POLIVALENTE;BASE;BASE;PULIDO;VARIACION MODERADA;;NO;NO;;PEI IV;CLASE 0;;;GRUPO BIa;GL Esmaltado;60 Low;20 High;NO;;1600-2400 N - 35-45 N/mm2;1;004.869.0169.06159;30x30(7)Malla;CATLOGO PAMESA;;;60;120;10,5;7200;60x120;CR.WELLS;PEARL;https://www.pamesa.com/ERP/4.0/empresas/151/045/imagenes/t00010602/0048691696159.jpg
4;869;119;6159;0048691196159;SI;PUL.COMP.;60x120 CR.WELLS SAND;A;SI;SI;35.5000;POL13;PAMESA;PAMESA;L/32/02;8429991604059;;8429991773199;M2;2;1.44;32;46.08;34.25;1,121.00;122.00;84.00;75.00;;10.50;16/12/2020;PAMESA;LEVIGLASS;GRES PORCELNICO ESMALTADO PULIDO RECTF.;0048691196159;;POLISHED;WELLS;MARMOL;;POLIVALENTE;;BASE;PULIDO;VARIACION MODERADA;;NO;;;PEI IV;CLASE 0;;;GRUPO BIa;GL Esmaltado;60 Low;20 High;NO;;1600-2400 N - 35-45 N/mm2;1;004.869.0119.06159;30X30 (5)MALLA;CATLOGO PAMESA;;;60;120;10,5;7200;60x120;CR.WELLS;SAND;https://www.pamesa.com/ERP/4.0/empresas/151/045/imagenes/t00010602/0048691196159.jpg
4;840;344;6159;0048403446159;SI;PUL.COMP.;60x60 CR.WELLS ASH;A;SI;SI;26.7500;POL06;PAMESA;PAMESA;F/30/04;8429991604202;;8429991773199;M2;4;1.44;30;43.20;30.00;920.00;120.00;80.00;73.50;;;16/12/2020;PAMESA;LEVIGLASS;GRES PORCELNICO ESMALTADO PULIDO RECTF.;0048403446159;;POLISHED;WELLS;MARMOL;;POLIVALENTE;BASE;BASE;PULIDO;VARIACION MODERADA;;NO;NO;;PEI IV;CLASE 0;;;GRUPO BIa;GL Esmaltado;60 Low;20 High;NO;;1600-2400 N - 35-45 N/mm2;1;004.840.0344.06159;60X120 RF;CATLOGO PAMESA;;;60;60;9;3600;60x60;CR.WELLS;ASH;https://www.pamesa.com/ERP/4.0/empresas/151/045/imagenes/t00010602/0048403446159.jpg
4;840;163;6159;0048401636159;SI;PUL.COMP.;60x60 CR.WELLS CREAM;A;SI;SI;26.7500;POL06;PAMESA;PAMESA;F/30/04;8429991604196;;8429991773199;M2;4;1.44;30;43.20;30.00;920.00;120.00;80.00;73.50;;;16/12/2020;PAMESA;LEVIGLASS;GRES PORCELNICO ESMALTADO PULIDO RECTF.;0048401636159;;POLISHED;WELLS;MARMOL;;POLIVALENTE;BASE;BASE;PULIDO;VARIACION MODERADA;;NO;NO;;PEI IV;CLASE 0;;;GRUPO BIa;GL Esmaltado;60 Low;20 High;NO;;1600-2400 N - 35-45 N/mm2;1;004.840.0163.06159;120X120;CATLOGO PAMESA;;;60;60;9;3600;60x60;CR.WELLS;CREAM;https://www.pamesa.com/ERP/4.0/empresas/151/045/imagenes/t00010602/0048401636159.jpg
4;840;164;6159;0048401646159;SI;PUL.COMP.;60x60 CR.WELLS IVORY;A;SI;SI;26.7500;POL06;PAMESA;PAMESA;F/30/04;8429991604189;;8429991773199;M2;4;1.44;30;43.20;30.00;920.00;120.00;80.00;73.50;;;16/12/2020;PAMESA;LEVIGLASS;GRES PORCELNICO ESMALTADO PULIDO RECTF.;0048401646159;;POLISHED;WELLS;MARMOL;;POLIVALENTE;BASE;BASE;PULIDO;VARIACION MODERADA;;NO;NO;;PEI IV;CLASE 0;;;GRUPO BIa;GL Esmaltado;60 Low;20 High;NO;;1600-2400 N - 35-45 N/mm2;1;004.840.0164.06159;120X120;CATLOGO PAMESA;;;60;60;9;3600;60x60;CR.WELLS;IVORY;https://www.pamesa.com/ERP/4.0/empresas/151/045/imagenes/t00010602/0048401646159.jpg
4;840;240;6159;0048402406159;SI;PUL.COMP.;60x60 CR.WELLS MOKA;A;SI;SI;26.7500;POL06;PAMESA;PAMESA;F/30/04;8429991604219;;8429991773199;M2;4;1.44;30;43.20;30.00;920.00;120.00;80.00;73.50;;;16/12/2020;PAMESA;LEVIGLASS;GRES PORCELNICO ESMALTADO PULIDO RECTF.;0048402406159;;POLISHED;WELLS;MARMOL;;POLIVALENTE;BASE;BASE;PULIDO;VARIACION MODERADA;;NO;NO;;PEI IV;CLASE 0;;;GRUPO BIa;GL Esmaltado;60 Low;20 High;NO;;1600-2400 N - 35-45 N/mm2;1;004.840.0240.06159;60X120 RF;CATLOGO PAMESA;;;60;60;9;3600;60x60;CR.WELLS;MOKA;https://www.pamesa.com/ERP/4.0/empresas/151/045/imagenes/t00010602/0048402406159.jpg
4;840;169;6159;0048401696159;SI;PUL.COMP.;60x60 CR.WELLS PEARL;A;SI;SI;26.7500;POL06;PAMESA;PAMESA;F/30/04;8429991604165;;8429991773199;M2;4;1.44;30;43.20;30.00;920.00;120.00;80.00;73.50;;;16/12/2020;PAMESA;LEVIGLASS;GRES PORCELNICO ESMALTADO PULIDO RECTF.;0048401696159;;POLISHED;WELLS;MARMOL;;POLIVALENTE;BASE;BASE;PULIDO;VARIACION MODERADA;;NO;NO;;PEI IV;CLASE 0;;;GRUPO BIa;GL Esmaltado;60 Low;20 High;NO;;1600-2400 N - 35-45 N/mm2;1;004.840.0169.06159;120X120;CATLOGO PAMESA;;;60;60;9;3600;60x60;CR.WELLS;PEARL;https://www.pamesa.com/ERP/4.0/empresas/151/045/imagenes/t00010602/0048401696159.jpg
4;840;119;6159;0048401196159;SI;PUL.COMP.;60x60 CR.WELLS SAND;A;SI;SI;26.7500;POL06;PAMESA;PAMESA;F/30/04;8429991604172;;8429991773199;M2;4;1.44;30;43.20;30.00;920.00;120.00;80.00;73.50;;;16/12/2020;PAMESA;LEVIGLASS;GRES PORCELNICO ESMALTADO PULIDO RECTF.;0048401196159;;POLISHED;WELLS;MARMOL;;POLIVALENTE;BASE;BASE;PULIDO;VARIACION MODERADA;;NO;NO;;PEI IV;CLASE 0;;;GRUPO BIa;GL Esmaltado;60 Low;20 High;NO;;1600-2400 N - 35-45 N/mm2;1;004.840.0119.06159;30x30(7)Malla;CATLOGO PAMESA;;;60;60;9;3600;60x60;CR.WELLS;SAND;https://www.pamesa.com/ERP/4.0/empresas/151/045/imagenes/t00010602/0048401196159.jpg
4;450;344;6159;0044503446159;SI;PUL.COMP.;30x60 (C) CR.WELLS ASH;A;SI;SI;26.7500;POL04;PAMESA;PAMESA;F/48/06;8429991604141;;8429991773199;M2;6;1.08;48;51.84;23.60;1,152.80;120.00;80.00;74.00;;9.50;16/12/2020;PAMESA;LEVIGLASS;GRES PORCELNICO ESMALTADO PULIDO RECTF.;0044503446159;;POLISHED;WELLS;MARMOL;;POLIVALENTE;BASE;BASE;PULIDO;VARIACION MODERADA;;NO;NO;;PEI IV;CLASE 0;;;GRUPO BIa;GL Esmaltado;60 Low;20 High;NO;;1600-2400 N - 35-45 N/mm2;1;004.450.0344.06159;30x30(7)Malla;CATLOGO PAMESA;;;30;60;9,5;1800;30x60;CR.WELLS;ASH;https://www.pamesa.com/ERP/4.0/empresas/151/045/imagenes/t00010602/0044503446159.jpg
4;450;163;6159;0044501636159;SI;PUL.COMP.;30x60 (C) CR.WELLS CREAM;A;SI;SI;26.7500;POL04;PAMESA;PAMESA;F/48/06;8429991604134;;8429991773199;M2;6;1.08;48;51.84;23.60;1,152.80;120.00;80.00;74.00;;9.50;16/12/2020;PAMESA;LEVIGLASS;GRES PORCELNICO ESMALTADO PULIDO RECTF.;0044501636159;;POLISHED;WELLS;MARMOL;;POLIVALENTE;BASE;BASE;PULIDO;VARIACION MODERADA;;NO;NO;;PEI IV;CLASE 0;;;GRUPO BIa;GL Esmaltado;60 Low;20 High;NO;;1600-2400 N - 35-45 N/mm2;1;004.450.0163.06159;60X120 RF;CATLOGO PAMESA;;;30;60;9,5;1800;30x60;CR.WELLS;CREAM;https://www.pamesa.com/ERP/4.0/empresas/151/045/imagenes/t00010602/0044501636159.jpg
4;450;164;6159;0044501646159;SI;PUL.COMP.;30x60 (C) CR.WELLS IVORY;A;SI;SI;26.7500;POL04;PAMESA;PAMESA;F/48/06;8429991604127;;8429991773199;M2;6;1.08;48;51.84;23.60;1,152.80;120.00;80.00;74.00;;9.50;16/12/2020;PAMESA;LEVIGLASS;GRES PORCELNICO ESMALTADO PULIDO RECTF.;0044501646159;;POLISHED;WELLS;MARMOL;;POLIVALENTE;BASE;BASE;PULIDO;VARIACION MODERADA;;NO;NO;;PEI IV;CLASE 0;;;GRUPO BIa;GL Esmaltado;60 Low;20 High;NO;;1600-2400 N - 35-45 N/mm2;1;004.450.0164.06159;60X60;CATLOGO PAMESA;;;30;60;9,5;1800;30x60;CR.WELLS;IVORY;https://www.pamesa.com/ERP/4.0/empresas/151/045/imagenes/t00010602/0044501646159.jpg
4;450;240;6159;0044502406159;SI;PUL.COMP.;30x60 (C) CR.WELLS MOKA;A;SI;SI;26.7500;POL04;PAMESA;PAMESA;F/48/06;8429991604158;;8429991773199;M2;6;1.08;48;51.84;23.60;1,152.80;120.00;80.00;74.00;;9.50;16/12/2020;PAMESA;LEVIGLASS;GRES PORCELNICO ESMALTADO PULIDO RECTF.;0044502406159;;POLISHED;WELLS;MARMOL;;POLIVALENTE;BASE;BASE;PULIDO;VARIACION MODERADA;;NO;NO;;PEI IV;CLASE 0;;;GRUPO BIa;GL Esmaltado;60 Low;20 High;NO;;1600-2400 N - 35-45 N/mm2;1;004.450.0240.06159;30x30(7)Malla;CATLOGO PAMESA;;;30;60;9,5;1800;30x60;CR.WELLS;MOKA;https://www.pamesa.com/ERP/4.0/empresas/151/045/imagenes/t00010602/0044502406159.jpg
4;450;169;6159;0044501696159;SI;PUL.COMP.;30x60 (C) CR.WELLS PEARL;A;SI;SI;26.7500;POL04;PAMESA;PAMESA;F/48/06;8429991604103;;8429991773199;M2;6;1.08;48;51.84;23.60;1,152.80;120.00;80.00;74.00;;9.50;16/12/2020;PAMESA;LEVIGLASS;GRES PORCELNICO ESMALTADO PULIDO RECTF.;0044501696159;;POLISHED;WELLS;MARMOL;;POLIVALENTE;BASE;BASE;PULIDO;VARIACION MODERADA;;NO;NO;;PEI IV;CLASE 0;;;GRUPO BIa;GL Esmaltado;60 Low;20 High;NO;;1600-2400 N - 35-45 N/mm2;1;004.450.0169.06159;30X60 (C);CATLOGO PAMESA;;;30;60;9,5;1800;30x60;CR.WELLS;PEARL;https://www.pamesa.com/ERP/4.0/empresas/151/045/imagenes/t00010602/0044501696159.jpg
4;450;119;6159;0044501196159;SI;PUL.COMP.;30x60 (C) CR.WELLS SAND;A;SI;SI;26.7500;POL04;PAMESA;PAMESA;F/48/06;8429991604110;;8429991773199;M2;6;1.08;48;51.84;23.60;1,152.80;120.00;80.00;74.00;;9.50;16/12/2020;PAMESA;LEVIGLASS;GRES PORCELNICO ESMALTADO PULIDO RECTF.;0044501196159;;POLISHED;WELLS;MARMOL;;POLIVALENTE;BASE;BASE;PULIDO;VARIACION MODERADA;;NO;NO;;PEI IV;CLASE 0;;;GRUPO BIa;GL Esmaltado;60 Low;20 High;NO;;1600-2400 N - 35-45 N/mm2;1;004.450.0119.06159;90X90(N);CATLOGO PAMESA;;;30;60;9,5;1800;30x60;CR.WELLS;SAND;https://www.pamesa.com/ERP/4.0/empresas/151/045/imagenes/t00010602/0044501196159.jpg
38;281;344;6159;0382813446159;SI;PZ.E.CGLASS PUL;30x30 (5)Malla CR.WELLS ASH;A;SI;SI;70.2500;MOS5;PAMESA;PAMESA;E/42/11;8429991618360;;;M2;11;1.00;42;42.00;23.00;986.00;120.00;80.00;;;;17/02/2021;PAMESA;PAMESA;GRES PORCELNICO ESMALTADO PULIDO RECTF.;0382813446159;;POLISHED;WELLS;MARMOL;;POLIVALENTE;;;PULIDO;VARIACION MODERADA;NO;SIN INFORMAR;;;;CLASE 0;;;GRUPO BIa;GL Esmaltado;;;;;1600-2400 N - 35-45 N/mm2;1;038.281.0344.06159;30X90PBCA;CATLOGO PAMESA;;;30;30;0;900;30x30;CR.WELLS;ASH;https://www.pamesa.com/ERP/4.0/empresas/151/045/imagenes/t00010602/0382813446159.jpg
38;281;163;6159;0382811636159;SI;PZ.E.CGLASS PUL;30x30 (5)Malla CR.WELLS CREAM;A;SI;SI;70.2500;MOS5;PAMESA;PAMESA;E/42/11;8429991618322;;;M2;11;1.00;42;42.00;23.00;986.00;120.00;80.00;;;;17/02/2021;PAMESA;PAMESA;GRES PORCELNICO ESMALTADO PULIDO RECTF.;0382811636159;;POLISHED;WELLS;MARMOL;;POLIVALENTE;;;PULIDO;VARIACION MODERADA;NO;SIN INFORMAR;;;;CLASE 0;;;GRUPO BIa;GL Esmaltado;;;;;1600-2400 N - 35-45 N/mm2;1;038.281.0163.06159;30X90PBCA;CATLOGO PAMESA;;;30;30;0;900;30x30;CR.WELLS;CREAM;https://www.pamesa.com/ERP/4.0/empresas/151/045/imagenes/t00010602/0382811636159.jpg
38;281;164;6159;0382811646159;SI;PZ.E.CGLASS PUL;30x30 (5)Malla CR.WELLS IVORY;A;SI;SI;70.2500;MOS5;PAMESA;PAMESA;E/42/11;8429991618339;;;M2;11;1.00;42;42.00;23.00;986.00;120.00;80.00;;;;17/02/2021;PAMESA;PAMESA;GRES PORCELNICO ESMALTADO PULIDO RECTF.;0382811646159;;POLISHED;WELLS;MARMOL;;POLIVALENTE;;;PULIDO;VARIACION MODERADA;NO;SIN INFORMAR;;;;CLASE 0;;;GRUPO BIa;GL Esmaltado;;;;;1600-2400 N - 35-45 N/mm2;1;038.281.0164.06159;30X90PBCA;CATLOGO PAMESA;;;30;30;0;900;30x30;CR.WELLS;IVORY;https://www.pamesa.com/ERP/4.0/empresas/151/045/imagenes/t00010602/0382811646159.jpg
38;281;240;6159;0382812406159;SI;PZ.E.CGLASS PUL;30x30 (5)Malla CR.WELLS MOKA;A;SI;SI;70.2500;MOS5;PAMESA;PAMESA;E/42/11;8429991618353;;;M2;11;1.00;42;42.00;23.00;986.00;120.00;80.00;;;;17/02/2021;PAMESA;PAMESA;GRES PORCELNICO ESMALTADO PULIDO RECTF.;0382812406159;;POLISHED;WELLS;MARMOL;;POLIVALENTE;;;PULIDO;VARIACION MODERADA;NO;SIN INFORMAR;;;;CLASE 0;;;GRUPO BIa;GL Esmaltado;;;;;1600-2400 N - 35-45 N/mm2;1;038.281.0240.06159;30X90 PB;CATLOGO PAMESA;;;30;30;0;900;30x30;CR.WELLS;MOKA;https://www.pamesa.com/ERP/4.0/empresas/151/045/imagenes/t00010602/0382812406159.jpg
38;281;169;6159;0382811696159;SI;PZ.E.CGLASS PUL;30x30 (5)Malla CR.WELLS PEARL;A;SI;SI;70.2500;MOS5;PAMESA;PAMESA;E/42/11;8429991618346;;;M2;11;1.00;42;42.00;23.00;986.00;120.00;80.00;;;;17/02/2021;PAMESA;PAMESA;GRES PORCELNICO ESMALTADO PULIDO RECTF.;0382811696159;;POLISHED;WELLS;MARMOL;;POLIVALENTE;;;PULIDO;VARIACION MODERADA;NO;SIN INFORMAR;;;;CLASE 0;;;GRUPO BIa;GL Esmaltado;;;;;1600-2400 N - 35-45 N/mm2;1;038.281.0169.06159;30X90PBCA;CATLOGO PAMESA;;;30;30;0;900;30x30;CR.WELLS;PEARL;https://www.pamesa.com/ERP/4.0/empresas/151/045/imagenes/t00010602/0382811696159.jpg
38;281;119;6159;0382811196159;SI;PZ.E.CGLASS PUL;30x30 (5)Malla CR.WELLS SAND;A;SI;SI;70.2500;MOS5;PAMESA;PAMESA;E/42/11;8429991618315;;;M2;11;1.00;42;42.00;23.00;986.00;120.00;80.00;;;;17/02/2021;PAMESA;PAMESA;GRES PORCELNICO ESMALTADO PULIDO RECTF.;0382811196159;;POLISHED;WELLS;MARMOL;;POLIVALENTE;;;PULIDO;VARIACION MODERADA;NO;SIN INFORMAR;;;;CLASE 0;;;GRUPO BIa;GL Esmaltado;;;;;1600-2400 N - 35-45 N/mm2;1;038.281.0119.06159;30X90PBCA;CATLOGO PAMESA;;;30;30;0;900;30x30;CR.WELLS;SAND;https://www.pamesa.com/ERP/4.0/empresas/151/045/imagenes/t00010602/0382811196159.jpg
4;90;12;9742;0040900129742;SI;PUL.COMP.;90x90(N) CR.WHITEHALL BLANCO;A;SI;SI;33.5000;POL15;PAMESA;PAMESA;19/32/02;8429991891527;;8429991773199;M2;2;1.62;32;51.84;33.00;1,081.00;97.00;97.00;86.00;;9.00;29/02/2024;PAMESA;PAMESA;GRES PORCELNICO ESMALTADO PULIDO RECTF.;0040900129742;;POLISHED;WHITEHALL;MARMOL;;POLIVALENTE;BASE;BASE;PULIDO;VARIACION ALTA;;NO;NO;;;CLASE 0;;;GRUPO BIa;GL Esmaltado;;;NO;;1600-2400 N - 35-45 N/mm2;1;004.090.0012.09742;30X30 (5)MALLA;CATLOGO PAMESA;;;90;90;9;8100;90x90;CR.WHITEHALL;BLANCO;https://www.pamesa.com/ERP/4.0/empresas/151/045/imagenes/t00010602/0040900129742.jpg
17;90;12;9742;0170900129742;SI;REC.GLASS;90x90(N) CR.WHITEHALL BLANCO;A;SI;SI;29.0000;POL14;PAMESA;PAMESA;19/32/02;8429991891534;;8429991773199;M2;2;1.62;32;51.84;33.00;1,081.00;97.00;97.00;86.00;;9.00;29/02/2024;PAMESA;PAMESA;GRES PORCELNICO ESMALTADO;0170900129742;;POLISHED;WHITEHALL;MARMOL;;POLIVALENTE;BASE;BASE;SATEN RECTIFICADO;VARIACION ALTA;NO;NO;NO;;;CLASE 0;;;GRUPO BIa;GL Esmaltado;;;NO;;1600-2400 N - 35-45 N/mm2;1;017.090.0012.09742;45X45;CATLOGO PAMESA;;;90;90;9;8100;90x90;CR.WHITEHALL;BLANCO;https://www.pamesa.com/ERP/4.0/empresas/151/045/imagenes/t00010602/0170900129742.jpg
4;869;12;9742;0048690129742;SI;PUL.COMP.;60x120 CR.WHITEHALL BLANCO;A;SI;SI;35.5000;POL13;PAMESA;PAMESA;L/32/02;8429991440787;;8429991773199;M2;2;1.44;32;46.08;34.25;1,121.00;122.00;84.00;75.00;;10.50;17/04/2019;PAMESA;SERIE CROMAT;GRES PORCELNICO ESMALTADO PULIDO RECTF.;0048690129742;;POLISHED;WHITEHALL;MARMOL;;POLIVALENTE;BASE;BASE;PULIDO;VARIACION ALTA;;NO;;;PEI IV;CLASE 0;;;GRUPO BIa;GL Esmaltado;60 Low;20 High;NO;;1600-2400 N - 35-45 N/mm2;1;004.869.0012.09742;30x30(7)Malla;CATLOGO PAMESA;;;60;120;10,5;7200;60x120;CR.WHITEHALL;BLANCO;https://www.pamesa.com/ERP/4.0/empresas/151/045/imagenes/t00010602/0048690129742.jpg
17;869;12;9742;0178690129742;SI;REC.GLASS;60x120 CR.WHITEHALL BLANCO;A;SI;SI;32.2500;POL12;PAMESA;PAMESA;L/32/02;8429991440824;;8429991773199;M2;2;1.44;32;46.08;34.25;1,121.00;122.00;84.00;75.00;;10.50;17/04/2019;PAMESA;SERIE CROMAT;GRES PORCELNICO ESMALTADO;0178690129742;;POLISHED;WHITEHALL;MARMOL;;POLIVALENTE;BASE;BASE;SATEN RECTIFICADO;VARIACION ALTA;NO;NO;;;PEI IV;CLASE 0;;;GRUPO BIa;GL Esmaltado;;;NO;;1600-2400 N - 35-45 N/mm2;1;017.869.0012.09742;160X160;CATLOGO PAMESA;;;60;120;10,5;7200;60x120;CR.WHITEHALL;BLANCO;https://www.pamesa.com/ERP/4.0/empresas/151/045/imagenes/t00010602/0178690129742.jpg
4;84;12;9742;0040840129742;SI;PUL.COMP.;45x90C(N) CR.WHITEHALL BLANCO;A;SI;SI;27.7500;POL08;PAMESA;PAMESA;F/55/03;8429991888558;;8429991773199;M2;3;1.21;55;66.55;25.00;1,395.00;120.00;80.00;105.00;;;26/02/2024;PAMESA;PAMESA;GRES PORCELNICO ESMALTADO PULIDO RECTF.;0040840129742;;POLISHED;WHITEHALL;MARMOL;;POLIVALENTE;BASE;BASE;PULIDO;VARIACION ALTA;;NO;;;;CLASE 0;;;GRUPO BIa;GL Esmaltado;;;NO;;1600-2400 N - 35-45 N/mm2;1;004.084.0012.09742;60X120 RF;CATLOGO PAMESA;;;45;90;9;4050;45x90;CR.WHITEHALL;BLANCO;https://www.pamesa.com/ERP/4.0/empresas/151/045/imagenes/t00010602/0040840129742.jpg
17;84;12;9742;0170840129742;SI;REC.GLASS;45x90C(N) CR.WHITEHALL BLANCO;A;SI;SI;0.0000;POL07;PAMESA;PAMESA;F/55/03;8429991942298;;8429991773199;M2;3;1.21;55;66.55;25.00;1,395.00;120.00;80.00;105.00;;;13/06/2024;PAMESA;PAMESA;GRES PORCELNICO ESMALTADO;0170840129742;;POLISHED;WHITEHALL;MARMOL;;POLIVALENTE;BASE;BASE;SATEN RECTIFICADO;VARIACION ALTA;NO;NO;;;;CLASE 0;;;GRUPO BIa;GL Esmaltado;;;NO;;1600-2400 N - 35-45 N/mm2;1;017.084.0012.09742;100X100;CATLOGO PAMESA;;;45;90;9;4050;45x90;CR.WHITEHALL;BLANCO;https://www.pamesa.com/ERP/4.0/empresas/151/045/imagenes/t00010602/0170840129742.jpg
4;840;12;9742;0048400129742;SI;PUL.COMP.;60x60 CR.WHITEHALL BLANCO;A;SI;SI;26.7500;POL06;PAMESA;PAMESA;F/30/04;8429991415983;;8429991773199;M2;4;1.44;30;43.20;30.00;920.00;120.00;80.00;73.50;;;19/12/2018;PAMESA;SERIE CROMAT;GRES PORCELNICO ESMALTADO PULIDO RECTF.;0048400129742;;POLISHED;WHITEHALL;MARMOL;;POLIVALENTE;BASE;BASE;PULIDO;VARIACION ALTA;;NO;;;PEI IV;CLASE 0;;;GRUPO BIa;GL Esmaltado;60 Low;20 High;NO;;1600-2400 N - 35-45 N/mm2;1;004.840.0012.09742;60X120 RF;CATLOGO PAMESA;;;60;60;9;3600;60x60;CR.WHITEHALL;BLANCO;https://www.pamesa.com/ERP/4.0/empresas/151/045/imagenes/t00010602/0048400129742.jpg
17;840;12;9742;0178400129742;SI;REC.GLASS;60x60 CR.WHITEHALL BLANCO;A;SI;SI;22.5000;POL05;PAMESA;PAMESA;F/30/04;8429991415945;;8429991773199;M2;4;1.44;30;43.20;30.00;920.00;120.00;80.00;73.50;;;19/12/2018;PAMESA;SERIE CROMAT;GRES PORCELNICO ESMALTADO;0178400129742;;POLISHED;WHITEHALL;MARMOL;;POLIVALENTE;BASE;BASE;SATEN RECTIFICADO;VARIACION ALTA;NO;NO;;;PEI IV;CLASE 0;;;GRUPO BIa;GL Esmaltado;;;NO;;1600-2400 N - 35-45 N/mm2;1;017.840.0012.09742;90X90N(20MM);CATLOGO PAMESA;;;60;60;9;3600;60x60;CR.WHITEHALL;BLANCO;https://www.pamesa.com/ERP/4.0/empresas/151/045/imagenes/t00010602/0178400129742.jpg
4;450;12;9742;0044500129742;SI;PUL.COMP.;30x60 (C) CR.WHITEHALL BLANCO;A;SI;SI;26.7500;POL04;PAMESA;PAMESA;F/48/06;8429991415907;;8429991773199;M2;6;1.08;48;51.84;23.60;1,152.80;120.00;80.00;74.00;;9.50;19/12/2018;PAMESA;SERIE CROMAT;GRES PORCELNICO ESMALTADO PULIDO RECTF.;0044500129742;;POLISHED;WHITEHALL;MARMOL;;POLIVALENTE;BASE;BASE;PULIDO;VARIACION ALTA;;NO;;;PEI IV;CLASE 0;;;GRUPO BIa;GL Esmaltado;60 Low;20 High;NO;;1600-2400 N - 35-45 N/mm2;1;004.450.0012.09742;160X160;CATLOGO PAMESA;;;30;60;9,5;1800;30x60;CR.WHITEHALL;BLANCO;https://www.pamesa.com/ERP/4.0/empresas/151/045/imagenes/t00010602/0044500129742.jpg
17;450;12;9742;0174500129742;SI;REC.GLASS;30x60 (C) CR.WHITEHALL BLANCO;A;SI;SI;22.5000;POL03;PAMESA;PAMESA;F/48/06;8429991415860;;8429991773199;M2;6;1.08;48;51.84;23.60;1,152.80;120.00;80.00;74.00;;9.50;19/12/2018;PAMESA;SERIE CROMAT;GRES PORCELNICO ESMALTADO;0174500129742;;POLISHED;WHITEHALL;MARMOL;;POLIVALENTE;BASE;BASE;SATEN RECTIFICADO;VARIACION ALTA;NO;NO;;;PEI IV;CLASE 0;;;GRUPO BIa;GL Esmaltado;;;NO;;1600-2400 N - 35-45 N/mm2;1;017.450.0012.09742;30X30 (5)MALLA;CATLOGO PAMESA;;;30;60;9,5;1800;30x60;CR.WHITEHALL;BLANCO;https://www.pamesa.com/ERP/4.0/empresas/151/045/imagenes/t00010602/0174500129742.jpg
25;590;12;9742;0255900129742;SI;PZ.ESP COM-GLAS;30x30(7)Malla CR.WHITEHALL BLANCO;A;SI;SI;57.7500;MOS7;PAMESA;PAMESA;E/42/11;8429991549664;;;M2;11;1.00;42;42.00;23.10;990.20;120.00;80.00;;;;05/03/2019;PAMESA;SERIE CROMAT;GRES PORCELNICO ESMALTADO;0255900129742;;POLISHED;WHITEHALL;MARMOL;;POLIVALENTE;MALLA;;SATEN RECTIFICADO;VARIACION ALTA;NO;SIN INFORMAR;;;;CLASE 0;;;GRUPO BIa;GL Esmaltado;;;NO;;1600-2400 N - 35-45 N/mm2;1;025.590.0012.09742;120X120;CATLOGO PAMESA;;;30;30;0;900;30x30;CR.WHITEHALL;BLANCO;https://www.pamesa.com/ERP/4.0/empresas/151/045/imagenes/t00010602/0255900129742.jpg
38;590;12;9742;0385900129742;SI;PZ.E.CGLASS PUL;30x30(7)Malla CR.WHITEHALL BLANCO;A;SI;SI;57.7500;MOS7;PAMESA;PAMESA;E/42/11;8429991550462;;;M2;11;1.00;42;42.00;23.10;990.20;120.00;80.00;;;;05/03/2019;PAMESA;SERIE CROMAT;GRES PORCELNICO ESMALTADO PULIDO RECTF.;0385900129742;;POLISHED;WHITEHALL;MARMOL;;POLIVALENTE;MALLA;;PULIDO;;NO;SIN INFORMAR;;;;CLASE 0;;;GRUPO BIa;GL Esmaltado;;;NO;;1600-2400 N - 35-45 N/mm2;1;038.590.0012.09742;33,3x100;CATLOGO PAMESA;;;30;30;0;900;30x30;CR.WHITEHALL;BLANCO;https://www.pamesa.com/ERP/4.0/empresas/151/045/imagenes/t00010602/0385900129742.jpg
17;10;408;15262;0170100025763;SI;REC.GLASS;100x100 ALBA STONE GREIGE;A;SI;SI;0.0000;PGL31;PAMESA;PAMESA;27/27/02;8429991109615;;8429991773199;M2;2;2.00;27;54.00;41.15;1,133.05;107.00;107.00;77.00;;;06/03/2025;PAMESA;PAMESA;GRES PORCELNICO ESMALTADO;0170100025763;;PORCELAINGLASS;ALBA STONE;PIEDRA;;POLIVALENTE;;BASE;MATE RECTIFICADO;VARIACION LEVE;NO;SI;;;;CLASE 1;;;GRUPO BIa;GL Esmaltado;;;NO;;1600-2400 N - 35-45 N/mm2;1;017.010.0408.15262;60x60;CATLOGO PAMESA;;;100;100;9;10000;100x100;ALBA STONE;GREIGE;https://www.pamesa.com/ERP/4.0/empresas/151/045/imagenes/t00010602/0170100025763.jpg
17;769;408;15262;0177690042482;SI;REC.GLASS;100x100(N)20MM ALBA STONE GREIGE;A;SI;SI;0.0000;2CM07;PAMESA.C.P;PAMESA;27/28/01 S/C;8429991197018;;;M2;1;1.00;28;28.00;42.86;1,222.08;107.00;107.00;;;20.00;18/11/2025;PAMESA;PAMESA;GRES PORCELNICO ESMALTADO;0177690042482;;PORCELAINGLASS;ALBA STONE;PIEDRA;;PAVIMENTO;BASE;BASE;MATE RECTIFICADO;VARIACION LEVE;;;;;;CLASE 3;R11;C;GRUPO BIa;GL Esmaltado;;36 Low;NO;;>8000 N - 35-45 N/mm2;1;017.769.0408.15262;60x60;CATLOGO PAMESA;;;100;100;20;10000;100x100;ALBA STONE;GREIGE;https://www.pamesa.com/ERP/4.0/empresas/151/045/imagenes/t00010602/0177690042482.jpg
17;10;164;15262;0170100025761;SI;REC.GLASS;100x100 ALBA STONE IVORY;A;SI;SI;0.0000;PGL31;PAMESA;PAMESA;27/27/02;8429991109592;;8429991773199;M2;2;2.00;27;54.00;41.15;1,133.05;107.00;107.00;77.00;;;06/03/2025;PAMESA;PAMESA;GRES PORCELNICO ESMALTADO;0170100025761;;PORCELAINGLASS;ALBA STONE;PIEDRA;;POLIVALENTE;;BASE;MATE RECTIFICADO;VARIACION LEVE;NO;SI;;;;CLASE 1;;;GRUPO BIa;GL Esmaltado;;;NO;;1600-2400 N - 35-45 N/mm2;1;017.010.0164.15262;30x30(7)Malla;CATLOGO PAMESA;;;100;100;9;10000;100x100;ALBA STONE;IVORY;https://www.pamesa.com/ERP/4.0/empresas/151/045/imagenes/t00010602/0170100025761.jpg
17;769;164;15262;0177690042480;SI;REC.GLASS;100x100(N)20MM ALBA STONE IVORY;A;SI;SI;0.0000;2CM07;PAMESA.C.P;PAMESA;27/28/01 S/C;8429991196998;;;M2;1;1.00;28;28.00;42.86;1,222.08;107.00;107.00;;;20.00;18/11/2025;PAMESA;PAMESA;GRES PORCELNICO ESMALTADO;0177690042480;;PORCELAINGLASS;ALBA STONE;PIEDRA;;PAVIMENTO;BASE;BASE;MATE RECTIFICADO;VARIACION LEVE;;;;;;CLASE 3;R11;C;GRUPO BIa;GL Esmaltado;;36 Low;NO;;>8000 N - 35-45 N/mm2;1;017.769.0164.15262;60X120 RF;CATLOGO PAMESA;;;100;100;20;10000;100x100;ALBA STONE;IVORY;https://www.pamesa.com/ERP/4.0/empresas/151/045/imagenes/t00010602/0177690042480.jpg
17;10;183;15262;0170100025762;SI;REC.GLASS;100x100 ALBA STONE SILVER;A;SI;SI;0.0000;PGL31;PAMESA;PAMESA;27/27/02;8429991109608;;8429991773199;M2;2;2.00;27;54.00;41.15;1,133.05;107.00;107.00;77.00;;;06/03/2025;PAMESA;PAMESA;GRES PORCELNICO ESMALTADO;0170100025762;;PORCELAINGLASS;ALBA STONE;PIEDRA;;POLIVALENTE;;BASE;MATE RECTIFICADO;VARIACION LEVE;NO;SI;;;;CLASE 1;;;GRUPO BIa;GL Esmaltado;;;NO;;1600-2400 N - 35-45 N/mm2;1;017.010.0183.15262;60X120(n);CATLOGO PAMESA;;;100;100;9;10000;100x100;ALBA STONE;SILVER;https://www.pamesa.com/ERP/4.0/empresas/151/045/imagenes/t00010602/0170100025762.jpg
17;250;408;15262;0172500025776;SI;REC.GLASS;60x120(n) ALBA STONE GREIGE;A;SI;SI;0.0000;PGL16;PAMESA;PAMESA;L/36/02 RF;8429991109677;;8429991773199;M2;2;1.44;36;51.84;28.62;1,055.32;122.00;84.00;73.50;;;06/03/2025;PAMESA;PAMESA;GRES PORCELNICO ESMALTADO;0172500025776;;PORCELAINGLASS;ALBA STONE;PIEDRA;;POLIVALENTE;BASE;BASE;MATE RECTIFICADO;VARIACION LEVE;NO;SI;;;;CLASE 1;;;GRUPO BIa;GL Esmaltado;;;NO;;1600-2400 N - 35-45 N/mm2;1;017.250.0408.15262;60x60;CATLOGO PAMESA;;;60;120;9;7200;60x120;ALBA STONE;GREIGE;https://www.pamesa.com/ERP/4.0/empresas/151/045/imagenes/t00010602/0172500025776.jpg
17;250;164;15262;0172500025774;SI;REC.GLASS;60x120(n) ALBA STONE IVORY;A;SI;SI;0.0000;PGL16;PAMESA;PAMESA;L/36/02 RF;8429991109653;;8429991773199;M2;2;1.44;36;51.84;28.62;1,055.32;122.00;84.00;73.50;;;06/03/2025;PAMESA;PAMESA;GRES PORCELNICO ESMALTADO;0172500025774;;PORCELAINGLASS;ALBA STONE;PIEDRA;;POLIVALENTE;;BASE;MATE RECTIFICADO;VARIACION LEVE;NO;SI;;;;CLASE 1;;;GRUPO BIa;GL Esmaltado;;;NO;;1600-2400 N - 35-45 N/mm2;1;017.250.0164.15262;30x60 (C);CATLOGO PAMESA;;;60;120;9;7200;60x120;ALBA STONE;IVORY;https://www.pamesa.com/ERP/4.0/empresas/151/045/imagenes/t00010602/0172500025774.jpg
17;250;183;15262;0172500025775;SI;REC.GLASS;60x120(n) ALBA STONE SILVER;A;SI;SI;0.0000;PGL16;PAMESA;PAMESA;L/36/02 RF;8429991109660;;8429991773199;M2;2;1.44;36;51.84;28.62;1,055.32;122.00;84.00;73.50;;;06/03/2025;PAMESA;PAMESA;GRES PORCELNICO ESMALTADO;0172500025775;;PORCELAINGLASS;ALBA STONE;PIEDRA;;POLIVALENTE;;BASE;;;NO;SI;;;;CLASE 1;;;GRUPO BIa;GL Esmaltado;;;NO;;1600-2400 N - 35-45 N/mm2;1;017.250.0183.15262;90X90(N);CATLOGO PAMESA;;;60;120;9;7200;60x120;ALBA STONE;SILVER;https://www.pamesa.com/ERP/4.0/empresas/151/045/imagenes/t00010602/0172500025775.jpg
17;250;408;15665;0172500033400;SI;REC.GLASS;60x120(n) EXT.ALBA STONE GREIGE;A;SI;SI;0.0000;PGL19;PAM-ADZ.PAMESA;PAMESA;L/36/02 RF;8429991156909;;8429991773199;M2;2;1.44;36;51.84;28.62;1,055.32;122.00;84.00;73.50;;;02/07/2025;PAMESA;PAMESA;GRES PORCELNICO ESMALTADO;0172500033400;;PORCELAINGLASS;ALBA STONE;PIEDRA;;ANTIDESLIZANTE;BASE;BASE;MATE RECTIFICADO;VARIACION LEVE;;SI;;;;CLASE 3;R11;C;GRUPO BIa;GL Esmaltado;;36 Low;NO;;1600-2400 N - 35-45 N/mm2;1;017.250.0408.15665;60x60;CATLOGO PAMESA;;;60;120;9;7200;60x120;EXT.ALBA STONE;GREIGE;https://www.pamesa.com/ERP/4.0/empresas/151/045/imagenes/t00010602/0172500033400.jpg
17;250;164;15665;0172500033398;SI;REC.GLASS;60x120(n) EXT.ALBA STONE IVORY;A;SI;SI;0.0000;PGL19;PAM-ADZ.PAMESA;PAMESA;L/36/02 RF;8429991156886;;8429991773199;M2;2;1.44;36;51.84;28.62;1,055.32;122.00;84.00;73.50;;;02/07/2025;PAMESA;PAMESA;GRES PORCELNICO ESMALTADO;0172500033398;;PORCELAINGLASS;ALBA STONE;PIEDRA;;ANTIDESLIZANTE;BASE;BASE;MATE RECTIFICADO;VARIACION LEVE;;SI;;;;CLASE 3;R11;C;GRUPO BIa;GL Esmaltado;;36 Low;NO;;1600-2400 N - 35-45 N/mm2;1;017.250.0164.15665;9X60(M2);CATLOGO PAMESA;;;60;120;9;7200;60x120;EXT.ALBA STONE;IVORY;https://www.pamesa.com/ERP/4.0/empresas/151/045/imagenes/t00010602/0172500033398.jpg
17;250;183;15665;0172500033399;SI;REC.GLASS;60x120(n) EXT.ALBA STONE SILVER;A;SI;SI;0.0000;PGL19;PAM-ADZ.PAMESA;PAMESA;L/36/02 RF;8429991156893;;8429991773199;M2;2;1.44;36;51.84;28.62;1,055.32;122.00;84.00;73.50;;;02/07/2025;PAMESA;PAMESA;GRES PORCELNICO ESMALTADO;0172500033399;;PORCELAINGLASS;ALBA STONE;PIEDRA;;ANTIDESLIZANTE;BASE;BASE;MATE RECTIFICADO;VARIACION LEVE;;SI;;;;CLASE 3;R11;C;GRUPO BIa;GL Esmaltado;;36 Low;NO;;1600-2400 N - 35-45 N/mm2;1;017.250.0183.15665;90X90(N);CATLOGO PAMESA;;;60;120;9;7200;60x120;EXT.ALBA STONE;SILVER;https://www.pamesa.com/ERP/4.0/empresas/151/045/imagenes/t00010602/0172500033399.jpg
15;1110;408;15262;0150000042545;SI;COM.GL;61X91(N)20MM ALBA STONE GREIGE;A;SI;SI;0.0000;2CM06;PAMESA;PAMESA;G/22/02;8429991154349;;8429991773182;M2;2;1.11;22;24.42;45.00;1,015.00;105.00;95.00;;;20.00;18/11/2025;PAMESA;PAMESA;GRES PORCELNICO ESMALTADO;0150000042545;;PORCELAINGLASS;ALBA STONE;PIEDRA;;PAVIMENTO;BASE;BASE;MATE;VARIACION LEVE;;;;;;CLASE 3;R11;C;GRUPO BIa;GL Esmaltado;;36 Low;NO;;>8000 N - 35-45 N/mm2;1;015.1110.0408.15262;60X60N(20MM);CATLOGO PAMESA;;;61;91;20;5551;61x91;ALBA STONE;GREIGE;https://www.pamesa.com/ERP/4.0/empresas/151/045/imagenes/t00010602/0150000042545.jpg
15;1110;164;15262;0150000042543;SI;COM.GL;61X91(N)20MM ALBA STONE IVORY;A;SI;SI;0.0000;2CM06;PAMESA;PAMESA;G/22/02;8429991154325;;8429991773182;M2;2;1.11;22;24.42;45.00;1,015.00;105.00;95.00;;;20.00;18/11/2025;PAMESA;PAMESA;GRES PORCELNICO ESMALTADO;0150000042543;;PORCELAINGLASS;ALBA STONE;PIEDRA;;PAVIMENTO;BASE;BASE;MATE;VARIACION LEVE;;;;;;CLASE 3;R11;C;GRUPO BIa;GL Esmaltado;;36 Low;NO;;>8000 N - 35-45 N/mm2;1;015.1110.0164.15262;60X60N(20MM);CATLOGO PAMESA;;;61;91;20;5551;61x91;ALBA STONE;IVORY;https://www.pamesa.com/ERP/4.0/empresas/151/045/imagenes/t00010602/0150000042543.jpg
15;1110;183;15262;0150000042544;SI;COM.GL;61X91(N)20MM ALBA STONE SILVER;A;SI;SI;0.0000;2CM06;PAMESA;PAMESA;G/22/02;8429991154332;;8429991773182;M2;2;1.11;22;24.42;45.00;1,015.00;105.00;95.00;;;20.00;18/11/2025;PAMESA;PAMESA;GRES PORCELNICO ESMALTADO;0150000042544;;PORCELAINGLASS;ALBA STONE;PIEDRA;;PAVIMENTO;BASE;BASE;MATE;VARIACION LEVE;;;;;;CLASE 3;R11;C;GRUPO BIa;GL Esmaltado;;36 Low;NO;;>8000 N - 35-45 N/mm2;1;015.1110.0183.15262;60x60;CATLOGO PAMESA;;;61;91;20;5551;61x91;ALBA STONE;SILVER;https://www.pamesa.com/ERP/4.0/empresas/151/045/imagenes/t00010602/0150000042544.jpg
15;986;408;15262;0159860032787;SI;COM.GL;60x90(N)20mm ALBA STONE GREIGE;A;SI;SI;0.0000;2CM06;PAMESA;PAMESA;G/22/02;;;8429991773182;M2;2;1.08;22;23.76;45.00;1,015.00;105.00;95.00;75.00;;20.00;20/06/2025;PAMESA;PAMESA;GRES PORCELNICO ESMALTADO;0159860032787;;PORCELAINGLASS;ALBA STONE;PIEDRA;;ANTIDESLIZANTE;;BASE;;;;SI;;;;CLASE 3;R11;C;GRUPO BIa;GL Esmaltado;;36 Low;NO;;1600-2400 N - 35-45 N/mm2;1;015.986.0408.15262;60x60;CATLOGO PAMESA;;;60;90;20;5400;60x90;ALBA STONE;GREIGE;https://www.pamesa.com/ERP/4.0/empresas/151/045/imagenes/t00010602/0159860032787.jpg
15;986;164;15262;0159860032785;SI;COM.GL;60x90(N)20mm ALBA STONE IVORY;A;SI;SI;0.0000;2CM06;PAMESA;PAMESA;G/22/02;;;8429991773182;M2;2;1.08;22;23.76;45.00;1,015.00;105.00;95.00;75.00;;20.00;20/06/2025;PAMESA;PAMESA;GRES PORCELNICO ESMALTADO;0159860032785;;PORCELAINGLASS;ALBA STONE;PIEDRA;;ANTIDESLIZANTE;;BASE;;;;SI;;;;CLASE 3;R11;C;GRUPO BIa;GL Esmaltado;;36 Low;NO;;1600-2400 N - 35-45 N/mm2;1;015.986.0164.15262;60X90(N)20MM;CATLOGO PAMESA;;;60;90;20;5400;60x90;ALBA STONE;IVORY;https://www.pamesa.com/ERP/4.0/empresas/151/045/imagenes/t00010602/0159860032785.jpg
15;986;183;15262;0159860032786;SI;COM.GL;60x90(N)20mm ALBA STONE SILVER;A;SI;SI;0.0000;2CM06;PAMESA;PAMESA;G/22/02;;;8429991773182;M2;2;1.08;22;23.76;45.00;1,015.00;105.00;95.00;75.00;;20.00;20/06/2025;PAMESA;PAMESA;GRES PORCELNICO ESMALTADO;0159860032786;;PORCELAINGLASS;ALBA STONE;PIEDRA;;ANTIDESLIZANTE;;BASE;;;;SI;;;;CLASE 3;R11;C;GRUPO BIa;GL Esmaltado;;36 Low;NO;;1600-2400 N - 35-45 N/mm2;1;015.986.0183.15262;60X60N(20MM);CATLOGO PAMESA;;;60;90;20;5400;60x90;ALBA STONE;SILVER;https://www.pamesa.com/ERP/4.0/empresas/151/045/imagenes/t00010602/0159860032786.jpg
17;840;408;15262;0178400025769;SI;REC.GLASS;60x60 ALBA STONE GREIGE;A;SI;SI;0.0000;PGL12;PAMESA;PAMESA;F/30/04 9MM;8429991109646;;8429991773199;M2;4;1.44;30;43.20;29.75;912.50;120.00;80.00;73.50;;9.00;06/03/2025;PAMESA;PAMESA;GRES PORCELNICO ESMALTADO;0178400025769;;PORCELAINGLASS;ALBA STONE;PIEDRA;;POLIVALENTE;;BASE;MATE RECTIFICADO;VARIACION LEVE;NO;SI;;;;CLASE 1;;;GRUPO BIa;GL Esmaltado;;;NO;;1600-2400 N - 35-45 N/mm2;1;017.840.0408.15262;30X30 (5)MALLA;CATLOGO PAMESA;;;60;60;9;3600;60x60;ALBA STONE;GREIGE;https://www.pamesa.com/ERP/4.0/empresas/151/045/imagenes/t00010602/0178400025769.jpg
17;840;164;15262;0178400025767;SI;REC.GLASS;60x60 ALBA STONE IVORY;A;SI;SI;0.0000;PGL12;PAMESA;PAMESA;F/30/04 9MM;8429991109622;;8429991773199;M2;4;1.44;30;43.20;29.75;912.50;120.00;80.00;73.50;;9.00;06/03/2025;PAMESA;PAMESA;GRES PORCELNICO ESMALTADO;0178400025767;;PORCELAINGLASS;ALBA STONE;PIEDRA;;POLIVALENTE;;BASE;MATE RECTIFICADO;VARIACION LEVE;NO;SI;;;;CLASE 1;;;GRUPO BIa;GL Esmaltado;;;NO;;1600-2400 N - 35-45 N/mm2;1;017.840.0164.15262;120X120;CATLOGO PAMESA;;;60;60;9;3600;60x60;ALBA STONE;IVORY;https://www.pamesa.com/ERP/4.0/empresas/151/045/imagenes/t00010602/0178400025767.jpg
17;840;183;15262;0178400025768;SI;REC.GLASS;60x60 ALBA STONE SILVER;A;SI;SI;0.0000;PGL12;PAMESA;PAMESA;F/30/04 9MM;8429991109639;;8429991773199;M2;4;1.44;30;43.20;29.75;912.50;120.00;80.00;73.50;;9.00;06/03/2025;PAMESA;PAMESA;GRES PORCELNICO ESMALTADO;0178400025768;;PORCELAINGLASS;ALBA STONE;PIEDRA;;POLIVALENTE;;BASE;MATE RECTIFICADO;VARIACION LEVE;NO;SI;;;;CLASE 1;;;GRUPO BIa;GL Esmaltado;;;NO;;1600-2400 N - 35-45 N/mm2;1;017.840.0183.15262;60X120(n);CATLOGO PAMESA;;;60;60;9;3600;60x60;ALBA STONE;SILVER;https://www.pamesa.com/ERP/4.0/empresas/151/045/imagenes/t00010602/0178400025768.jpg
15;128;408;15262;0151280025533;SI;COM.GL;40x60 ALBA STONE GREIGE;A;SI;SI;0.0000;PGL32;PAMESA;PAMESA;E/48/05;8429991108212;;8429991773182;M2;5;1.20;48;57.60;25.20;1,229.60;120.00;80.00;94.50;;10.00;04/03/2025;PAMESA;PAMESA;GRES PORCELNICO ESMALTADO;0151280025533;;PORCELAINGLASS;ALBA STONE;PIEDRA;;POLIVALENTE;BASE;BASE;MATE;VARIACION LEVE;NO;SI;;;;CLASE 1;;;GRUPO BIa;GL Esmaltado;;;NO;;1600-2400 N - 35-45 N/mm2;1;015.128.0408.15262;30X60 (C);CATLOGO PAMESA;;;40;60;10;2400;40x60;ALBA STONE;GREIGE;https://www.pamesa.com/ERP/4.0/empresas/151/045/imagenes/t00010602/0151280025533.jpg
15;128;164;15262;0151280025530;SI;COM.GL;40x60 ALBA STONE IVORY;A;SI;SI;0.0000;PGL32;PAMESA;PAMESA;E/48/05;8429991108199;;8429991773182;M2;5;1.20;48;57.60;25.20;1,229.60;120.00;80.00;94.50;;10.00;04/03/2025;PAMESA;PAMESA;GRES PORCELNICO ESMALTADO;0151280025530;;PORCELAINGLASS;ALBA STONE;PIEDRA;;POLIVALENTE;BASE;BASE;MATE;VARIACION LEVE;NO;SI;;;;CLASE 1;;;GRUPO BIa;GL Esmaltado;;;NO;;1600-2400 N - 35-45 N/mm2;1;015.128.0164.15262;30X60 (C);CATLOGO PAMESA;;;40;60;10;2400;40x60;ALBA STONE;IVORY;https://www.pamesa.com/ERP/4.0/empresas/151/045/imagenes/t00010602/0151280025530.jpg
15;128;183;15262;0151280025531;SI;COM.GL;40x60 ALBA STONE SILVER;A;SI;SI;0.0000;PGL32;PAMESA;PAMESA;E/48/05;8429991108205;;8429991773182;M2;5;1.20;48;57.60;25.20;1,229.60;120.00;80.00;94.50;;10.00;04/03/2025;PAMESA;PAMESA;GRES PORCELNICO ESMALTADO;0151280025531;;PORCELAINGLASS;ALBA STONE;PIEDRA;;POLIVALENTE;BASE;BASE;MATE;VARIACION LEVE;NO;SI;;;;CLASE 1;;;GRUPO BIa;GL Esmaltado;;;NO;;1600-2400 N - 35-45 N/mm2;1;015.128.0183.15262;30X60 (C);CATLOGO PAMESA;;;40;60;10;2400;40x60;ALBA STONE;SILVER;https://www.pamesa.com/ERP/4.0/empresas/151/045/imagenes/t00010602/0151280025531.jpg
15;722;408;15262;0157220025757;SI;COM.GL;30,3x61,3 ALBA STONE GREIGE;A;SI;SI;0.0000;PGL04;PAMESA;PAMESA;F/40/07;8429991109585;;8429991773182;M2;7;1.30;40;52.00;25.00;1,020.00;120.00;80.00;74.50;5;9.00;06/03/2025;PAMESA;PAMESA;GRES PORCELNICO ESMALTADO;0157220025757;;PORCELAINGLASS;ALBA STONE;PIEDRA;;POLIVALENTE;BASE;BASE;MATE;VARIACION LEVE;NO;SI;;;;CLASE 1;;;GRUPO BIa;GL Esmaltado;;;NO;;1600-2400 N - 35-45 N/mm2;1;015.722.0408.15262;60X120(n);CATLOGO PAMESA;;;30,3;61,3;9;1857,39;30,3x61,3;ALBA STONE;GREIGE;https://www.pamesa.com/ERP/4.0/empresas/151/045/imagenes/t00010602/0157220025757.jpg
15;722;164;15262;0157220025756;SI;COM.GL;30,3x61,3 ALBA STONE IVORY;A;SI;SI;0.0000;PGL04;PAMESA;PAMESA;F/40/07;8429991109561;;8429991773182;M2;7;1.30;40;52.00;25.00;1,020.00;120.00;80.00;74.50;5;9.00;06/03/2025;PAMESA;PAMESA;GRES PORCELNICO ESMALTADO;0157220025756;;PORCELAINGLASS;ALBA STONE;PIEDRA;;POLIVALENTE;BASE;BASE;MATE;VARIACION LEVE;NO;SI;;;;CLASE 1;;;GRUPO BIa;GL Esmaltado;;;NO;;1600-2400 N - 35-45 N/mm2;1;015.722.0164.15262;30x30(7)Malla;CATLOGO PAMESA;;;30,3;61,3;9;1857,39;30,3x61,3;ALBA STONE;IVORY;https://www.pamesa.com/ERP/4.0/empresas/151/045/imagenes/t00010602/0157220025756.jpg
15;722;183;15262;0157220025753;SI;COM.GL;30,3x61,3 ALBA STONE SILVER;A;SI;SI;0.0000;PGL04;PAMESA;PAMESA;F/40/07;8429991109578;;8429991773182;M2;7;1.30;40;52.00;25.00;1,020.00;120.00;80.00;74.50;5;9.00;06/03/2025;PAMESA;PAMESA;GRES PORCELNICO ESMALTADO;0157220025753;;PORCELAINGLASS;ALBA STONE;PIEDRA;;POLIVALENTE;BASE;BASE;MATE;VARIACION LEVE;NO;SI;;;;CLASE 1;;;GRUPO BIa;GL Esmaltado;;;NO;;1600-2400 N - 35-45 N/mm2;1;015.722.0183.15262;60,8x60,8;CATLOGO PAMESA;;;30,3;61,3;9;1857,39;30,3x61,3;ALBA STONE;SILVER;https://www.pamesa.com/ERP/4.0/empresas/151/045/imagenes/t00010602/0157220025753.jpg
17;90;12;15678;0170900033765;SI;REC.GLASS;90x90(N) ALPHA BLANCO;A;SI;SI;0.0000;PGL18;PAMESA;PAMESA;19/32/02;8429991890414;;8429991773199;M2;2;1.62;32;51.84;33.00;1,081.00;97.00;97.00;86.00;;9.00;08/07/2025;PAMESA;PAMESA;GRES PORCELNICO ESMALTADO;0170900033765;;PORCELAINGLASS;ALPHA PORCELANICO;CEMENTO;;POLIVALENTE;BASE;BASE;MATE RECTIFICADO;VARIACION LEVE;;NO;;;PEI IV;CLASE 1;R9;;GRUPO BIa;GL Esmaltado;;;NO;;1600-2400 N - 35-45 N/mm2;1;017.090.0012.15678;45X45;CATLOGO PAMESA;;;90;90;9;8100;90x90;ALPHA;BLANCO;https://www.pamesa.com/ERP/4.0/empresas/151/045/imagenes/t00010602/0170900033765.jpg
17;90;19;15678;0170900033767;SI;REC.GLASS;90x90(N) ALPHA CENIZA;A;SI;SI;0.0000;PGL18;PAMESA;PAMESA;19/32/02;8429991890421;;8429991773199;M2;2;1.62;32;51.84;33.00;1,081.00;97.00;97.00;86.00;;9.00;08/07/2025;PAMESA;PAMESA;GRES PORCELNICO ESMALTADO;0170900033767;;PORCELAINGLASS;ALPHA PORCELANICO;CEMENTO;;POLIVALENTE;BASE;BASE;MATE RECTIFICADO;VARIACION LEVE;;NO;;;PEI IV;CLASE 1;R9;;GRUPO BIa;GL Esmaltado;;;NO;;1600-2400 N - 35-45 N/mm2;1;017.090.0019.15678;25x70;CATLOGO PAMESA;;;90;90;9;8100;90x90;ALPHA;CENIZA;https://www.pamesa.com/ERP/4.0/empresas/151/045/imagenes/t00010602/0170900033767.jpg
17;90;28;15678;0170900033769;SI;REC.GLASS;90x90(N) ALPHA MARENGO;A;SI;SI;0.0000;PGL18;PAMESA;PAMESA;19/32/02;8429991890438;;8429991773199;M2;2;1.62;32;51.84;33.00;1,081.00;97.00;97.00;86.00;;9.00;08/07/2025;PAMESA;PAMESA;GRES PORCELNICO ESMALTADO;0170900033769;;PORCELAINGLASS;ALPHA PORCELANICO;CEMENTO;;POLIVALENTE;BASE;BASE;MATE RECTIFICADO;VARIACION LEVE;;NO;;;PEI IV;CLASE 1;R9;;GRUPO BIa;GL Esmaltado;;;NO;;1600-2400 N - 35-45 N/mm2;1;017.090.0028.15678;25x70;CATLOGO PAMESA;;;90;90;9;8100;90x90;ALPHA;MARENGO;https://www.pamesa.com/ERP/4.0/empresas/151/045/imagenes/t00010602/0170900033769.jpg
17;90;33;15678;0170900033770;SI;REC.GLASS;90x90(N) ALPHA MARFIL;A;SI;SI;0.0000;PGL18;PAMESA;PAMESA;19/32/02;8429991890445;;8429991773199;M2;2;1.62;32;51.84;33.00;1,081.00;97.00;97.00;86.00;;9.00;08/07/2025;PAMESA;PAMESA;GRES PORCELNICO ESMALTADO;0170900033770;;PORCELAINGLASS;ALPHA PORCELANICO;CEMENTO;;POLIVALENTE;BASE;BASE;MATE RECTIFICADO;VARIACION LEVE;;NO;;;PEI IV;CLASE 1;R9;;GRUPO BIa;GL Esmaltado;;;NO;;1600-2400 N - 35-45 N/mm2;1;017.090.0033.15678;25x70;CATLOGO PAMESA;;;90;90;9;8100;90x90;ALPHA;MARFIL;https://www.pamesa.com/ERP/4.0/empresas/151/045/imagenes/t00010602/0170900033770.jpg
17;90;285;15678;0170900033771;SI;REC.GLASS;90x90(N) ALPHA TAUPE;A;SI;SI;0.0000;PGL18;PAMESA;PAMESA;19/32/02;8429991890452;;8429991773199;M2;2;1.62;32;51.84;33.00;1,081.00;97.00;97.00;86.00;;9.00;08/07/2025;PAMESA;PAMESA;GRES PORCELNICO ESMALTADO;0170900033771;;PORCELAINGLASS;ALPHA PORCELANICO;CEMENTO;;POLIVALENTE;BASE;BASE;MATE RECTIFICADO;VARIACION LEVE;;NO;;;PEI IV;CLASE 1;R9;;GRUPO BIa;GL Esmaltado;;;NO;;1600-2400 N - 35-45 N/mm2;1;017.090.0285.15678;33,3x55;CATLOGO PAMESA;;;90;90;9;8100;90x90;ALPHA;TAUPE;https://www.pamesa.com/ERP/4.0/empresas/151/045/imagenes/t00010602/0170900033771.jpg
17;90;12;5202;0170900125202;SI;REC.GLASS;90x90(N) AT.ALPHA BLANCO;A;SI;SI;25.7500;PGL18;ATRIUM;PAMESA;19/32/02;;;8429991773335;M2;2;1.62;32;51.84;33.00;1,081.00;97.00;97.00;86.00;;9.00;27/02/2024;ATRIUM;SERIE ATRIUM;GRES PORCELNICO ESMALTADO;0170900125202;;PORCELAINGLASS;ALPHA PORCELANICO;CEMENTO;;POLIVALENTE;;BASE;MATE RECTIFICADO;VARIACION LEVE;;NO;;;;CLASE 1;R9;;GRUPO BIa;GL Esmaltado;;;NO;;1600-2400 N - 35-45 N/mm2;3;017.090.0012.05202;45X45;CATLOGO PAMESA;;;90;90;9;8100;90x90;AT.ALPHA;BLANCO;https://www.pamesa.com/ERP/4.0/empresas/151/045/imagenes/t00010602/0170900125202.jpg
17;90;28;5202;0170900285202;SI;REC.GLASS;90x90(N) AT.ALPHA MARENGO;A;SI;SI;25.7500;PGL18;ATRIUM;PAMESA;19/32/02;;;8429991773335;M2;2;1.62;32;51.84;33.00;1,081.00;97.00;97.00;86.00;;9.00;27/02/2024;ATRIUM;SERIE ATRIUM;GRES PORCELNICO ESMALTADO;0170900285202;;PORCELAINGLASS;ALPHA PORCELANICO;CEMENTO;;POLIVALENTE;;BASE;MATE RECTIFICADO;VARIACION LEVE;;NO;;;;CLASE 1;R9;;GRUPO BIa;GL Esmaltado;;;NO;;1600-2400 N - 35-45 N/mm2;3;017.090.0028.05202;25x70;CATLOGO PAMESA;;;90;90;9;8100;90x90;AT.ALPHA;MARENGO;https://www.pamesa.com/ERP/4.0/empresas/151/045/imagenes/t00010602/0170900285202.jpg
17;90;285;5202;0170902855202;SI;REC.GLASS;90x90(N) AT.ALPHA TAUPE;A;SI;SI;25.7500;PGL18;ATRIUM;PAMESA;19/32/02;;;8429991773335;M2;2;1.62;32;51.84;33.00;1,081.00;97.00;97.00;86.00;;9.00;27/02/2024;ATRIUM;SERIE ATRIUM;GRES PORCELNICO ESMALTADO;0170902855202;;PORCELAINGLASS;ALPHA PORCELANICO;CEMENTO;;POLIVALENTE;;BASE;MATE RECTIFICADO;VARIACION LEVE;;NO;;;;CLASE 1;R9;;GRUPO BIa;GL Esmaltado;;;NO;;1600-2400 N - 35-45 N/mm2;3;017.090.0285.05202;33,3x55;CATLOGO PAMESA;;;90;90;9;8100;90x90;AT.ALPHA;TAUPE;https://www.pamesa.com/ERP/4.0/empresas/151/045/imagenes/t00010602/0170902855202.jpg
17;250;12;15678;0172500033781;SI;REC.GLASS;60x120(n) ALPHA BLANCO;A;SI;SI;0.0000;PGL16;PAMESA;PAMESA;L/36/02 RF;8429991591922;;8429991773199;M2;2;1.44;36;51.84;28.62;1,055.32;122.00;84.00;73.50;;;08/07/2025;PAMESA;PAMESA;GRES PORCELNICO ESMALTADO;0172500033781;;PORCELAINGLASS;ALPHA PORCELANICO;CEMENTO;;POLIVALENTE;BASE;BASE;MATE RECTIFICADO;VARIACION LEVE;;NO;;;PEI IV;CLASE 1;R9;;GRUPO BIa;GL Esmaltado;;;NO;;1600-2400 N - 35-45 N/mm2;1;017.250.0012.15678;30x60 (C);CATLOGO PAMESA;;;60;120;9;7200;60x120;ALPHA;BLANCO;https://www.pamesa.com/ERP/4.0/empresas/151/045/imagenes/t00010602/0172500033781.jpg
17;250;19;15678;0172500033787;SI;REC.GLASS;60x120(n) ALPHA CENIZA;A;SI;SI;0.0000;PGL16;PAMESA;PAMESA;L/36/02 RF;8429991591939;;8429991773199;M2;2;1.44;36;51.84;28.62;1,055.32;122.00;84.00;73.50;;;08/07/2025;PAMESA;PAMESA;GRES PORCELNICO ESMALTADO;0172500033787;;PORCELAINGLASS;ALPHA PORCELANICO;CEMENTO;;POLIVALENTE;BASE;BASE;MATE RECTIFICADO;VARIACION LEVE;;NO;;;PEI IV;CLASE 1;R9;;GRUPO BIa;GL Esmaltado;;;NO;;1600-2400 N - 35-45 N/mm2;1;017.250.0019.15678;30x30(7)Malla;CATLOGO PAMESA;;;60;120;9;7200;60x120;ALPHA;CENIZA;https://www.pamesa.com/ERP/4.0/empresas/151/045/imagenes/t00010602/0172500033787.jpg
17;250;28;15678;0172500033788;SI;REC.GLASS;60x120(n) ALPHA MARENGO;A;SI;SI;0.0000;PGL16;PAMESA;PAMESA;L/36/02 RF;8429991591946;;8429991773199;M2;2;1.44;36;51.84;28.62;1,055.32;122.00;84.00;73.50;;;08/07/2025;PAMESA;PAMESA;GRES PORCELNICO ESMALTADO;0172500033788;;PORCELAINGLASS;ALPHA PORCELANICO;CEMENTO;;POLIVALENTE;BASE;BASE;MATE RECTIFICADO;VARIACION LEVE;;NO;;;PEI IV;CLASE 1;R9;;GRUPO BIa;GL Esmaltado;;;NO;;1600-2400 N - 35-45 N/mm2;1;017.250.0028.15678;100X100;CATLOGO PAMESA;;;60;120;9;7200;60x120;ALPHA;MARENGO;https://www.pamesa.com/ERP/4.0/empresas/151/045/imagenes/t00010602/0172500033788.jpg
17;250;33;15678;0172500033791;SI;REC.GLASS;60x120(n) ALPHA MARFIL;A;SI;SI;0.0000;PGL16;PAMESA;PAMESA;L/36/02 RF;8429991591960;;8429991773199;M2;2;1.44;36;51.84;28.62;1,055.32;122.00;84.00;73.50;;;08/07/2025;PAMESA;PAMESA;GRES PORCELNICO ESMALTADO;0172500033791;;PORCELAINGLASS;ALPHA PORCELANICO;CEMENTO;;POLIVALENTE;BASE;BASE;MATE RECTIFICADO;VARIACION LEVE;;NO;;;PEI IV;CLASE 1;R9;;GRUPO BIa;GL Esmaltado;;;NO;;1600-2400 N - 35-45 N/mm2;1;017.250.0033.15678;45X90C(N);CATLOGO PAMESA;;;60;120;9;7200;60x120;ALPHA;MARFIL;https://www.pamesa.com/ERP/4.0/empresas/151/045/imagenes/t00010602/0172500033791.jpg
17;250;285;15678;0172500033790;SI;REC.GLASS;60x120(n) ALPHA TAUPE;A;SI;SI;0.0000;PGL16;PAMESA;PAMESA;L/36/02 RF;8429991591953;;8429991773199;M2;2;1.44;36;51.84;28.62;1,055.32;122.00;84.00;73.50;;;08/07/2025;PAMESA;PAMESA;GRES PORCELNICO ESMALTADO;0172500033790;;PORCELAINGLASS;ALPHA PORCELANICO;CEMENTO;;POLIVALENTE;BASE;BASE;MATE RECTIFICADO;VARIACION LEVE;;NO;;;PEI IV;CLASE 1;R9;;GRUPO BIa;GL Esmaltado;;;NO;;1600-2400 N - 35-45 N/mm2;1;017.250.0285.15678;45X90C(N);CATLOGO PAMESA;;;60;120;9;7200;60x120;ALPHA;TAUPE;https://www.pamesa.com/ERP/4.0/empresas/151/045/imagenes/t00010602/0172500033790.jpg
17;250;368;10408;0172500011123;SI;REC.GLASS;60x120(n) ALPHA BEAT GRAY;A;SI;SI;21.7500;PGL20;PAMESA;PAMESA;L/36/02 RF;8429991653101;;8429991773199;M2;2;1.44;36;51.84;28.62;1,055.32;122.00;84.00;73.50;;;19/07/2021;ATRIUM;SERIE ATRIUM;GRES PORCELNICO ESMALTADO;0172500011123;;PORCELAINGLASS;ALPHA PORCELANICO;DECORADOS;;POLIVALENTE;BASE;BASE;MATE RECTIFICADO;VARIACION LEVE;;NO;;;;CLASE 1;R9;;GRUPO BIa;GL Esmaltado;;;NO;;1600-2400 N - 35-45 N/mm2;3;017.250.0368.10408;60X60N(20MM);CATLOGO PAMESA;;;60;120;9;7200;60x120;ALPHA BEAT;GRAY;https://www.pamesa.com/ERP/4.0/empresas/151/045/imagenes/t00010602/0172500011123.jpg
17;250;169;10408;0172500011121;SI;REC.GLASS;60x120(n) ALPHA BEAT PEARL;A;SI;SI;21.7500;PGL20;PAMESA;PAMESA;L/36/02 RF;8429991653088;;8429991773199;M2;2;1.44;36;51.84;28.62;1,055.32;122.00;84.00;73.50;;;19/07/2021;ATRIUM;SERIE ATRIUM;GRES PORCELNICO ESMALTADO;0172500011121;;PORCELAINGLASS;ALPHA PORCELANICO;DECORADOS;;POLIVALENTE;BASE;BASE;MATE RECTIFICADO;VARIACION LEVE;;NO;;;;CLASE 1;R9;;GRUPO BIa;GL Esmaltado;;;NO;;1600-2400 N - 35-45 N/mm2;3;017.250.0169.10408;9X60(M2);CATLOGO PAMESA;;;60;120;9;7200;60x120;ALPHA BEAT;PEARL;https://www.pamesa.com/ERP/4.0/empresas/151/045/imagenes/t00010602/0172500011121.jpg
17;250;119;10408;0172500011122;SI;REC.GLASS;60x120(n) ALPHA BEAT SAND;A;SI;SI;21.7500;PGL20;PAMESA;PAMESA;L/36/02 RF;8429991653095;;8429991773199;M2;2;1.44;36;51.84;28.62;1,055.32;122.00;84.00;73.50;;;19/07/2021;ATRIUM;SERIE ATRIUM;GRES PORCELNICO ESMALTADO;0172500011122;;PORCELAINGLASS;ALPHA PORCELANICO;DECORADOS;;POLIVALENTE;BASE;BASE;MATE RECTIFICADO;VARIACION LEVE;;NO;;;;CLASE 1;R9;;GRUPO BIa;GL Esmaltado;;;NO;;1600-2400 N - 35-45 N/mm2;3;017.250.0119.10408;30x30(7)Malla;CATLOGO PAMESA;;;60;120;9;7200;60x120;ALPHA BEAT;SAND;https://www.pamesa.com/ERP/4.0/empresas/151/045/imagenes/t00010602/0172500011122.jpg
17;250;12;5202;0172500125202;SI;REC.GLASS;60x120(n) AT.ALPHA BLANCO;A;SI;SI;21.7500;PGL16;NO ENCAJAR;PAMESA;L/36/02 RF;;;;M2;2;1.44;36;51.84;28.62;1,055.32;122.00;84.00;73.50;;;30/10/2020;ATRIUM;SERIE ATRIUM;GRES PORCELNICO ESMALTADO;0172500125202;;PORCELAINGLASS;ALPHA PORCELANICO;CEMENTO;;POLIVALENTE;;BASE;MATE RECTIFICADO;VARIACION LEVE;;NO;;;PEI IV;CLASE 1;R9;;GRUPO BIa;GL Esmaltado;;;NO;;1600-2400 N - 35-45 N/mm2;3;017.250.0012.05202;60X120 RF;CATLOGO PAMESA;;;60;120;9;7200;60x120;AT.ALPHA;BLANCO;https://www.pamesa.com/ERP/4.0/empresas/151/045/imagenes/t00010602/0172500125202.jpg
17;250;19;5202;0172500195202;SI;REC.GLASS;60x120(n) AT.ALPHA CENIZA;A;SI;SI;21.7500;PGL16;ATRIUM;PAMESA;L/36/02 RF;;;8429991773335;M2;2;1.44;36;51.84;28.62;1,055.32;122.00;84.00;73.50;;;30/10/2020;ATRIUM;SERIE ATRIUM;GRES PORCELNICO ESMALTADO;0172500195202;;PORCELAINGLASS;ALPHA PORCELANICO;CEMENTO;;POLIVALENTE;;BASE;MATE RECTIFICADO;VARIACION LEVE;;NO;;;PEI IV;CLASE 1;R9;;GRUPO BIa;GL Esmaltado;;;NO;;1600-2400 N - 35-45 N/mm2;3;017.250.0019.05202;30x30(7)Malla;CATLOGO PAMESA;;;60;120;9;7200;60x120;AT.ALPHA;CENIZA;https://www.pamesa.com/ERP/4.0/empresas/151/045/imagenes/t00010602/0172500195202.jpg
17;250;28;5202;0172500285202;SI;REC.GLASS;60x120(n) AT.ALPHA MARENGO;A;SI;SI;21.7500;PGL16;ATRIUM;PAMESA;L/36/02 RF;;;8429991773335;M2;2;1.44;36;51.84;28.62;1,055.32;122.00;84.00;73.50;;;30/10/2020;ATRIUM;SERIE ATRIUM;GRES PORCELNICO ESMALTADO;0172500285202;;PORCELAINGLASS;ALPHA PORCELANICO;CEMENTO;;POLIVALENTE;;BASE;MATE RECTIFICADO;VARIACION LEVE;;NO;;;PEI IV;CLASE 1;R9;;GRUPO BIa;GL Esmaltado;;;NO;;1600-2400 N - 35-45 N/mm2;3;017.250.0028.05202;120X120;CATLOGO PAMESA;;;60;120;9;7200;60x120;AT.ALPHA;MARENGO;https://www.pamesa.com/ERP/4.0/empresas/151/045/imagenes/t00010602/0172500285202.jpg
17;250;33;5202;0172500335202;SI;REC.GLASS;60x120(n) AT.ALPHA MARFIL;A;SI;SI;21.7500;PGL16;NO ENCAJAR;PAMESA;L/36/02 RF;;;;M2;2;1.44;36;51.84;28.62;1,055.32;122.00;84.00;73.50;;;30/10/2020;ATRIUM;SERIE ATRIUM;GRES PORCELNICO ESMALTADO;0172500335202;;PORCELAINGLASS;ALPHA PORCELANICO;CEMENTO;;POLIVALENTE;;BASE;MATE RECTIFICADO;VARIACION LEVE;;NO;;;PEI IV;CLASE 1;R9;;GRUPO BIa;GL Esmaltado;;;NO;;1600-2400 N - 35-45 N/mm2;3;017.250.0033.05202;60X120(n);CATLOGO PAMESA;;;60;120;9;7200;60x120;AT.ALPHA;MARFIL;https://www.pamesa.com/ERP/4.0/empresas/151/045/imagenes/t00010602/0172500335202.jpg
17;250;285;5202;0172502855202;SI;REC.GLASS;60x120(n) AT.ALPHA TAUPE;A;SI;SI;21.7500;PGL16;ATRIUM;PAMESA;L/36/02 RF;;;8429991773335;M2;2;1.44;36;51.84;28.62;1,055.32;122.00;84.00;73.50;;;30/10/2020;ATRIUM;SERIE ATRIUM;GRES PORCELNICO ESMALTADO;0172502855202;;PORCELAINGLASS;ALPHA PORCELANICO;CEMENTO;;POLIVALENTE;;BASE;MATE RECTIFICADO;VARIACION LEVE;;NO;;;PEI IV;CLASE 1;R9;;GRUPO BIa;GL Esmaltado;;;NO;;1600-2400 N - 35-45 N/mm2;3;017.250.0285.05202;30x30(7)Malla;CATLOGO PAMESA;;;60;120;9;7200;60x120;AT.ALPHA;TAUPE;https://www.pamesa.com/ERP/4.0/empresas/151/045/imagenes/t00010602/0172502855202.jpg
17;250;12;12215;0172500016508;SI;REC.GLASS;60x120(n) EXT.ALPHA BLANCO;A;SI;SI;21.7500;PGL19;PAM-ADZ.PAMESA;PAMESA;L/36/02 RF;8429991902223;;8429991773199;M2;2;1.44;36;51.84;28.62;1,055.32;122.00;84.00;73.50;;;14/03/2024;ATRIUM;SERIE ATRIUM;GRES PORCELNICO ESMALTADO;0172500016508;;PORCELAINGLASS;ALPHA PORCELANICO;CEMENTO;;ANTIDESLIZANTE;;BASE;MATE RECTIFICADO;VARIACION LEVE;NO;NO;;;;CLASE 3;R11;C;GRUPO BIa;GL Esmaltado;;36 Low;NO;0.42;1600-2400 N - 35-45 N/mm2;3;017.250.0012.12215;60x60;CATLOGO PAMESA;;;60;120;9;7200;60x120;EXT.ALPHA;BLANCO;https://www.pamesa.com/ERP/4.0/empresas/151/045/imagenes/t00010602/0172500016508.jpg
17;250;19;12215;0172500016509;SI;REC.GLASS;60x120(n) EXT.ALPHA CENIZA;A;SI;SI;21.7500;PGL19;PAM-ADZ.PAMESA;PAMESA;L/36/02 RF;8429991902537;;8429991773199;M2;2;1.44;36;51.84;28.62;1,055.32;122.00;84.00;73.50;;;14/03/2024;ATRIUM;SERIE ATRIUM;GRES PORCELNICO ESMALTADO;0172500016509;;PORCELAINGLASS;ALPHA PORCELANICO;CEMENTO;;ANTIDESLIZANTE;;BASE;MATE RECTIFICADO;VARIACION LEVE;NO;NO;;;;CLASE 3;R11;C;GRUPO BIa;GL Esmaltado;;36 Low;NO;0.42;1600-2400 N - 35-45 N/mm2;3;017.250.0019.12215;30x30(7)Malla;CATLOGO PAMESA;;;60;120;9;7200;60x120;EXT.ALPHA;CENIZA;https://www.pamesa.com/ERP/4.0/empresas/151/045/imagenes/t00010602/0172500016509.jpg
17;250;28;12215;0172500016510;SI;REC.GLASS;60x120(n) EXT.ALPHA MARENGO;A;SI;SI;21.7500;PGL19;PAM-ADZ.PAMESA;PAMESA;L/36/02 RF;8429991902544;;8429991773199;M2;2;1.44;36;51.84;28.62;1,055.32;122.00;84.00;73.50;;;14/03/2024;ATRIUM;SERIE ATRIUM;GRES PORCELNICO ESMALTADO;0172500016510;;PORCELAINGLASS;ALPHA PORCELANICO;CEMENTO;;ANTIDESLIZANTE;;BASE;MATE RECTIFICADO;VARIACION LEVE;NO;NO;;;;CLASE 3;R11;C;GRUPO BIa;GL Esmaltado;;36 Low;NO;0.42;1600-2400 N - 35-45 N/mm2;3;017.250.0028.12215;120X120;CATLOGO PAMESA;;;60;120;9;7200;60x120;EXT.ALPHA;MARENGO;https://www.pamesa.com/ERP/4.0/empresas/151/045/imagenes/t00010602/0172500016510.jpg
17;250;33;12215;0172500016511;SI;REC.GLASS;60x120(n) EXT.ALPHA MARFIL;A;SI;SI;21.7500;PGL19;PAM-ADZ.PAMESA;PAMESA;L/36/02 RF;8429991902551;;8429991773199;M2;2;1.44;36;51.84;28.62;1,055.32;122.00;84.00;73.50;;;14/03/2024;ATRIUM;SERIE ATRIUM;GRES PORCELNICO ESMALTADO;0172500016511;;PORCELAINGLASS;ALPHA PORCELANICO;CEMENTO;;ANTIDESLIZANTE;;BASE;MATE RECTIFICADO;VARIACION LEVE;NO;NO;;;;CLASE 3;R11;C;GRUPO BIa;GL Esmaltado;;36 Low;NO;0.42;1600-2400 N - 35-45 N/mm2;3;017.250.0033.12215;30x30(7)Malla;CATLOGO PAMESA;;;60;120;9;7200;60x120;EXT.ALPHA;MARFIL;https://www.pamesa.com/ERP/4.0/empresas/151/045/imagenes/t00010602/0172500016511.jpg
17;250;285;12215;0172500016512;SI;REC.GLASS;60x120(n) EXT.ALPHA TAUPE;A;SI;SI;21.7500;PGL19;PAM-ADZ.PAMESA;PAMESA;L/36/02 RF;8429991902568;;8429991773199;M2;2;1.44;36;51.84;28.62;1,055.32;122.00;84.00;73.50;;;14/03/2024;ATRIUM;SERIE ATRIUM;GRES PORCELNICO ESMALTADO;0172500016512;;PORCELAINGLASS;ALPHA PORCELANICO;CEMENTO;;ANTIDESLIZANTE;;BASE;MATE RECTIFICADO;VARIACION LEVE;NO;NO;;;;CLASE 3;R11;C;GRUPO BIa;GL Esmaltado;;36 Low;NO;0.42;1600-2400 N - 35-45 N/mm2;3;017.250.0285.12215;30x30(7)Malla;CATLOGO PAMESA;;;60;120;9;7200;60x120;EXT.ALPHA;TAUPE;https://www.pamesa.com/ERP/4.0/empresas/151/045/imagenes/t00010602/0172500016512.jpg
15;440;12;15678;0154400033755;SI;COM.GL;60,8x60,8 ALPHA BLANCO;A;SI;SI;0.0000;PGL10;PAMESA;PAMESA;F/30/04 9MM;8429991591823;;8429991773182;M2;4;1.48;30;44.40;29.70;911.00;120.00;80.00;74.00;;9.00;08/07/2025;PAMESA;PAMESA;GRES PORCELNICO ESMALTADO;0154400033755;;PORCELAINGLASS;ALPHA PORCELANICO;CEMENTO;;POLIVALENTE;BASE;BASE;MATE;VARIACION LEVE;;NO;;;PEI IV;CLASE 1;R9;;GRUPO BIa;GL Esmaltado;;;NO;;1600-2400 N - 35-45 N/mm2;1;015.440.0012.15678;60X90(N)20MM;CATLOGO PAMESA;;;60,8;60,8;9;3696,64;60,8x60,8;ALPHA;BLANCO;https://www.pamesa.com/ERP/4.0/empresas/151/045/imagenes/t00010602/0154400033755.jpg
15;440;19;15678;0154400033756;SI;COM.GL;60,8x60,8 ALPHA CENIZA;A;SI;SI;0.0000;PGL10;PAMESA;PAMESA;F/30/04 9MM;8429991591830;;8429991773182;M2;4;1.48;30;44.40;29.70;911.00;120.00;80.00;74.00;;9.00;08/07/2025;PAMESA;PAMESA;GRES PORCELNICO ESMALTADO;0154400033756;;PORCELAINGLASS;ALPHA PORCELANICO;CEMENTO;;POLIVALENTE;BASE;BASE;MATE;VARIACION LEVE;;NO;;;PEI IV;CLASE 1;R9;;GRUPO BIa;GL Esmaltado;;;NO;;1600-2400 N - 35-45 N/mm2;1;015.440.0019.15678;30,3X61,3;CATLOGO PAMESA;;;60,8;60,8;9;3696,64;60,8x60,8;ALPHA;CENIZA;https://www.pamesa.com/ERP/4.0/empresas/151/045/imagenes/t00010602/0154400033756.jpg
15;440;28;15678;0154400033757;SI;COM.GL;60,8x60,8 ALPHA MARENGO;A;SI;SI;0.0000;PGL10;PAMESA;PAMESA;F/30/04 9MM;8429991591847;;8429991773182;M2;4;1.48;30;44.40;29.70;911.00;120.00;80.00;74.00;;9.00;08/07/2025;PAMESA;PAMESA;GRES PORCELNICO ESMALTADO;0154400033757;;PORCELAINGLASS;ALPHA PORCELANICO;CEMENTO;;POLIVALENTE;BASE;BASE;MATE;VARIACION LEVE;;NO;;;PEI IV;CLASE 1;R9;;GRUPO BIa;GL Esmaltado;;;NO;;1600-2400 N - 35-45 N/mm2;1;015.440.0028.15678;90X90(N);CATLOGO PAMESA;;;60,8;60,8;9;3696,64;60,8x60,8;ALPHA;MARENGO;https://www.pamesa.com/ERP/4.0/empresas/151/045/imagenes/t00010602/0154400033757.jpg
15;440;33;15678;0154400033758;SI;COM.GL;60,8x60,8 ALPHA MARFIL;A;SI;SI;0.0000;PGL10;PAMESA;PAMESA;F/30/04 9MM;8429991591854;;8429991773182;M2;4;1.48;30;44.40;29.70;911.00;120.00;80.00;74.00;;9.00;08/07/2025;PAMESA;PAMESA;GRES PORCELNICO ESMALTADO;0154400033758;;PORCELAINGLASS;ALPHA PORCELANICO;CEMENTO;;POLIVALENTE;BASE;BASE;MATE;VARIACION LEVE;;NO;;;PEI IV;CLASE 1;R9;;GRUPO BIa;GL Esmaltado;;;NO;;1600-2400 N - 35-45 N/mm2;1;015.440.0033.15678;60X120(n);CATLOGO PAMESA;;;60,8;60,8;9;3696,64;60,8x60,8;ALPHA;MARFIL;https://www.pamesa.com/ERP/4.0/empresas/151/045/imagenes/t00010602/0154400033758.jpg
15;440;285;15678;0154400033759;SI;COM.GL;60,8x60,8 ALPHA TAUPE;A;SI;SI;0.0000;PGL10;PAMESA;PAMESA;F/30/04 9MM;8429991591861;;8429991773182;M2;4;1.48;30;44.40;29.70;911.00;120.00;80.00;74.00;;9.00;08/07/2025;PAMESA;PAMESA;GRES PORCELNICO ESMALTADO;0154400033759;;PORCELAINGLASS;ALPHA PORCELANICO;CEMENTO;;POLIVALENTE;BASE;BASE;MATE;VARIACION LEVE;;NO;;;PEI IV;CLASE 1;R9;;GRUPO BIa;GL Esmaltado;;;NO;;1600-2400 N - 35-45 N/mm2;1;015.440.0285.15678;60X120(n);CATLOGO PAMESA;;;60,8;60,8;9;3696,64;60,8x60,8;ALPHA;TAUPE;https://www.pamesa.com/ERP/4.0/empresas/151/045/imagenes/t00010602/0154400033759.jpg
15;440;12;12215;0154400016508;SI;COM.GL;60,8x60,8 EXT.ALPHA BLANCO;A;SI;SI;17.7500;PGL27;PAM-ADZ.PAMESA;PAMESA;F/30/04 9MM;8429991783280;;8429991773182;M2;4;1.48;30;44.40;29.70;911.00;120.00;80.00;74.00;;9.00;15/11/2022;ATRIUM;SERIE ATRIUM;GRES PORCELNICO ESMALTADO;0154400016508;;PORCELAINGLASS;ALPHA PORCELANICO;CEMENTO;;ANTIDESLIZANTE;;BASE;MATE;;NO;NO;;;;CLASE 3;R11;C;GRUPO BIa;GL Esmaltado;;36 Low;NO;0.42;1600-2400 N - 35-45 N/mm2;3;015.440.0012.12215;60X90(N)20MM;CATLOGO PAMESA;;;60,8;60,8;9;3696,64;60,8x60,8;EXT.ALPHA;BLANCO;https://www.pamesa.com/ERP/4.0/empresas/151/045/imagenes/t00010602/0154400016508.jpg
15;440;19;12215;0154400016509;SI;COM.GL;60,8x60,8 EXT.ALPHA CENIZA;A;SI;SI;17.7500;PGL27;PAM-ADZ.PAMESA;PAMESA;F/30/04 9MM;8429991783297;;8429991773182;M2;4;1.48;30;44.40;29.70;911.00;120.00;80.00;74.00;;9.00;15/11/2022;ATRIUM;SERIE ATRIUM;GRES PORCELNICO ESMALTADO;0154400016509;;PORCELAINGLASS;ALPHA PORCELANICO;CEMENTO;;ANTIDESLIZANTE;;BASE;MATE;;NO;NO;;;;CLASE 3;R11;C;GRUPO BIa;GL Esmaltado;;36 Low;NO;0.42;1600-2400 N - 35-45 N/mm2;3;015.440.0019.12215;30,3X61,3;CATLOGO PAMESA;;;60,8;60,8;9;3696,64;60,8x60,8;EXT.ALPHA;CENIZA;https://www.pamesa.com/ERP/4.0/empresas/151/045/imagenes/t00010602/0154400016509.jpg
15;440;28;12215;0154400016510;SI;COM.GL;60,8x60,8 EXT.ALPHA MARENGO;A;SI;SI;17.7500;PGL27;PAM-ADZ.PAMESA;PAMESA;F/30/04 9MM;8429991783303;;8429991773182;M2;4;1.48;30;44.40;29.70;911.00;120.00;80.00;74.00;;9.00;15/11/2022;ATRIUM;SERIE ATRIUM;GRES PORCELNICO ESMALTADO;0154400016510;;PORCELAINGLASS;ALPHA PORCELANICO;CEMENTO;;ANTIDESLIZANTE;;BASE;MATE;;NO;NO;;;;CLASE 3;R11;C;GRUPO BIa;GL Esmaltado;;36 Low;NO;0.42;1600-2400 N - 35-45 N/mm2;3;015.440.0028.12215;90X90(N);CATLOGO PAMESA;;;60,8;60,8;9;3696,64;60,8x60,8;EXT.ALPHA;MARENGO;https://www.pamesa.com/ERP/4.0/empresas/151/045/imagenes/t00010602/0154400016510.jpg
15;440;33;12215;0154400016511;SI;COM.GL;60,8x60,8 EXT.ALPHA MARFIL;A;SI;SI;17.7500;PGL27;PAM-ADZ.PAMESA;PAMESA;F/30/04 9MM;8429991783310;;8429991773182;M2;4;1.48;30;44.40;29.70;911.00;120.00;80.00;74.00;;9.00;15/11/2022;ATRIUM;SERIE ATRIUM;GRES PORCELNICO ESMALTADO;0154400016511;;PORCELAINGLASS;ALPHA PORCELANICO;CEMENTO;;ANTIDESLIZANTE;;BASE;MATE;;NO;NO;;;;CLASE 3;R11;C;GRUPO BIa;GL Esmaltado;;36 Low;NO;0.42;1600-2400 N - 35-45 N/mm2;3;015.440.0033.12215;90X90(N);CATLOGO PAMESA;;;60,8;60,8;9;3696,64;60,8x60,8;EXT.ALPHA;MARFIL;https://www.pamesa.com/ERP/4.0/empresas/151/045/imagenes/t00010602/0154400016511.jpg
15;440;285;12215;0154400016512;SI;COM.GL;60,8x60,8 EXT.ALPHA TAUPE;A;SI;SI;17.7500;PGL27;PAM-ADZ.PAMESA;PAMESA;F/30/04 9MM;8429991783327;;8429991773182;M2;4;1.48;30;44.40;29.70;911.00;120.00;80.00;74.00;;9.00;15/11/2022;ATRIUM;SERIE ATRIUM;GRES PORCELNICO ESMALTADO;0154400016512;;PORCELAINGLASS;ALPHA PORCELANICO;CEMENTO;;ANTIDESLIZANTE;;BASE;MATE;;NO;NO;;;;CLASE 3;R11;C;GRUPO BIa;GL Esmaltado;;36 Low;NO;0.42;1600-2400 N - 35-45 N/mm2;3;015.440.0285.12215;60X120(n);CATLOGO PAMESA;;;60,8;60,8;9;3696,64;60,8x60,8;EXT.ALPHA;TAUPE;https://www.pamesa.com/ERP/4.0/empresas/151/045/imagenes/t00010602/0154400016512.jpg
17;840;12;15678;0178400033784;SI;REC.GLASS;60x60 ALPHA BLANCO;A;SI;SI;0.0000;PGL12;PAMESA;PAMESA;F/30/04 9MM;8429991591878;;8429991773199;M2;4;1.44;30;43.20;29.75;912.50;120.00;80.00;73.50;;9.00;08/07/2025;PAMESA;PAMESA;GRES PORCELNICO ESMALTADO;0178400033784;;PORCELAINGLASS;ALPHA PORCELANICO;CEMENTO;;POLIVALENTE;BASE;BASE;MATE RECTIFICADO;VARIACION LEVE;;NO;;;PEI IV;CLASE 1;R9;;GRUPO BIa;GL Esmaltado;;;NO;;1600-2400 N - 35-45 N/mm2;1;017.840.0012.15678;120X120;CATLOGO PAMESA;;;60;60;9;3600;60x60;ALPHA;BLANCO;https://www.pamesa.com/ERP/4.0/empresas/151/045/imagenes/t00010602/0178400033784.jpg
17;840;19;15678;0178400033792;SI;REC.GLASS;60x60 ALPHA CENIZA;A;SI;SI;0.0000;PGL12;PAMESA;PAMESA;F/30/04 9MM;8429991591885;;8429991773199;M2;4;1.44;30;43.20;29.75;912.50;120.00;80.00;73.50;;9.00;08/07/2025;PAMESA;PAMESA;GRES PORCELNICO ESMALTADO;0178400033792;;PORCELAINGLASS;ALPHA PORCELANICO;CEMENTO;;POLIVALENTE;BASE;BASE;MATE RECTIFICADO;VARIACION LEVE;;NO;;;PEI IV;CLASE 1;R9;;GRUPO BIa;GL Esmaltado;;;NO;;1600-2400 N - 35-45 N/mm2;1;017.840.0019.15678;90X90(N);CATLOGO PAMESA;;;60;60;9;3600;60x60;ALPHA;CENIZA;https://www.pamesa.com/ERP/4.0/empresas/151/045/imagenes/t00010602/0178400033792.jpg
17;840;28;15678;0178400033793;SI;REC.GLASS;60x60 ALPHA MARENGO;A;SI;SI;0.0000;PGL12;PAMESA;PAMESA;F/30/04 9MM;8429991591892;;8429991773199;M2;4;1.44;30;43.20;29.75;912.50;120.00;80.00;73.50;;9.00;08/07/2025;PAMESA;PAMESA;GRES PORCELNICO ESMALTADO;0178400033793;;PORCELAINGLASS;ALPHA PORCELANICO;CEMENTO;;POLIVALENTE;BASE;BASE;MATE RECTIFICADO;VARIACION LEVE;;NO;;;PEI IV;CLASE 1;R9;;GRUPO BIa;GL Esmaltado;;;NO;;1600-2400 N - 35-45 N/mm2;1;017.840.0028.15678;90X90(N);CATLOGO PAMESA;;;60;60;9;3600;60x60;ALPHA;MARENGO;https://www.pamesa.com/ERP/4.0/empresas/151/045/imagenes/t00010602/0178400033793.jpg
17;840;33;15678;0178400033794;SI;REC.GLASS;60x60 ALPHA MARFIL;A;SI;SI;0.0000;PGL12;PAMESA;PAMESA;F/30/04 9MM;8429991591908;;8429991773199;M2;4;1.44;30;43.20;29.75;912.50;120.00;80.00;73.50;;9.00;08/07/2025;PAMESA;PAMESA;GRES PORCELNICO ESMALTADO;0178400033794;;PORCELAINGLASS;ALPHA PORCELANICO;CEMENTO;;POLIVALENTE;BASE;BASE;MATE RECTIFICADO;VARIACION LEVE;;NO;;;PEI IV;CLASE 1;R9;;GRUPO BIa;GL Esmaltado;;;NO;;1600-2400 N - 35-45 N/mm2;1;017.840.0033.15678;60x60;CATLOGO PAMESA;;;60;60;9;3600;60x60;ALPHA;MARFIL;https://www.pamesa.com/ERP/4.0/empresas/151/045/imagenes/t00010602/0178400033794.jpg
17;840;285;15678;0178400033795;SI;REC.GLASS;60x60 ALPHA TAUPE;A;SI;SI;0.0000;PGL12;PAMESA;PAMESA;F/30/04 9MM;8429991591915;;8429991773199;M2;4;1.44;30;43.20;29.75;912.50;120.00;80.00;73.50;;9.00;08/07/2025;PAMESA;PAMESA;GRES PORCELNICO ESMALTADO;0178400033795;;PORCELAINGLASS;ALPHA PORCELANICO;CEMENTO;;POLIVALENTE;BASE;BASE;MATE RECTIFICADO;VARIACION LEVE;;NO;;;PEI IV;CLASE 1;R9;;GRUPO BIa;GL Esmaltado;;;NO;;1600-2400 N - 35-45 N/mm2;1;017.840.0285.15678;60X120 RF;CATLOGO PAMESA;;;60;60;9;3600;60x60;ALPHA;TAUPE;https://www.pamesa.com/ERP/4.0/empresas/151/045/imagenes/t00010602/0178400033795.jpg
17;840;368;10408;0178400011123;SI;REC.GLASS;60x60 ALPHA BEAT GRAY;A;SI;SI;19.0000;PGL22;PAMESA;PAMESA;F/30/04 9MM;8429991653132;;8429991773199;M2;4;1.44;30;43.20;29.75;912.50;120.00;80.00;73.50;;9.00;19/07/2021;ATRIUM;SERIE ATRIUM;GRES PORCELNICO ESMALTADO;0178400011123;;PORCELAINGLASS;ALPHA PORCELANICO;DECORADOS;;POLIVALENTE;BASE;BASE;MATE RECTIFICADO;VARIACION LEVE;;SIN INFORMAR;;;;CLASE 1;R9;;GRUPO BIa;GL Esmaltado;;;NO;;1600-2400 N - 35-45 N/mm2;3;017.840.0368.10408;60x60;CATLOGO PAMESA;;;60;60;9;3600;60x60;ALPHA BEAT;GRAY;https://www.pamesa.com/ERP/4.0/empresas/151/045/imagenes/t00010602/0178400011123.jpg
17;840;169;10408;0178400011121;SI;REC.GLASS;60x60 ALPHA BEAT PEARL;A;SI;SI;19.0000;PGL22;PAMESA;PAMESA;F/30/04 9MM;8429991653118;;8429991773199;M2;4;1.44;30;43.20;29.75;912.50;120.00;80.00;73.50;;9.00;19/07/2021;ATRIUM;SERIE ATRIUM;GRES PORCELNICO ESMALTADO;0178400011121;;PORCELAINGLASS;ALPHA PORCELANICO;DECORADOS;;POLIVALENTE;BASE;BASE;MATE RECTIFICADO;VARIACION LEVE;;SIN INFORMAR;;;;CLASE 1;R9;;GRUPO BIa;GL Esmaltado;;;NO;;1600-2400 N - 35-45 N/mm2;3;017.840.0169.10408;60X120 RF;CATLOGO PAMESA;;;60;60;9;3600;60x60;ALPHA BEAT;PEARL;https://www.pamesa.com/ERP/4.0/empresas/151/045/imagenes/t00010602/0178400011121.jpg
17;840;119;10408;0178400011122;SI;REC.GLASS;60x60 ALPHA BEAT SAND;A;SI;SI;19.0000;PGL22;PAMESA;PAMESA;F/30/04 9MM;8429991653125;;8429991773199;M2;4;1.44;30;43.20;29.75;912.50;120.00;80.00;73.50;;9.00;19/07/2021;ATRIUM;SERIE ATRIUM;GRES PORCELNICO ESMALTADO;0178400011122;;PORCELAINGLASS;ALPHA PORCELANICO;DECORADOS;;POLIVALENTE;BASE;BASE;MATE RECTIFICADO;VARIACION LEVE;;SIN INFORMAR;;;;CLASE 1;R9;;GRUPO BIa;GL Esmaltado;;;NO;;1600-2400 N - 35-45 N/mm2;3;017.840.0119.10408;30x60 (C);CATLOGO PAMESA;;;60;60;9;3600;60x60;ALPHA BEAT;SAND;https://www.pamesa.com/ERP/4.0/empresas/151/045/imagenes/t00010602/0178400011122.jpg
15;722;12;15678;0157220033760;SI;COM.GL;30,3x61,3 ALPHA BLANCO;A;SI;SI;0.0000;PGL04;PAMESA;PAMESA;F/40/07;8429991597047;;8429991773182;M2;7;1.30;40;52.00;25.00;1,020.00;120.00;80.00;74.50;5;9.00;08/07/2025;PAMESA;PAMESA;GRES PORCELNICO ESMALTADO;0157220033760;;PORCELAINGLASS;ALPHA PORCELANICO;CEMENTO;;POLIVALENTE;BASE;BASE;MATE;VARIACION LEVE;;NO;;;PEI IV;CLASE 1;R9;;GRUPO BIa;GL Esmaltado;;;NO;;>10000 N - 35-45 N/mm2;1;015.722.0012.15678;60x60;CATLOGO PAMESA;;;30,3;61,3;9;1857,39;30,3x61,3;ALPHA;BLANCO;https://www.pamesa.com/ERP/4.0/empresas/151/045/imagenes/t00010602/0157220033760.jpg
15;722;19;15678;0157220033761;SI;COM.GL;30,3x61,3 ALPHA CENIZA;A;SI;SI;0.0000;PGL04;PAMESA;PAMESA;F/40/07;8429991597054;;8429991773182;M2;7;1.30;40;52.00;25.00;1,020.00;120.00;80.00;74.50;5;9.00;08/07/2025;PAMESA;PAMESA;GRES PORCELNICO ESMALTADO;0157220033761;;PORCELAINGLASS;ALPHA PORCELANICO;CEMENTO;;POLIVALENTE;BASE;BASE;MATE;VARIACION LEVE;;NO;;;PEI IV;CLASE 1;R9;;GRUPO BIa;GL Esmaltado;;;NO;;>10000 N - 35-45 N/mm2;1;015.722.0019.15678;30,3X61,3;CATLOGO PAMESA;;;30,3;61,3;9;1857,39;30,3x61,3;ALPHA;CENIZA;https://www.pamesa.com/ERP/4.0/empresas/151/045/imagenes/t00010602/0157220033761.jpg
15;722;28;15678;0157220033762;SI;COM.GL;30,3x61,3 ALPHA MARENGO;A;SI;SI;0.0000;PGL04;PAMESA;PAMESA;F/40/07;8429991597061;;8429991773182;M2;7;1.30;40;52.00;25.00;1,020.00;120.00;80.00;74.50;5;9.00;08/07/2025;PAMESA;PAMESA;GRES PORCELNICO ESMALTADO;0157220033762;;PORCELAINGLASS;ALPHA PORCELANICO;CEMENTO;;POLIVALENTE;BASE;BASE;MATE;VARIACION LEVE;;NO;;;PEI IV;CLASE 1;R9;;GRUPO BIa;GL Esmaltado;;;NO;;>10000 N - 35-45 N/mm2;1;015.722.0028.15678;30,3X61,3;CATLOGO PAMESA;;;30,3;61,3;9;1857,39;30,3x61,3;ALPHA;MARENGO;https://www.pamesa.com/ERP/4.0/empresas/151/045/imagenes/t00010602/0157220033762.jpg
15;722;33;15678;0157220033763;SI;COM.GL;30,3x61,3 ALPHA MARFIL;A;SI;SI;0.0000;PGL04;PAMESA;PAMESA;F/40/07;8429991597078;;8429991773182;M2;7;1.30;40;52.00;25.00;1,020.00;120.00;80.00;74.50;5;9.00;08/07/2025;PAMESA;PAMESA;GRES PORCELNICO ESMALTADO;0157220033763;;PORCELAINGLASS;ALPHA PORCELANICO;CEMENTO;;POLIVALENTE;BASE;BASE;MATE;VARIACION LEVE;;NO;;;PEI IV;CLASE 1;R9;;GRUPO BIa;GL Esmaltado;;;NO;;>10000 N - 35-45 N/mm2;1;015.722.0033.15678;100X100;CATLOGO PAMESA;;;30,3;61,3;9;1857,39;30,3x61,3;ALPHA;MARFIL;https://www.pamesa.com/ERP/4.0/empresas/151/045/imagenes/t00010602/0157220033763.jpg
15;722;285;15678;0157220033764;SI;COM.GL;30,3x61,3 ALPHA TAUPE;A;SI;SI;0.0000;PGL04;PAMESA;PAMESA;F/40/07;8429991597085;;8429991773182;M2;7;1.30;40;52.00;25.00;1,020.00;120.00;80.00;74.50;5;9.00;08/07/2025;PAMESA;PAMESA;GRES PORCELNICO ESMALTADO;0157220033764;;PORCELAINGLASS;ALPHA PORCELANICO;CEMENTO;;POLIVALENTE;BASE;BASE;MATE;VARIACION LEVE;;NO;;;PEI IV;CLASE 1;R9;;GRUPO BIa;GL Esmaltado;;;NO;;>10000 N - 35-45 N/mm2;1;015.722.0285.15678;60X120(n);CATLOGO PAMESA;;;30,3;61,3;9;1857,39;30,3x61,3;ALPHA;TAUPE;https://www.pamesa.com/ERP/4.0/empresas/151/045/imagenes/t00010602/0157220033764.jpg
25;590;12;5202;0255900125202;SI;PZ.ESP COM-GLAS;30x30(7)Malla AT.ALPHA BLANCO;A;SI;SI;57.7500;MOS7;ATRIUM;PAMESA;E/42/11;8429991642624;;;M2;11;1.00;42;42.00;23.10;990.20;120.00;80.00;;;;20/05/2021;ATRIUM;SERIE ATRIUM;GRES PORCELNICO ESMALTADO;0255900125202;;PORCELAINGLASS;ALPHA PORCELANICO;CEMENTO;;POLIVALENTE;BASE;BASE;MATE RECTIFICADO;;;NO;;;;CLASE 1;;;GRUPO BIa;GL Esmaltado;;;NO;;;3;025.590.0012.05202;120X120;CATLOGO PAMESA;;;30;30;0;900;30x30;AT.ALPHA;BLANCO;https://www.pamesa.com/ERP/4.0/empresas/151/045/imagenes/t00010602/0255900125202.jpg
25;590;19;5202;0255900195202;SI;PZ.ESP COM-GLAS;30x30(7)Malla AT.ALPHA CENIZA;A;SI;SI;57.7500;MOS7;ATRIUM;PAMESA;E/42/11;8429991642631;;;M2;11;1.00;42;42.00;23.10;990.20;120.00;80.00;;;;20/05/2021;ATRIUM;SERIE ATRIUM;GRES PORCELNICO ESMALTADO;0255900195202;;PORCELAINGLASS;ALPHA PORCELANICO;CEMENTO;;POLIVALENTE;BASE;BASE;MATE RECTIFICADO;;;NO;;;;CLASE 1;;;GRUPO BIa;GL Esmaltado;;;NO;;;3;025.590.0019.05202;90X90N(20MM);CATLOGO PAMESA;;;30;30;0;900;30x30;AT.ALPHA;CENIZA;https://www.pamesa.com/ERP/4.0/empresas/151/045/imagenes/t00010602/0255900195202.jpg
25;590;28;5202;0255900285202;SI;PZ.ESP COM-GLAS;30x30(7)Malla AT.ALPHA MARENGO;A;SI;SI;57.7500;MOS7;ATRIUM;PAMESA;E/42/11;8429991642648;;;M2;11;1.00;42;42.00;23.10;990.20;120.00;80.00;;;;20/05/2021;ATRIUM;SERIE ATRIUM;GRES PORCELNICO ESMALTADO;0255900285202;;PORCELAINGLASS;ALPHA PORCELANICO;CEMENTO;;POLIVALENTE;BASE;BASE;MATE RECTIFICADO;;;NO;;;;CLASE 1;;;GRUPO BIa;GL Esmaltado;;;NO;;;3;025.590.0028.05202;60X120 RF;CATLOGO PAMESA;;;30;30;0;900;30x30;AT.ALPHA;MARENGO;https://www.pamesa.com/ERP/4.0/empresas/151/045/imagenes/t00010602/0255900285202.jpg
25;590;33;5202;0255900335202;SI;PZ.ESP COM-GLAS;30x30(7)Malla AT.ALPHA MARFIL;A;SI;SI;57.7500;MOS7;ATRIUM;PAMESA;E/42/11;8429991642655;;;M2;11;1.00;42;42.00;23.10;990.20;120.00;80.00;;;;20/05/2021;ATRIUM;SERIE ATRIUM;GRES PORCELNICO ESMALTADO;0255900335202;;PORCELAINGLASS;ALPHA PORCELANICO;CEMENTO;;POLIVALENTE;BASE;BASE;MATE RECTIFICADO;;;NO;;;;CLASE 1;;;GRUPO BIa;GL Esmaltado;;;NO;;;3;025.590.0033.05202;60X120(n);CATLOGO PAMESA;;;30;30;0;900;30x30;AT.ALPHA;MARFIL;https://www.pamesa.com/ERP/4.0/empresas/151/045/imagenes/t00010602/0255900335202.jpg
25;590;285;5202;0255902855202;SI;PZ.ESP COM-GLAS;30x30(7)Malla AT.ALPHA TAUPE;A;SI;SI;57.7500;MOS7;ATRIUM;PAMESA;E/42/11;8429991642662;;;M2;11;1.00;42;42.00;23.10;990.20;120.00;80.00;;;;20/05/2021;ATRIUM;SERIE ATRIUM;GRES PORCELNICO ESMALTADO;0255902855202;;PORCELAINGLASS;ALPHA PORCELANICO;CEMENTO;;POLIVALENTE;BASE;BASE;MATE RECTIFICADO;;;NO;;;;CLASE 1;;;GRUPO BIa;GL Esmaltado;;;NO;;;3;025.590.0285.05202;30X30 (5)MALLA;CATLOGO PAMESA;;;30;30;0;900;30x30;AT.ALPHA;TAUPE;https://www.pamesa.com/ERP/4.0/empresas/151/045/imagenes/t00010602/0255902855202.jpg
17;250;161;13566;0172500020361;SI;REC.GLASS;60x120(n) BASIC GREY;A;SI;SI;21.7500;PGL16;PAMESA;PAMESA;L/36/02 RF;8429991832377;;8429991773199;M2;2;1.44;36;51.84;28.62;1,055.32;122.00;84.00;73.50;;;19/06/2023;ATRIUM;PAMESA;GRES PORCELNICO ESMALTADO;0172500020361;;PORCELAINGLASS;BASIC;CEMENTO;;POLIVALENTE;BASE;BASE;MATE RECTIFICADO;VARIACION MODERADA;NO;SIN INFORMAR;;;;CLASE 3;R10;B;GRUPO BIa;GL Esmaltado;70 Low;60 Low;NO;0.76;1600-2400 N - 35-45 N/mm2;3;017.250.0161.13566;60x60;CATLOGO PAMESA;;;60;120;9;7200;60x120;BASIC;GREY;https://www.pamesa.com/ERP/4.0/empresas/151/045/imagenes/t00010602/0172500020361.jpg
17;250;164;13566;0172500020366;SI;REC.GLASS;60x120(n) BASIC IVORY;A;SI;SI;21.7500;PGL16;PAMESA;PAMESA;L/36/02 RF;8429991832407;;8429991773199;M2;2;1.44;36;51.84;28.62;1,055.32;122.00;84.00;73.50;;;19/06/2023;ATRIUM;PAMESA;GRES PORCELNICO ESMALTADO;0172500020366;;PORCELAINGLASS;BASIC;CEMENTO;;POLIVALENTE;BASE;BASE;MATE RECTIFICADO;VARIACION MODERADA;NO;SIN INFORMAR;;;;CLASE 3;R10;B;GRUPO BIa;GL Esmaltado;70 Low;60 Low;NO;0.76;1600-2400 N - 35-45 N/mm2;3;017.250.0164.13566;30x60 (C);CATLOGO PAMESA;;;60;120;9;7200;60x120;BASIC;IVORY;https://www.pamesa.com/ERP/4.0/empresas/151/045/imagenes/t00010602/0172500020366.jpg
17;250;169;13566;0172500020364;SI;REC.GLASS;60x120(n) BASIC PEARL;A;SI;SI;21.7500;PGL16;PAMESA;PAMESA;L/36/02 RF;8429991832391;;8429991773199;M2;2;1.44;36;51.84;28.62;1,055.32;122.00;84.00;73.50;;;19/06/2023;ATRIUM;PAMESA;GRES PORCELNICO ESMALTADO;0172500020364;;PORCELAINGLASS;BASIC;CEMENTO;;POLIVALENTE;BASE;BASE;MATE RECTIFICADO;VARIACION MODERADA;NO;NO;;;;CLASE 3;R10;B;GRUPO BIa;GL Esmaltado;70 Low;60 Low;NO;0.76;1600-2400 N - 35-45 N/mm2;3;017.250.0169.13566;120X120;CATLOGO PAMESA;;;60;120;9;7200;60x120;BASIC;PEARL;https://www.pamesa.com/ERP/4.0/empresas/151/045/imagenes/t00010602/0172500020364.jpg
17;250;183;13566;0172500020363;SI;REC.GLASS;60x120(n) BASIC SILVER;A;SI;SI;21.7500;PGL16;PAMESA;PAMESA;L/36/02 RF;8429991832384;;8429991773199;M2;2;1.44;36;51.84;28.62;1,055.32;122.00;84.00;73.50;;;19/06/2023;ATRIUM;PAMESA;GRES PORCELNICO ESMALTADO;0172500020363;;PORCELAINGLASS;BASIC;CEMENTO;;POLIVALENTE;BASE;BASE;MATE RECTIFICADO;VARIACION MODERADA;NO;NO;;;;CLASE 3;R10;B;GRUPO BIa;GL Esmaltado;70 Low;60 Low;NO;0.76;1600-2400 N - 35-45 N/mm2;3;017.250.0183.13566;90X90(N);CATLOGO PAMESA;;;60;120;9;7200;60x120;BASIC;SILVER;https://www.pamesa.com/ERP/4.0/empresas/151/045/imagenes/t00010602/0172500020363.jpg
17;840;161;13566;0178400020361;SI;REC.GLASS;60x60 BASIC GREY;A;SI;SI;19.0000;PGL12;PAMESA;PAMESA;F/30/04 9MM;8429991832452;;8429991773199;M2;4;1.44;30;43.20;29.75;912.50;120.00;80.00;73.50;;9.00;19/06/2023;ATRIUM;PAMESA;GRES PORCELNICO ESMALTADO;0178400020361;;PORCELAINGLASS;BASIC;CEMENTO;;POLIVALENTE;BASE;BASE;MATE RECTIFICADO;VARIACION MODERADA;NO;SIN INFORMAR;;;;CLASE 3;R10;B;GRUPO BIa;GL Esmaltado;70 Low;36 Low;NO;0.76;1600-2400 N - 35-45 N/mm2;3;017.840.0161.13566;120X120;CATLOGO PAMESA;;;60;60;9;3600;60x60;BASIC;GREY;https://www.pamesa.com/ERP/4.0/empresas/151/045/imagenes/t00010602/0178400020361.jpg
17;840;164;13566;0178400020366;SI;REC.GLASS;60x60 BASIC IVORY;A;SI;SI;19.0000;PGL12;PAMESA;PAMESA;F/30/04 9MM;8429991832483;;8429991773199;M2;4;1.44;30;43.20;29.75;912.50;120.00;80.00;73.50;;9.00;19/06/2023;ATRIUM;PAMESA;GRES PORCELNICO ESMALTADO;0178400020366;;PORCELAINGLASS;BASIC;CEMENTO;;POLIVALENTE;BASE;BASE;MATE RECTIFICADO;VARIACION MODERADA;NO;SIN INFORMAR;;;;CLASE 3;R10;B;GRUPO BIa;GL Esmaltado;70 Low;36 Low;NO;0.76;1600-2400 N - 35-45 N/mm2;3;017.840.0164.13566;120X120;CATLOGO PAMESA;;;60;60;9;3600;60x60;BASIC;IVORY;https://www.pamesa.com/ERP/4.0/empresas/151/045/imagenes/t00010602/0178400020366.jpg
17;840;169;13566;0178400020364;SI;REC.GLASS;60x60 BASIC PEARL;A;SI;SI;19.0000;PGL12;PAMESA;PAMESA;F/30/04 9MM;8429991832476;;8429991773199;M2;4;1.44;30;43.20;29.75;912.50;120.00;80.00;73.50;;9.00;19/06/2023;ATRIUM;PAMESA;GRES PORCELNICO ESMALTADO;0178400020364;;PORCELAINGLASS;BASIC;CEMENTO;;POLIVALENTE;BASE;BASE;MATE RECTIFICADO;VARIACION MODERADA;NO;SIN INFORMAR;;;;CLASE 3;R10;B;GRUPO BIa;GL Esmaltado;70 Low;36 Low;NO;0.76;1600-2400 N - 35-45 N/mm2;3;017.840.0169.13566;60X120 RF;CATLOGO PAMESA;;;60;60;9;3600;60x60;BASIC;PEARL;https://www.pamesa.com/ERP/4.0/empresas/151/045/imagenes/t00010602/0178400020364.jpg
17;840;183;13566;0178400020363;SI;REC.GLASS;60x60 BASIC SILVER;A;SI;SI;19.0000;PGL12;PAMESA;PAMESA;F/30/04 9MM;8429991832469;;8429991773199;M2;4;1.44;30;43.20;29.75;912.50;120.00;80.00;73.50;;9.00;19/06/2023;ATRIUM;PAMESA;GRES PORCELNICO ESMALTADO;0178400020363;;PORCELAINGLASS;BASIC;CEMENTO;;POLIVALENTE;BASE;BASE;MATE RECTIFICADO;VARIACION MODERADA;NO;SIN INFORMAR;;;;CLASE 3;R10;B;GRUPO BIa;GL Esmaltado;70 Low;36 Low;NO;0.76;1600-2400 N - 35-45 N/mm2;3;017.840.0183.13566;60X120 RF;CATLOGO PAMESA;;;60;60;9;3600;60x60;BASIC;SILVER;https://www.pamesa.com/ERP/4.0/empresas/151/045/imagenes/t00010602/0178400020363.jpg
25;590;161;13566;0255900020361;SI;PZ.ESP COM-GLAS;30x30(7)Malla BASIC GREY;A;SI;SI;57.7500;MOS7;PAMESA;PAMESA;E/42/11;8429991843021;;;M2;11;1.00;42;42.00;23.10;990.20;120.00;80.00;;;;20/07/2023;ATRIUM;PAMESA;GRES PORCELNICO ESMALTADO;0255900020361;;PORCELAINGLASS;BASIC;CEMENTO;;POLIVALENTE;MALLA;;MATE;VARIACION MODERADA;;SIN INFORMAR;;;;;;;GRUPO BIa;GL Esmaltado;;;NO;;;3;025.590.0161.13566;60X120 RF;CATLOGO PAMESA;;;30;30;0;900;30x30;BASIC;GREY;https://www.pamesa.com/ERP/4.0/empresas/151/045/imagenes/t00010602/0255900020361.jpg
25;590;164;13566;0255900020366;SI;PZ.ESP COM-GLAS;30x30(7)Malla BASIC IVORY;A;SI;SI;57.7500;MOS7;PAMESA;PAMESA;E/42/11;8429991843038;;;M2;11;1.00;42;42.00;23.10;990.20;120.00;80.00;;;;20/07/2023;ATRIUM;PAMESA;GRES PORCELNICO ESMALTADO;0255900020366;;PORCELAINGLASS;BASIC;CEMENTO;;POLIVALENTE;MALLA;;MATE;VARIACION MODERADA;;SIN INFORMAR;;;;;;;GRUPO BIa;GL Esmaltado;;;NO;;;3;025.590.0164.13566;60X120 RF;CATLOGO PAMESA;;;30;30;0;900;30x30;BASIC;IVORY;https://www.pamesa.com/ERP/4.0/empresas/151/045/imagenes/t00010602/0255900020366.jpg
25;590;169;13566;0255900020364;SI;PZ.ESP COM-GLAS;30x30(7)Malla BASIC PEARL;A;SI;SI;57.7500;MOS7;PAMESA;PAMESA;E/42/11;8429991843045;;;M2;11;1.00;42;42.00;23.10;990.20;120.00;80.00;;;;20/07/2023;ATRIUM;PAMESA;GRES PORCELNICO ESMALTADO;0255900020364;;PORCELAINGLASS;BASIC;CEMENTO;;POLIVALENTE;MALLA;;MATE;VARIACION MODERADA;;SIN INFORMAR;;;;;;;GRUPO BIa;GL Esmaltado;;;NO;;;3;025.590.0169.13566;60x60;CATLOGO PAMESA;;;30;30;0;900;30x30;BASIC;PEARL;https://www.pamesa.com/ERP/4.0/empresas/151/045/imagenes/t00010602/0255900020364.jpg
25;590;183;13566;0255900020363;SI;PZ.ESP COM-GLAS;30x30(7)Malla BASIC SILVER;A;SI;SI;57.7500;MOS7;PAMESA;PAMESA;E/42/11;8429991843069;;;M2;11;1.00;42;42.00;23.10;990.20;120.00;80.00;;;;20/07/2023;ATRIUM;PAMESA;GRES PORCELNICO ESMALTADO;0255900020363;;PORCELAINGLASS;BASIC;CEMENTO;;POLIVALENTE;MALLA;;MATE;VARIACION MODERADA;;SIN INFORMAR;;;;;;;GRUPO BIa;GL Esmaltado;;;NO;;;3;025.590.0183.13566;60x60;CATLOGO PAMESA;;;30;30;0;900;30x30;BASIC;SILVER;https://www.pamesa.com/ERP/4.0/empresas/151/045/imagenes/t00010602/0255900020363.jpg
15;845;498;5932;0158454985932;SI;COM.GL;33,3x33,3 BERMUDAS AQUA;A;SI;SI;18.5000;PGL02;PAMESA;PAMESA;A/48/12 8,5MM;8429991575311;;8429991773250;M2;12;1.33;48;63.84;24.50;1,196.00;126.00;84.00;82.00;;8.50;11/09/2020;ATRIUM;SERIE ATRIUM;GRES PORCELNICO ESMALTADO;0158454985932;;PORCELAINGLASS;BERMUDAS;DECORADOS;;PAVIMENTO;BASE;BASE;BRILLO;VARIACION ALTA;;NO;;;PEI III;CLASE 0;;;GRUPO BIb;GL Esmaltado;;;NO;;1600-2400 N - 35-45 N/mm2;3;015.845.0498.05932;60X120(n);CATLOGO PAMESA;;;33,3;33,3;8,5;1108,89;33,3x33,3;BERMUDAS;AQUA;https://www.pamesa.com/ERP/4.0/empresas/151/045/imagenes/t00010602/0158454985932.jpg
15;845;118;5932;0158451185932;SI;COM.GL;33,3x33,3 BERMUDAS NAVI;A;SI;SI;18.5000;PGL02;PAMESA;PAMESA;A/48/12 8,5MM;8429991575328;;8429991773250;M2;12;1.33;48;63.84;24.50;1,196.00;126.00;84.00;82.00;;8.50;11/09/2020;ATRIUM;SERIE ATRIUM;GRES PORCELNICO ESMALTADO;0158451185932;;PORCELAINGLASS;BERMUDAS;DECORADOS;;PAVIMENTO;BASE;BASE;BRILLO;VARIACION ALTA;;NO;;;PEI III;CLASE 0;;;GRUPO BIb;GL Esmaltado;;;NO;;1600-2400 N - 35-45 N/mm2;3;015.845.0118.05932;60x60;CATLOGO PAMESA;;;33,3;33,3;8,5;1108,89;33,3x33,3;BERMUDAS;NAVI;https://www.pamesa.com/ERP/4.0/empresas/151/045/imagenes/t00010602/0158451185932.jpg
15;845;498;5944;0158454985944;SI;COM.GL;33,3x33,3 BERMUDAS DEC AQUA;A;SI;SI;18.5000;PGL02;PAMESA;PAMESA;A/48/12 8,5MM;8429991575335;;8429991773182;M2;12;1.33;48;63.84;24.50;1,196.00;126.00;84.00;82.00;;8.50;11/09/2020;ATRIUM;SERIE ATRIUM;GRES PORCELNICO ESMALTADO;0158454985944;;PORCELAINGLASS;BERMUDAS;DECORADOS;;PAVIMENTO;BASE;BASE;BRILLO;VARIACION ALTA;;SIN INFORMAR;;;PEI III;;;;GRUPO BIa;GL Esmaltado;;;NO;;1600-2400 N - 35-45 N/mm2;3;015.845.0498.05944;60X120(n);CATLOGO PAMESA;;;33,3;33,3;8,5;1108,89;33,3x33,3;BERMUDAS DEC;AQUA;https://www.pamesa.com/ERP/4.0/empresas/151/045/imagenes/t00010602/0158454985944.jpg
15;845;118;5944;0158451185944;SI;COM.GL;33,3x33,3 BERMUDAS DEC NAVI;A;SI;SI;18.5000;PGL02;PAMESA;PAMESA;A/48/12 8,5MM;8429991575342;;8429991773182;M2;12;1.33;48;63.84;24.50;1,196.00;126.00;84.00;82.00;;8.50;11/09/2020;ATRIUM;SERIE ATRIUM;GRES PORCELNICO ESMALTADO;0158451185944;;PORCELAINGLASS;BERMUDAS;DECORADOS;;PAVIMENTO;BASE;BASE;BRILLO;VARIACION ALTA;;SIN INFORMAR;;;PEI III;;;;GRUPO BIa;GL Esmaltado;;;NO;;1600-2400 N - 35-45 N/mm2;3;015.845.0118.05944;60x60;CATLOGO PAMESA;;;33,3;33,3;8,5;1108,89;33,3x33,3;BERMUDAS DEC;NAVI;https://www.pamesa.com/ERP/4.0/empresas/151/045/imagenes/t00010602/0158451185944.jpg
17;250;135;3677;0172501353677;SI;REC.GLASS;60x120(n) BLAZE ARGENT;A;SI;SI;21.7500;PGL16;PAMESA;PAMESA;L/36/02 RF;8429991595005;;8429991773199;M2;2;1.44;36;51.84;28.62;1,055.32;122.00;84.00;73.50;;;16/11/2020;ATRIUM;SERIE ATRIUM;GRES PORCELNICO ESMALTADO;0172501353677;;PORCELAINGLASS;BLAZE;CEMENTO;;POLIVALENTE;BASE;BASE;MATE RECTIFICADO;VARIACION LEVE;;NO;;;PEI IV;CLASE 0;;;GRUPO BIa;GL Esmaltado;;;NO;;1600-2400 N - 35-45 N/mm2;3;017.250.0135.03677;120X280(6MM);CATLOGO PAMESA;;;60;120;9;7200;60x120;BLAZE;ARGENT;https://www.pamesa.com/ERP/4.0/empresas/151/045/imagenes/t00010602/0172501353677.jpg
17;250;19;3677;0172500193677;SI;REC.GLASS;60x120(n) BLAZE CENIZA;A;SI;SI;21.7500;PGL16;PAMESA;PAMESA;L/36/02 RF;8429991594985;;8429991773199;M2;2;1.44;36;51.84;28.62;1,055.32;122.00;84.00;73.50;;;16/11/2020;ATRIUM;SERIE ATRIUM;GRES PORCELNICO ESMALTADO;0172500193677;;PORCELAINGLASS;BLAZE;CEMENTO;;POLIVALENTE;BASE;BASE;MATE RECTIFICADO;VARIACION LEVE;;NO;;;PEI IV;CLASE 0;;;GRUPO BIa;GL Esmaltado;;;NO;;1600-2400 N - 35-45 N/mm2;3;017.250.0019.03677;30x30(7)Malla;CATLOGO PAMESA;;;60;120;9;7200;60x120;BLAZE;CENIZA;https://www.pamesa.com/ERP/4.0/empresas/151/045/imagenes/t00010602/0172500193677.jpg
17;250;28;3677;0172500283677;SI;REC.GLASS;60x120(n) BLAZE MARENGO;A;SI;SI;21.7500;PGL16;PAMESA;PAMESA;L/36/02 RF;8429991594992;;8429991773199;M2;2;1.44;36;51.84;28.62;1,055.32;122.00;84.00;73.50;;;16/11/2020;ATRIUM;SERIE ATRIUM;GRES PORCELNICO ESMALTADO;0172500283677;;PORCELAINGLASS;BLAZE;CEMENTO;;POLIVALENTE;BASE;BASE;MATE RECTIFICADO;VARIACION LEVE;;NO;;;PEI III;CLASE 0;;;GRUPO BIa;GL Esmaltado;;;NO;;1600-2400 N - 35-45 N/mm2;3;017.250.0028.03677;120X120;CATLOGO PAMESA;;;60;120;9;7200;60x120;BLAZE;MARENGO;https://www.pamesa.com/ERP/4.0/empresas/151/045/imagenes/t00010602/0172500283677.jpg
17;250;33;3677;0172500333677;SI;REC.GLASS;60x120(n) BLAZE MARFIL;A;SI;SI;21.7500;PGL16;PAMESA;PAMESA;L/36/02 RF;8429991595029;;8429991773199;M2;2;1.44;36;51.84;28.62;1,055.32;122.00;84.00;73.50;;;16/11/2020;ATRIUM;SERIE ATRIUM;GRES PORCELNICO ESMALTADO;0172500333677;;PORCELAINGLASS;BLAZE;CEMENTO;;POLIVALENTE;BASE;BASE;MATE RECTIFICADO;VARIACION LEVE;;NO;;;PEI IV;CLASE 0;;;GRUPO BIa;GL Esmaltado;;;NO;;1600-2400 N - 35-45 N/mm2;3;017.250.0033.03677;90X90(N);CATLOGO PAMESA;;;60;120;9;7200;60x120;BLAZE;MARFIL;https://www.pamesa.com/ERP/4.0/empresas/151/045/imagenes/t00010602/0172500333677.jpg
17;250;285;3677;0172502853677;SI;REC.GLASS;60x120(n) BLAZE TAUPE;A;SI;SI;21.7500;PGL16;PAMESA;PAMESA;L/36/02 RF;8429991595012;;8429991773199;M2;2;1.44;36;51.84;28.62;1,055.32;122.00;84.00;73.50;;;16/11/2020;ATRIUM;SERIE ATRIUM;GRES PORCELNICO ESMALTADO;0172502853677;;PORCELAINGLASS;BLAZE;CEMENTO;;POLIVALENTE;BASE;BASE;MATE RECTIFICADO;VARIACION LEVE;;NO;;;PEI IV;CLASE 0;;;GRUPO BIa;GL Esmaltado;;;NO;;1600-2400 N - 35-45 N/mm2;3;017.250.0285.03677;30x30(7)Malla;CATLOGO PAMESA;;;60;120;9;7200;60x120;BLAZE;TAUPE;https://www.pamesa.com/ERP/4.0/empresas/151/045/imagenes/t00010602/0172502853677.jpg
15;440;135;3677;0154401353677;SI;COM.GL;60,8x60,8 BLAZE ARGENT;A;SI;SI;17.7500;PGL10;PAMESA;PAMESA;F/30/04 9MM;8429991441128;;8429991773182;M2;4;1.48;30;44.40;29.70;911.00;120.00;80.00;74.00;;9.00;18/04/2019;ATRIUM;SERIE ATRIUM;GRES PORCELNICO ESMALTADO;0154401353677;;PORCELAINGLASS;BLAZE;CEMENTO;;POLIVALENTE;BASE;BASE;MATE;VARIACION LEVE;;NO;;4;PEI IV;CLASE 0;;;GRUPO BIa;GL Esmaltado;;;NO;;1600-2400 N - 35-45 N/mm2;3;015.440.0135.03677;60X120(n);CATLOGO PAMESA;;;60,8;60,8;9;3696,64;60,8x60,8;BLAZE;ARGENT;https://www.pamesa.com/ERP/4.0/empresas/151/045/imagenes/t00010602/0154401353677.jpg
15;440;19;3677;0154400193677;SI;COM.GL;60,8x60,8 BLAZE CENIZA;A;SI;SI;17.7500;PGL10;PAMESA;PAMESA;F/30/04 9MM;8429991441135;;8429991773182;M2;4;1.48;30;44.40;29.70;911.00;120.00;80.00;74.00;;9.00;18/04/2019;ATRIUM;SERIE ATRIUM;GRES PORCELNICO ESMALTADO;0154400193677;;PORCELAINGLASS;BLAZE;CEMENTO;;POLIVALENTE;BASE;BASE;MATE;VARIACION LEVE;;NO;;4;PEI IV;CLASE 0;;;GRUPO BIa;GL Esmaltado;;;NO;;1600-2400 N - 35-45 N/mm2;3;015.440.0019.03677;40X60;CATLOGO PAMESA;;;60,8;60,8;9;3696,64;60,8x60,8;BLAZE;CENIZA;https://www.pamesa.com/ERP/4.0/empresas/151/045/imagenes/t00010602/0154400193677.jpg
15;440;28;3677;0154400283677;SI;COM.GL;60,8x60,8 BLAZE MARENGO;A;SI;SI;17.7500;PGL10;PAMESA;PAMESA;F/30/04 9MM;8429991441142;;8429991773182;M2;4;1.48;30;44.40;29.70;911.00;120.00;80.00;74.00;;9.00;18/04/2019;ATRIUM;SERIE ATRIUM;GRES PORCELNICO ESMALTADO;0154400283677;;PORCELAINGLASS;BLAZE;CEMENTO;;POLIVALENTE;BASE;BASE;MATE;VARIACION LEVE;;NO;;4;PEI III;CLASE 0;;;GRUPO BIa;GL Esmaltado;;;NO;;1600-2400 N - 35-45 N/mm2;3;015.440.0028.03677;90X90(N);CATLOGO PAMESA;;;60,8;60,8;9;3696,64;60,8x60,8;BLAZE;MARENGO;https://www.pamesa.com/ERP/4.0/empresas/151/045/imagenes/t00010602/0154400283677.jpg
15;440;33;3677;0154400333677;SI;COM.GL;60,8x60,8 BLAZE MARFIL;A;SI;SI;17.7500;PGL10;PAMESA;PAMESA;F/30/04 9MM;8429991441104;;8429991773182;M2;4;1.48;30;44.40;29.70;911.00;120.00;80.00;74.00;;9.00;18/04/2019;ATRIUM;SERIE ATRIUM;GRES PORCELNICO ESMALTADO;0154400333677;;PORCELAINGLASS;BLAZE;CEMENTO;;POLIVALENTE;BASE;BASE;MATE;VARIACION LEVE;;NO;;4;PEI IV;CLASE 0;;;GRUPO BIa;GL Esmaltado;;;NO;;1600-2400 N - 35-45 N/mm2;3;015.440.0033.03677;90X90(N);CATLOGO PAMESA;;;60,8;60,8;9;3696,64;60,8x60,8;BLAZE;MARFIL;https://www.pamesa.com/ERP/4.0/empresas/151/045/imagenes/t00010602/0154400333677.jpg
15;440;285;3677;0154402853677;SI;COM.GL;60,8x60,8 BLAZE TAUPE;A;SI;SI;17.7500;PGL10;PAMESA;PAMESA;F/30/04 9MM;8429991441111;;8429991773182;M2;4;1.48;30;44.40;29.70;911.00;120.00;80.00;74.00;;9.00;18/04/2019;ATRIUM;SERIE ATRIUM;GRES PORCELNICO ESMALTADO;0154402853677;;PORCELAINGLASS;BLAZE;CEMENTO;;POLIVALENTE;BASE;BASE;MATE;VARIACION LEVE;;NO;;4;PEI IV;CLASE 0;;;GRUPO BIa;GL Esmaltado;;;NO;;1600-2400 N - 35-45 N/mm2;3;015.440.0285.03677;60X120(n);CATLOGO PAMESA;;;60,8;60,8;9;3696,64;60,8x60,8;BLAZE;TAUPE;https://www.pamesa.com/ERP/4.0/empresas/151/045/imagenes/t00010602/0154402853677.jpg
15;440;135;15035;0154400024973;SI;COM.GL;60,8x60,8 EXT.BLAZE ARGENT;A;SI;SI;0.0000;PGL27;PAM-ADZ.PAMESA;PAMESA;F/30/04 9MM;8429991990695;;8429991773182;M2;4;1.48;30;44.40;29.70;911.00;120.00;80.00;74.00;;9.00;16/01/2025;PAMESA;PAMESA;GRES PORCELNICO ESMALTADO;0154400024973;;PORCELAINGLASS;BLAZE;CEMENTO;;ANTIDESLIZANTE;;BASE;MATE;;NO;NO;;;;CLASE 3;R11;C;GRUPO BIa;GL Esmaltado;;36 Low;NO;;1600-2400 N - 35-45 N/mm2;1;015.440.0135.15035;60X120(n);CATLOGO PAMESA;;;60,8;60,8;9;3696,64;60,8x60,8;EXT.BLAZE;ARGENT;https://www.pamesa.com/ERP/4.0/empresas/151/045/imagenes/t00010602/0154400024973.jpg
15;440;19;15035;0154400024970;SI;COM.GL;60,8x60,8 EXT.BLAZE CENIZA;A;SI;SI;0.0000;PGL27;PAM-ADZ.PAMESA;PAMESA;F/30/04 9MM;8429991990664;;8429991773182;M2;4;1.48;30;44.40;29.70;911.00;120.00;80.00;74.00;;9.00;16/01/2025;PAMESA;PAMESA;GRES PORCELNICO ESMALTADO;0154400024970;;PORCELAINGLASS;BLAZE;CEMENTO;;ANTIDESLIZANTE;;BASE;MATE;;NO;NO;;;;CLASE 3;R11;C;GRUPO BIa;GL Esmaltado;;36 Low;NO;;1600-2400 N - 35-45 N/mm2;1;015.440.0019.15035;30,3X61,3;CATLOGO PAMESA;;;60,8;60,8;9;3696,64;60,8x60,8;EXT.BLAZE;CENIZA;https://www.pamesa.com/ERP/4.0/empresas/151/045/imagenes/t00010602/0154400024970.jpg
15;440;33;15035;0154400024971;SI;COM.GL;60,8x60,8 EXT.BLAZE MARFIL;A;SI;SI;0.0000;PGL27;PAM-ADZ.PAMESA;PAMESA;F/30/04 9MM;8429991990688;;8429991773182;M2;4;1.48;30;44.40;29.70;911.00;120.00;80.00;74.00;;9.00;16/01/2025;PAMESA;PAMESA;GRES PORCELNICO ESMALTADO;0154400024971;;PORCELAINGLASS;BLAZE;CEMENTO;;ANTIDESLIZANTE;;BASE;MATE;;NO;NO;;;;CLASE 3;R11;C;GRUPO BIa;GL Esmaltado;;36 Low;NO;;1600-2400 N - 35-45 N/mm2;1;015.440.0033.15035;60X120(n);CATLOGO PAMESA;;;60,8;60,8;9;3696,64;60,8x60,8;EXT.BLAZE;MARFIL;https://www.pamesa.com/ERP/4.0/empresas/151/045/imagenes/t00010602/0154400024971.jpg
17;840;135;3677;0178401353677;SI;REC.GLASS;60x60 BLAZE ARGENT;A;SI;SI;19.0000;PGL12;PAMESA;PAMESA;F/30/04 9MM;8429991587727;;8429991773199;M2;4;1.44;30;43.20;29.75;912.50;120.00;80.00;73.50;;9.00;18/08/2020;ATRIUM;SERIE ATRIUM;GRES PORCELNICO ESMALTADO;0178401353677;;PORCELAINGLASS;BLAZE;CEMENTO;;POLIVALENTE;BASE;BASE;MATE RECTIFICADO;VARIACION LEVE;;NO;;;PEI IV;CLASE 0;;;GRUPO BIa;GL Esmaltado;;;NO;;1600-2400 N - 35-45 N/mm2;3;017.840.0135.03677;30x60 (C);CATLOGO PAMESA;;;60;60;9;3600;60x60;BLAZE;ARGENT;https://www.pamesa.com/ERP/4.0/empresas/151/045/imagenes/t00010602/0178401353677.jpg
17;840;19;3677;0178400193677;SI;REC.GLASS;60x60 BLAZE CENIZA;A;SI;SI;19.0000;PGL12;PAMESA;PAMESA;F/30/04 9MM;8429991625832;;8429991773199;M2;4;1.44;30;43.20;29.75;912.50;120.00;80.00;73.50;;9.00;11/03/2021;ATRIUM;SERIE ATRIUM;GRES PORCELNICO ESMALTADO;0178400193677;;PORCELAINGLASS;BLAZE;CEMENTO;;POLIVALENTE;BASE;BASE;MATE RECTIFICADO;VARIACION LEVE;;NO;;;PEI IV;CLASE 0;;;GRUPO BIa;GL Esmaltado;;;NO;;1600-2400 N - 35-45 N/mm2;3;017.840.0019.03677;120X120;CATLOGO PAMESA;;;60;60;9;3600;60x60;BLAZE;CENIZA;https://www.pamesa.com/ERP/4.0/empresas/151/045/imagenes/t00010602/0178400193677.jpg
17;840;28;3677;0178400283677;SI;REC.GLASS;60x60 BLAZE MARENGO;A;SI;SI;19.0000;PGL12;PAMESA;PAMESA;F/30/04 9MM;8429991625849;;8429991773199;M2;4;1.44;30;43.20;29.75;912.50;120.00;80.00;73.50;;9.00;11/03/2021;ATRIUM;SERIE ATRIUM;GRES PORCELNICO ESMALTADO;0178400283677;;PORCELAINGLASS;BLAZE;CEMENTO;;POLIVALENTE;BASE;BASE;MATE RECTIFICADO;VARIACION LEVE;;NO;;;PEI III;CLASE 0;;;GRUPO BIa;GL Esmaltado;;;NO;;1600-2400 N - 35-45 N/mm2;3;017.840.0028.03677;90X90(N);CATLOGO PAMESA;;;60;60;9;3600;60x60;BLAZE;MARENGO;https://www.pamesa.com/ERP/4.0/empresas/151/045/imagenes/t00010602/0178400283677.jpg
17;840;33;3677;0178400333677;SI;REC.GLASS;60x60 BLAZE MARFIL;A;SI;SI;19.0000;PGL12;PAMESA;PAMESA;F/30/04 9MM;8429991587710;;8429991773199;M2;4;1.44;30;43.20;29.75;912.50;120.00;80.00;73.50;;9.00;18/08/2020;ATRIUM;SERIE ATRIUM;GRES PORCELNICO ESMALTADO;0178400333677;;PORCELAINGLASS;BLAZE;CEMENTO;;POLIVALENTE;BASE;BASE;MATE RECTIFICADO;VARIACION LEVE;;NO;;;PEI IV;CLASE 0;;;GRUPO BIa;GL Esmaltado;;;NO;;1600-2400 N - 35-45 N/mm2;3;017.840.0033.03677;60X120 RF;CATLOGO PAMESA;;;60;60;9;3600;60x60;BLAZE;MARFIL;https://www.pamesa.com/ERP/4.0/empresas/151/045/imagenes/t00010602/0178400333677.jpg
17;840;285;3677;0178402853677;SI;REC.GLASS;60x60 BLAZE TAUPE;A;SI;SI;19.0000;PGL12;PAMESA;PAMESA;F/30/04 9MM;8429991625856;;8429991773199;M2;4;1.44;30;43.20;29.75;912.50;120.00;80.00;73.50;;9.00;11/03/2021;ATRIUM;SERIE ATRIUM;GRES PORCELNICO ESMALTADO;0178402853677;;PORCELAINGLASS;BLAZE;CEMENTO;;POLIVALENTE;BASE;BASE;MATE RECTIFICADO;VARIACION LEVE;;NO;;;PEI IV;CLASE 0;;;GRUPO BIa;GL Esmaltado;;;NO;;1600-2400 N - 35-45 N/mm2;3;017.840.0285.03677;60X120 RF;CATLOGO PAMESA;;;60;60;9;3600;60x60;BLAZE;TAUPE;https://www.pamesa.com/ERP/4.0/empresas/151/045/imagenes/t00010602/0178402853677.jpg
15;722;135;3677;0157221353677;SI;COM.GL;30,3x61,3 BLAZE ARGENT;A;SI;SI;17.7500;PGL04;PAMESA;PAMESA;F/40/07;8429991441074;;8429991773182;M2;7;1.30;40;52.00;25.00;1,020.00;120.00;80.00;74.50;5;9.00;17/04/2019;ATRIUM;SERIE ATRIUM;GRES PORCELNICO ESMALTADO;0157221353677;;PORCELAINGLASS;BLAZE;CEMENTO;;POLIVALENTE;BASE;BASE;MATE;VARIACION LEVE;;NO;;8;PEI IV;CLASE 0;;;GRUPO BIa;GL Esmaltado;;;NO;;1600-2400 N - 35-45 N/mm2;3;015.722.0135.03677;60x60;CATLOGO PAMESA;;;30,3;61,3;9;1857,39;30,3x61,3;BLAZE;ARGENT;https://www.pamesa.com/ERP/4.0/empresas/151/045/imagenes/t00010602/0157221353677.jpg
15;722;19;3677;0157220193677;SI;COM.GL;30,3x61,3 BLAZE CENIZA;A;SI;SI;17.7500;PGL04;PAMESA;PAMESA;F/40/07;8429991441081;;8429991773182;M2;7;1.30;40;52.00;25.00;1,020.00;120.00;80.00;74.50;5;9.00;17/04/2019;ATRIUM;SERIE ATRIUM;GRES PORCELNICO ESMALTADO;0157220193677;;PORCELAINGLASS;BLAZE;CEMENTO;;POLIVALENTE;BASE;BASE;MATE;VARIACION LEVE;;NO;;8;PEI IV;CLASE 0;;;GRUPO BIa;GL Esmaltado;;;NO;;1600-2400 N - 35-45 N/mm2;3;015.722.0019.03677;60x60;CATLOGO PAMESA;;;30,3;61,3;9;1857,39;30,3x61,3;BLAZE;CENIZA;https://www.pamesa.com/ERP/4.0/empresas/151/045/imagenes/t00010602/0157220193677.jpg
15;722;28;3677;0157220283677;SI;COM.GL;30,3x61,3 BLAZE MARENGO;A;SI;SI;17.7500;PGL04;PAMESA;PAMESA;F/40/07;8429991441098;;8429991773182;M2;7;1.30;40;52.00;25.00;1,020.00;120.00;80.00;74.50;5;9.00;17/04/2019;ATRIUM;SERIE ATRIUM;GRES PORCELNICO ESMALTADO;0157220283677;;PORCELAINGLASS;BLAZE;CEMENTO;;POLIVALENTE;BASE;BASE;MATE;VARIACION LEVE;;NO;;8;PEI III;CLASE 0;;;GRUPO BIa;GL Esmaltado;;;NO;;1600-2400 N - 35-45 N/mm2;3;015.722.0028.03677;30,3X61,3;CATLOGO PAMESA;;;30,3;61,3;9;1857,39;30,3x61,3;BLAZE;MARENGO;https://www.pamesa.com/ERP/4.0/empresas/151/045/imagenes/t00010602/0157220283677.jpg
15;722;33;3677;0157220333677;SI;COM.GL;30,3x61,3 BLAZE MARFIL;A;SI;SI;17.7500;PGL04;PAMESA;PAMESA;F/40/07;8429991441050;;8429991773182;M2;7;1.30;40;52.00;25.00;1,020.00;120.00;80.00;74.50;5;9.00;17/04/2019;ATRIUM;SERIE ATRIUM;GRES PORCELNICO ESMALTADO;0157220333677;;PORCELAINGLASS;BLAZE;CEMENTO;;POLIVALENTE;BASE;BASE;MATE;VARIACION LEVE;;NO;;8;PEI IV;CLASE 0;;;GRUPO BIa;GL Esmaltado;;;NO;;1600-2400 N - 35-45 N/mm2;3;015.722.0033.03677;30,3X61,3;CATLOGO PAMESA;;;30,3;61,3;9;1857,39;30,3x61,3;BLAZE;MARFIL;https://www.pamesa.com/ERP/4.0/empresas/151/045/imagenes/t00010602/0157220333677.jpg
15;722;285;3677;0157222853677;SI;COM.GL;30,3x61,3 BLAZE TAUPE;A;SI;SI;17.7500;PGL04;PAMESA;PAMESA;F/40/07;8429991441067;;8429991773182;M2;7;1.30;40;52.00;25.00;1,020.00;120.00;80.00;74.50;5;9.00;17/04/2019;ATRIUM;SERIE ATRIUM;GRES PORCELNICO ESMALTADO;0157222853677;;PORCELAINGLASS;BLAZE;CEMENTO;;POLIVALENTE;BASE;BASE;MATE;VARIACION LEVE;;NO;;8;PEI IV;CLASE 0;;;GRUPO BIa;GL Esmaltado;;;NO;;1600-2400 N - 35-45 N/mm2;3;015.722.0285.03677;60X120(n);CATLOGO PAMESA;;;30,3;61,3;9;1857,39;30,3x61,3;BLAZE;TAUPE;https://www.pamesa.com/ERP/4.0/empresas/151/045/imagenes/t00010602/0157222853677.jpg
15;722;135;15035;0157220024973;SI;COM.GL;30,3x61,3 EXT.BLAZE ARGENT;A;SI;SI;0.0000;PGL30;PAM-ADZ.PAMESA;PAMESA;F/40/07;8429991990657;;8429991773182;M2;7;1.30;40;52.00;25.00;1,020.00;120.00;80.00;74.50;5;9.00;16/01/2025;PAMESA;PAMESA;GRES PORCELNICO ESMALTADO;0157220024973;;PORCELAINGLASS;BLAZE;CEMENTO;;ANTIDESLIZANTE;;BASE;MATE;;NO;NO;;;;CLASE 3;R11;C;GRUPO BIa;GL Esmaltado;;36 Low;NO;;>10000 N - 35-45 N/mm2;1;015.722.0135.15035;30x30(7)Malla;CATLOGO PAMESA;;;30,3;61,3;9;1857,39;30,3x61,3;EXT.BLAZE;ARGENT;https://www.pamesa.com/ERP/4.0/empresas/151/045/imagenes/t00010602/0157220024973.jpg
15;722;19;15035;0157220024970;SI;COM.GL;30,3x61,3 EXT.BLAZE CENIZA;A;SI;SI;0.0000;PGL30;PAM-ADZ.PAMESA;PAMESA;F/40/07;8429991990633;;8429991773182;M2;7;1.30;40;52.00;25.00;1,020.00;120.00;80.00;74.50;5;9.00;16/01/2025;PAMESA;PAMESA;GRES PORCELNICO ESMALTADO;0157220024970;;PORCELAINGLASS;BLAZE;CEMENTO;;ANTIDESLIZANTE;;BASE;MATE;;NO;NO;;;;CLASE 3;R11;C;GRUPO BIa;GL Esmaltado;;36 Low;NO;;>10000 N - 35-45 N/mm2;1;015.722.0019.15035;30,3X61,3;CATLOGO PAMESA;;;30,3;61,3;9;1857,39;30,3x61,3;EXT.BLAZE;CENIZA;https://www.pamesa.com/ERP/4.0/empresas/151/045/imagenes/t00010602/0157220024970.jpg
15;722;33;15035;0157220024971;SI;COM.GL;30,3x61,3 EXT.BLAZE MARFIL;A;SI;SI;0.0000;PGL30;PAM-ADZ.PAMESA;PAMESA;F/40/07;8429991990640;;8429991773182;M2;7;1.30;40;52.00;25.00;1,020.00;120.00;80.00;74.50;5;9.00;16/01/2025;PAMESA;PAMESA;GRES PORCELNICO ESMALTADO;0157220024971;;PORCELAINGLASS;BLAZE;CEMENTO;;ANTIDESLIZANTE;;BASE;MATE;;NO;NO;;;;CLASE 3;R11;C;GRUPO BIa;GL Esmaltado;;36 Low;NO;;>10000 N - 35-45 N/mm2;1;015.722.0033.15035;100X100;CATLOGO PAMESA;;;30,3;61,3;9;1857,39;30,3x61,3;EXT.BLAZE;MARFIL;https://www.pamesa.com/ERP/4.0/empresas/151/045/imagenes/t00010602/0157220024971.jpg
17;10;7;14629;0170100023792;SI;REC.GLASS;100x100 BOGART BEIGE;A;SI;SI;0.0000;PGL31;PAMESA;PAMESA;27/27/02;8429991993306;;8429991773199;M2;2;2.00;27;54.00;41.15;1,133.05;107.00;107.00;77.00;;;23/01/2025;PAMESA;PAMESA;GRES PORCELNICO ESMALTADO;0170100023792;;PORCELAINGLASS;BOGART;CEMENTO;;POLIVALENTE;BASE;BASE;MATE RECTIFICADO;VARIACION LEVE;NO;NO;;;;CLASE 1;R9;;GRUPO BIa;GL Esmaltado;;;NO;;1600-2400 N - 35-45 N/mm2;1;017.010.0007.14629;60x60;CATLOGO PAMESA;;;100;100;9;10000;100x100;BOGART;BEIGE;https://www.pamesa.com/ERP/4.0/empresas/151/045/imagenes/t00010602/0170100023792.jpg
17;10;12;14629;0170100023795;SI;REC.GLASS;100x100 BOGART BLANCO;A;SI;SI;0.0000;PGL31;PAMESA;PAMESA;27/27/02;8429991993283;;8429991773199;M2;2;2.00;27;54.00;41.15;1,133.05;107.00;107.00;77.00;;;23/01/2025;PAMESA;PAMESA;GRES PORCELNICO ESMALTADO;0170100023795;;PORCELAINGLASS;BOGART;CEMENTO;;POLIVALENTE;BASE;BASE;MATE RECTIFICADO;VARIACION LEVE;NO;NO;;;;CLASE 1;R9;;GRUPO BIa;GL Esmaltado;;;NO;;1600-2400 N - 35-45 N/mm2;1;017.010.0012.14629;100X100;CATLOGO PAMESA;;;100;100;9;10000;100x100;BOGART;BLANCO;https://www.pamesa.com/ERP/4.0/empresas/151/045/imagenes/t00010602/0170100023795.jpg
17;10;33;14629;0170100023790;SI;REC.GLASS;100x100 BOGART MARFIL;A;SI;SI;0.0000;PGL31;PAMESA;PAMESA;27/27/02;8429991993290;;8429991773199;M2;2;2.00;27;54.00;41.15;1,133.05;107.00;107.00;77.00;;;23/01/2025;PAMESA;PAMESA;GRES PORCELNICO ESMALTADO;0170100023790;;PORCELAINGLASS;BOGART;CEMENTO;;POLIVALENTE;BASE;BASE;MATE RECTIFICADO;VARIACION LEVE;NO;NO;;;;CLASE 1;R9;;GRUPO BIa;GL Esmaltado;;;NO;;1600-2400 N - 35-45 N/mm2;1;017.010.0033.14629;60X120(n);CATLOGO PAMESA;;;100;100;9;10000;100x100;BOGART;MARFIL;https://www.pamesa.com/ERP/4.0/empresas/151/045/imagenes/t00010602/0170100023790.jpg
17;10;285;14629;0170100023794;SI;REC.GLASS;100x100 BOGART TAUPE;A;SI;SI;0.0000;PGL31;PAMESA;PAMESA;27/27/02;8429991993313;;8429991773199;M2;2;2.00;27;54.00;41.15;1,133.05;107.00;107.00;77.00;;;23/01/2025;PAMESA;PAMESA;GRES PORCELNICO ESMALTADO;0170100023794;;PORCELAINGLASS;BOGART;CEMENTO;;POLIVALENTE;BASE;BASE;MATE RECTIFICADO;VARIACION LEVE;NO;NO;;;;CLASE 1;R9;;GRUPO BIa;GL Esmaltado;;;NO;;1600-2400 N - 35-45 N/mm2;1;017.010.0285.14629;60X120(n);CATLOGO PAMESA;;;100;100;9;10000;100x100;BOGART;TAUPE;https://www.pamesa.com/ERP/4.0/empresas/151/045/imagenes/t00010602/0170100023794.jpg
17;250;7;14629;0172500023792;SI;REC.GLASS;60x120(n) BOGART BEIGE;A;SI;SI;0.0000;PGL16;PAMESA;PAMESA;L/36/02 RF;8429991957261;;8429991773199;M2;2;1.44;36;51.84;28.62;1,055.32;122.00;84.00;73.50;;;06/08/2024;PAMESA;PAMESA;GRES PORCELNICO ESMALTADO;0172500023792;;PORCELAINGLASS;BOGART;CEMENTO;;POLIVALENTE;BASE;BASE;MATE RECTIFICADO;VARIACION LEVE;NO;NO;NO;;;CLASE 1;R9;;GRUPO BIa;GL Esmaltado;;;NO;;1600-2400 N - 35-45 N/mm2;1;017.250.0007.14629;90X90(N);CATLOGO PAMESA;;;60;120;9;7200;60x120;BOGART;BEIGE;https://www.pamesa.com/ERP/4.0/empresas/151/045/imagenes/t00010602/0172500023792.jpg
17;250;12;14629;0172500023795;SI;REC.GLASS;60x120(n) BOGART BLANCO;A;SI;SI;0.0000;PGL16;PAMESA;PAMESA;L/36/02 RF;8429991957278;;8429991773199;M2;2;1.44;36;51.84;28.62;1,055.32;122.00;84.00;73.50;;;06/08/2024;PAMESA;PAMESA;GRES PORCELNICO ESMALTADO;0172500023795;;PORCELAINGLASS;BOGART;CEMENTO;;POLIVALENTE;BASE;BASE;MATE RECTIFICADO;VARIACION LEVE;NO;NO;NO;;;CLASE 1;R9;;GRUPO BIa;GL Esmaltado;;;NO;;1600-2400 N - 35-45 N/mm2;1;017.250.0012.14629;60x60;CATLOGO PAMESA;;;60;120;9;7200;60x120;BOGART;BLANCO;https://www.pamesa.com/ERP/4.0/empresas/151/045/imagenes/t00010602/0172500023795.jpg
17;250;33;14629;0172500023790;SI;REC.GLASS;60x120(n) BOGART MARFIL;A;SI;SI;0.0000;PGL16;PAMESA;PAMESA;L/36/02 RF;8429991957285;;8429991773199;M2;2;1.44;36;51.84;28.62;1,055.32;122.00;84.00;73.50;;;06/08/2024;PAMESA;PAMESA;GRES PORCELNICO ESMALTADO;0172500023790;;PORCELAINGLASS;BOGART;CEMENTO;;POLIVALENTE;BASE;BASE;MATE RECTIFICADO;VARIACION LEVE;NO;NO;NO;;;CLASE 1;R9;;GRUPO BIa;GL Esmaltado;;;NO;;1600-2400 N - 35-45 N/mm2;1;017.250.0033.14629;60X120(n);CATLOGO PAMESA;;;60;120;9;7200;60x120;BOGART;MARFIL;https://www.pamesa.com/ERP/4.0/empresas/151/045/imagenes/t00010602/0172500023790.jpg
17;250;285;14629;0172500023794;SI;REC.GLASS;60x120(n) BOGART TAUPE;A;SI;SI;0.0000;PGL16;PAMESA;PAMESA;L/36/02 RF;8429991957308;;8429991773199;M2;2;1.44;36;51.84;28.62;1,055.32;122.00;84.00;73.50;;;06/08/2024;PAMESA;PAMESA;GRES PORCELNICO ESMALTADO;0172500023794;;PORCELAINGLASS;BOGART;CEMENTO;;POLIVALENTE;BASE;BASE;MATE RECTIFICADO;VARIACION LEVE;NO;NO;NO;;;CLASE 1;R9;;GRUPO BIa;GL Esmaltado;;;NO;;1600-2400 N - 35-45 N/mm2;1;017.250.0285.14629;90X90(N);CATLOGO PAMESA;;;60;120;9;7200;60x120;BOGART;TAUPE;https://www.pamesa.com/ERP/4.0/empresas/151/045/imagenes/t00010602/0172500023794.jpg
17;250;7;14826;0172500024197;SI;REC.GLASS;60x120(n) RLV.BOGART BEIGE;A;SI;SI;0.0000;PGL20;PAMESA;PAMESA;L/36/02 RF;8429991958145;;8429991773199;M2;2;1.44;36;51.84;28.62;1,055.32;122.00;84.00;73.50;;;07/08/2024;PAMESA;PAMESA;GRES PORCELNICO ESMALTADO;0172500024197;;PORCELAINGLASS;BOGART;CEMENTO;;POLIVALENTE;BASE;RLV DECORADO;MATE RECTIFICADO;VARIACION LEVE;NO;SI;NO;;;CLASE 1;R9;;GRUPO BIa;GL Esmaltado;;;NO;;1600-2400 N - 35-45 N/mm2;1;017.250.0007.14826;60X120 RF;CATLOGO PAMESA;;;60;120;9;7200;60x120;RLV.BOGART;BEIGE;https://www.pamesa.com/ERP/4.0/empresas/151/045/imagenes/t00010602/0172500024197.jpg
17;250;12;14826;0172500024198;SI;REC.GLASS;60x120(n) RLV.BOGART BLANCO;A;SI;SI;0.0000;PGL20;PAMESA;PAMESA;L/36/02 RF;8429991958152;;8429991773199;M2;2;1.44;36;51.84;28.62;1,055.32;122.00;84.00;73.50;;;07/08/2024;PAMESA;PAMESA;GRES PORCELNICO ESMALTADO;0172500024198;;PORCELAINGLASS;BOGART;CEMENTO;;POLIVALENTE;BASE;RLV DECORADO;MATE RECTIFICADO;VARIACION LEVE;NO;SI;NO;;;CLASE 1;R9;;GRUPO BIa;GL Esmaltado;;;NO;;1600-2400 N - 35-45 N/mm2;1;017.250.0012.14826;60x60;CATLOGO PAMESA;;;60;120;9;7200;60x120;RLV.BOGART;BLANCO;https://www.pamesa.com/ERP/4.0/empresas/151/045/imagenes/t00010602/0172500024198.jpg
17;250;33;14826;0172500024199;SI;REC.GLASS;60x120(n) RLV.BOGART MARFIL;A;SI;SI;0.0000;PGL20;PAMESA;PAMESA;L/36/02 RF;8429991958169;;8429991773199;M2;2;1.44;36;51.84;28.62;1,055.32;122.00;84.00;73.50;;;07/08/2024;PAMESA;PAMESA;GRES PORCELNICO ESMALTADO;0172500024199;;PORCELAINGLASS;BOGART;CEMENTO;;POLIVALENTE;BASE;RLV DECORADO;MATE RECTIFICADO;VARIACION LEVE;NO;SI;NO;;;CLASE 1;R9;;GRUPO BIa;GL Esmaltado;;;NO;;1600-2400 N - 35-45 N/mm2;1;017.250.0033.14826;60x120(N)20MM;CATLOGO PAMESA;;;60;120;9;7200;60x120;RLV.BOGART;MARFIL;https://www.pamesa.com/ERP/4.0/empresas/151/045/imagenes/t00010602/0172500024199.jpg
17;250;285;14826;0172500024205;SI;REC.GLASS;60x120(n) RLV.BOGART TAUPE;A;SI;SI;0.0000;PGL20;PAMESA;PAMESA;L/36/02 RF;8429991958183;;8429991773199;M2;2;1.44;36;51.84;28.62;1,055.32;122.00;84.00;73.50;;;07/08/2024;PAMESA;PAMESA;GRES PORCELNICO ESMALTADO;0172500024205;;PORCELAINGLASS;BOGART;CEMENTO;;POLIVALENTE;BASE;RLV DECORADO;MATE RECTIFICADO;VARIACION LEVE;NO;SI;NO;;;CLASE 1;R9;;GRUPO BIa;GL Esmaltado;;;NO;;1600-2400 N - 35-45 N/mm2;1;017.250.0285.14826;60X120 RF;CATLOGO PAMESA;;;60;120;9;7200;60x120;RLV.BOGART;TAUPE;https://www.pamesa.com/ERP/4.0/empresas/151/045/imagenes/t00010602/0172500024205.jpg
17;840;7;14629;0178400023792;SI;REC.GLASS;60x60 BOGART BEIGE;A;SI;SI;0.0000;PGL12;PAMESA;PAMESA;F/30/04 9MM;8429991969868;;8429991773199;M2;4;1.44;30;43.20;29.75;912.50;120.00;80.00;73.50;;9.00;04/10/2024;PAMESA;PAMESA;GRES PORCELNICO ESMALTADO;0178400023792;;PORCELAINGLASS;BOGART;CEMENTO;;POLIVALENTE;;BASE;MATE RECTIFICADO;VARIACION LEVE;NO;NO;;;;CLASE 1;R9;;GRUPO BIa;GL Esmaltado;;;NO;;1600-2400 N - 35-45 N/mm2;1;017.840.0007.14629;120X120;CATLOGO PAMESA;;;60;60;9;3600;60x60;BOGART;BEIGE;https://www.pamesa.com/ERP/4.0/empresas/151/045/imagenes/t00010602/0178400023792.jpg
17;840;12;14629;0178400023795;SI;REC.GLASS;60x60 BOGART BLANCO;A;SI;SI;0.0000;PGL12;PAMESA;PAMESA;F/30/04 9MM;8429991969851;;8429991773199;M2;4;1.44;30;43.20;29.75;912.50;120.00;80.00;73.50;;9.00;04/10/2024;PAMESA;PAMESA;GRES PORCELNICO ESMALTADO;0178400023795;;PORCELAINGLASS;BOGART;CEMENTO;;POLIVALENTE;;BASE;MATE RECTIFICADO;VARIACION LEVE;NO;NO;;;;CLASE 1;R9;;GRUPO BIa;GL Esmaltado;;;NO;;1600-2400 N - 35-45 N/mm2;1;017.840.0012.14629;90X90N(20MM);CATLOGO PAMESA;;;60;60;9;3600;60x60;BOGART;BLANCO;https://www.pamesa.com/ERP/4.0/empresas/151/045/imagenes/t00010602/0178400023795.jpg
17;840;33;14629;0178400023790;SI;REC.GLASS;60x60 BOGART MARFIL;A;SI;SI;0.0000;PGL12;PAMESA;PAMESA;F/30/04 9MM;8429991969875;;8429991773199;M2;4;1.44;30;43.20;29.75;912.50;120.00;80.00;73.50;;9.00;04/10/2024;PAMESA;PAMESA;GRES PORCELNICO ESMALTADO;0178400023790;;PORCELAINGLASS;BOGART;CEMENTO;;POLIVALENTE;;BASE;MATE RECTIFICADO;VARIACION LEVE;NO;NO;;;;CLASE 1;R9;;GRUPO BIa;GL Esmaltado;;;NO;;1600-2400 N - 35-45 N/mm2;1;017.840.0033.14629;60x60;CATLOGO PAMESA;;;60;60;9;3600;60x60;BOGART;MARFIL;https://www.pamesa.com/ERP/4.0/empresas/151/045/imagenes/t00010602/0178400023790.jpg
17;840;285;14629;0178400023794;SI;REC.GLASS;60x60 BOGART TAUPE;A;SI;SI;0.0000;PGL12;PAMESA;PAMESA;F/30/04 9MM;8429991969882;;8429991773199;M2;4;1.44;30;43.20;29.75;912.50;120.00;80.00;73.50;;9.00;04/10/2024;PAMESA;PAMESA;GRES PORCELNICO ESMALTADO;0178400023794;;PORCELAINGLASS;BOGART;CEMENTO;;POLIVALENTE;;BASE;MATE RECTIFICADO;VARIACION LEVE;NO;NO;;;;CLASE 1;R9;;GRUPO BIa;GL Esmaltado;;;NO;;1600-2400 N - 35-45 N/mm2;1;017.840.0285.14629;60X120 RF;CATLOGO PAMESA;;;60;60;9;3600;60x60;BOGART;TAUPE;https://www.pamesa.com/ERP/4.0/empresas/151/045/imagenes/t00010602/0178400023794.jpg
25;590;7;14629;0255900023792;SI;PZ.ESP COM-GLAS;30x30(7)Malla BOGART BEIGE;A;SI;SI;57.7500;MOS7;PAMESA;PAMESA;E/42/11;8429991962852;;;M2;11;1.00;42;42.00;23.10;990.20;120.00;80.00;;;;06/09/2024;PAMESA;PAMESA;GRES PORCELNICO ESMALTADO;0255900023792;;PORCELAINGLASS;BOGART;CEMENTO;;POLIVALENTE;MALLA;MOSAICO;MATE RECTIFICADO;VARIACION LEVE;NO;NO;NO;;;CLASE 1;R9;;GRUPO BIa;GL Esmaltado;;;NO;;;1;025.590.0007.14629;45X45;CATLOGO PAMESA;;;30;30;0;900;30x30;BOGART;BEIGE;https://www.pamesa.com/ERP/4.0/empresas/151/045/imagenes/t00010602/0255900023792.jpg
25;590;12;14629;0255900023795;SI;PZ.ESP COM-GLAS;30x30(7)Malla BOGART BLANCO;A;SI;SI;57.7500;MOS7;PAMESA;PAMESA;E/42/11;8429991962869;;;M2;11;1.00;42;42.00;23.10;990.20;120.00;80.00;;;;06/09/2024;PAMESA;PAMESA;GRES PORCELNICO ESMALTADO;0255900023795;;PORCELAINGLASS;BOGART;CEMENTO;;POLIVALENTE;MALLA;MOSAICO;MATE RECTIFICADO;VARIACION LEVE;NO;NO;NO;;;CLASE 1;R9;;GRUPO BIa;GL Esmaltado;;;NO;;;1;025.590.0012.14629;100x100(N)20MM;CATLOGO PAMESA;;;30;30;0;900;30x30;BOGART;BLANCO;https://www.pamesa.com/ERP/4.0/empresas/151/045/imagenes/t00010602/0255900023795.jpg
25;590;33;14629;0255900023790;SI;PZ.ESP COM-GLAS;30x30(7)Malla BOGART MARFIL;A;SI;SI;57.7500;MOS7;PAMESA;PAMESA;E/42/11;8429991962876;;;M2;11;1.00;42;42.00;23.10;990.20;120.00;80.00;;;;06/09/2024;PAMESA;PAMESA;GRES PORCELNICO ESMALTADO;0255900023790;;PORCELAINGLASS;BOGART;CEMENTO;;POLIVALENTE;MALLA;MOSAICO;MATE RECTIFICADO;VARIACION LEVE;NO;NO;NO;;;CLASE 1;R9;;GRUPO BIa;GL Esmaltado;;;NO;;;1;025.590.0033.14629;60x120(N)20MM;CATLOGO PAMESA;;;30;30;0;900;30x30;BOGART;MARFIL;https://www.pamesa.com/ERP/4.0/empresas/151/045/imagenes/t00010602/0255900023790.jpg
25;590;285;14629;0255900023794;SI;PZ.ESP COM-GLAS;30x30(7)Malla BOGART TAUPE;A;SI;SI;57.7500;MOS7;PAMESA;PAMESA;E/42/11;8429991962890;;;M2;11;1.00;42;42.00;23.10;990.20;120.00;80.00;;;;06/09/2024;PAMESA;PAMESA;GRES PORCELNICO ESMALTADO;0255900023794;;PORCELAINGLASS;BOGART;CEMENTO;;POLIVALENTE;MALLA;MOSAICO;MATE RECTIFICADO;VARIACION LEVE;NO;NO;NO;;;CLASE 1;R9;;GRUPO BIa;GL Esmaltado;;;NO;;;1;025.590.0285.14629;30X30 (5)MALLA;CATLOGO PAMESA;;;30;30;0;900;30x30;BOGART;TAUPE;https://www.pamesa.com/ERP/4.0/empresas/151/045/imagenes/t00010602/0255900023794.jpg
17;250;12;4079;0172500124079;SI;REC.GLASS;60x120(n) AT.MATE BLANCO;A;SI;SI;21.7500;PGL16;ATRIUM;PAMESA;L/36/02 RF;;;8429991773335;M2;2;1.44;36;51.84;28.62;1,055.32;122.00;84.00;73.50;;;07/07/2020;ATRIUM;SERIE ATRIUM;GRES PORCELNICO ESMALTADO;0172500124079;;PORCELAINGLASS;BRILLO-MATE;BASICO;;POLIVALENTE;;BASE;MATE RECTIFICADO;ASPECTO UNIFORME;;NO;;;PEI IV;CLASE 1;;;GRUPO BIa;GL Esmaltado;;;NO;;1600-2400 N - 35-45 N/mm2;3;017.250.0012.04079;60X120 RF;CATLOGO PAMESA;;;60;120;9;7200;60x120;AT.MATE;BLANCO;https://www.pamesa.com/ERP/4.0/empresas/151/045/imagenes/t00010602/0172500124079.jpg
17;250;12;4078;0172500124078;SI;REC.GLASS;60x120(n) BRILLO BLANCO;A;SI;SI;22.7500;PGL15;PAMESA;PAMESA;L/36/02 RF;8429991906658;;8429991773274;M2;2;1.44;36;51.84;28.62;1,055.32;122.00;84.00;73.50;;;18/03/2024;ATRIUM;SERIE ATRIUM;GRES PORCELNICO ESMALTADO;0172500124078;;PORCELAINGLASS;BRILLO-MATE;BASICO;;POLIVALENTE;;BASE;BRILLO RECTIFICADO;ASPECTO UNIFORME;;NO;;;;CLASE 0;;;GRUPO BIb;GL Esmaltado;;;NO;;1600-2400 N - 35-45 N/mm2;3;017.250.0012.04078;60X120 RF;CATLOGO PAMESA;;;60;120;9;7200;60x120;BRILLO;BLANCO;https://www.pamesa.com/ERP/4.0/empresas/151/045/imagenes/t00010602/0172500124078.jpg
15;440;12;4079;0154400124079;SI;COM.GL;60,8x60,8 AT.MATE BLANCO;A;SI;SI;17.7500;PGL10;ATRIUM;PAMESA;F/30/04 9MM;;;8429991773328;M2;4;1.48;30;44.40;29.70;911.00;120.00;80.00;74.00;;9.00;23/01/2020;PAMESA;PAMESA;GRES PORCELNICO ESMALTADO;0154400124079;;PORCELAINGLASS;BRILLO-MATE;BASICO;;POLIVALENTE;BASE;BASE;MATE;ASPECTO UNIFORME;;NO;;;PEI IV;CLASE 1;;;GRUPO BIa;GL Esmaltado;;;NO;;1600-2400 N - 35-45 N/mm2;1;015.440.0012.04079;60X120(n);CATLOGO PAMESA;;;60,8;60,8;9;3696,64;60,8x60,8;AT.MATE;BLANCO;https://www.pamesa.com/ERP/4.0/empresas/151/045/imagenes/t00010602/0154400124079.jpg
15;440;12;4078;0154400124078;SI;COM.GL;60,8x60,8 BRILLO BLANCO;A;SI;SI;18.2500;PGL09;PAMESA;PAMESA;F/30/04 9MM;8429991497071;;8429991773250;M2;4;1.48;30;44.40;29.70;911.00;120.00;80.00;74.00;;9.00;23/01/2020;ATRIUM;SERIE ATRIUM;GRES PORCELNICO ESMALTADO;0154400124078;;PORCELAINGLASS;BRILLO-MATE;BASICO;;POLIVALENTE;BASE;BASE;BRILLO;ASPECTO UNIFORME;;NO;;;PEI IV;CLASE 0;;;GRUPO BIb;GL Esmaltado;;;NO;;1600-2400 N - 30-40 N/mm2;3;015.440.0012.04078;60X120(n);CATLOGO PAMESA;;;60,8;60,8;9;3696,64;60,8x60,8;BRILLO;BLANCO;https://www.pamesa.com/ERP/4.0/empresas/151/045/imagenes/t00010602/0154400124078.jpg
15;440;12;5018;0154400033815;SI;COM.GL;60,8x60,8 MATE BLANCO;A;SI;SI;0.0000;PGL10;PAMESA;PAMESA;F/30/04 9MM;8429991497088;;8429991773182;M2;4;1.48;30;44.40;29.70;911.00;120.00;80.00;74.00;;9.00;08/07/2025;PAMESA;PAMESA;GRES PORCELNICO ESMALTADO;0154400033815;;PORCELAINGLASS;BRILLO-MATE;BASICO;;POLIVALENTE;BASE;BASE;MATE;ASPECTO UNIFORME;;NO;;;;CLASE 1;;;GRUPO BIa;GL Esmaltado;;;NO;;1600-2400 N - 35-45 N/mm2;1;015.440.0012.05018;60X120(n);CATLOGO PAMESA;;;60,8;60,8;9;3696,64;60,8x60,8;MATE;BLANCO;https://www.pamesa.com/ERP/4.0/empresas/151/045/imagenes/t00010602/0154400033815.jpg
17;840;12;4078;0178400124078;SI;REC.GLASS;60x60 BRILLO BLANCO;A;SI;SI;19.5000;PGL11;PAMESA;PAMESA;F/30/04 9MM;8429991508692;;8429991773274;M2;4;1.44;30;43.20;29.75;912.50;120.00;80.00;73.50;;9.00;24/02/2020;ATRIUM;SERIE ATRIUM;GRES PORCELNICO ESMALTADO;0178400124078;;PORCELAINGLASS;BRILLO-MATE;BASICO;;POLIVALENTE;BASE;BASE;BRILLO RECTIFICADO;ASPECTO UNIFORME;;NO;;;PEI IV;CLASE 0;;;GRUPO BIb;GL Esmaltado;;;NO;;1600-2400 N - 30-40 N/mm2;3;017.840.0012.04078;90X90N(20MM);CATLOGO PAMESA;;;60;60;9;3600;60x60;BRILLO;BLANCO;https://www.pamesa.com/ERP/4.0/empresas/151/045/imagenes/t00010602/0178400124078.jpg
17;840;12;5018;0178400033818;SI;REC.GLASS;60x60 MATE BLANCO;A;SI;SI;0.0000;PGL12;PAMESA;PAMESA;F/30/04 9MM;8429991508708;;8429991773199;M2;4;1.44;30;43.20;29.75;912.50;120.00;80.00;73.50;;9.00;08/07/2025;PAMESA;PAMESA;GRES PORCELNICO ESMALTADO;0178400033818;;PORCELAINGLASS;BRILLO-MATE;BASICO;;POLIVALENTE;BASE;BASE;MATE RECTIFICADO;ASPECTO UNIFORME;;NO;;;;CLASE 1;;;GRUPO BIa;GL Esmaltado;;;NO;;1600-2400 N - 35-45 N/mm2;1;017.840.0012.05018;90X90(N);CATLOGO PAMESA;;;60;60;9;3600;60x60;MATE;BLANCO;https://www.pamesa.com/ERP/4.0/empresas/151/045/imagenes/t00010602/0178400033818.jpg
17;250;2;13385;0172500019704;SI;REC.GLASS;60x120(n) BURLINGSTONE GRIS;A;SI;SI;21.7500;PGL16;PAMESA;PAMESA;L/36/02 RF;8429991833671;;8429991773199;M2;2;1.44;36;51.84;28.62;1,055.32;122.00;84.00;73.50;;;21/06/2023;ATRIUM;SERIE ATRIUM;GRES PORCELNICO ESMALTADO;0172500019704;;PORCELAINGLASS;BURLINGSTONE;PIEDRA;;POLIVALENTE;BASE;BASE;MATE RECTIFICADO;VARIACION MODERADA;;NO;NO;;PEI III;CLASE 1;R9;;GRUPO BIa;GL Esmaltado;;;NO;0.42;1600-2400 N - 35-45 N/mm2;3;017.250.0002.13385;120X120;CATLOGO PAMESA;;;60;120;9;7200;60x120;BURLINGSTONE;GRIS;https://www.pamesa.com/ERP/4.0/empresas/151/045/imagenes/t00010602/0172500019704.jpg
17;250;33;13385;0172500019701;SI;REC.GLASS;60x120(n) BURLINGSTONE MARFIL;A;SI;SI;21.7500;PGL16;PAMESA;PAMESA;L/36/02 RF;8429991833688;;8429991773199;M2;2;1.44;36;51.84;28.62;1,055.32;122.00;84.00;73.50;;;21/06/2023;ATRIUM;SERIE ATRIUM;GRES PORCELNICO ESMALTADO;0172500019701;;PORCELAINGLASS;BURLINGSTONE;PIEDRA;;POLIVALENTE;BASE;BASE;MATE RECTIFICADO;VARIACION MODERADA;;NO;NO;;PEI IV;CLASE 1;R9;;GRUPO BIa;GL Esmaltado;;;NO;0.42;1600-2400 N - 35-45 N/mm2;3;017.250.0033.13385;30x30(7)Malla;CATLOGO PAMESA;;;60;120;9;7200;60x120;BURLINGSTONE;MARFIL;https://www.pamesa.com/ERP/4.0/empresas/151/045/imagenes/t00010602/0172500019701.jpg
17;250;37;13385;0172500019703;SI;REC.GLASS;60x120(n) BURLINGSTONE PERLA;A;SI;SI;21.7500;PGL16;PAMESA;PAMESA;L/36/02 RF;8429991833695;;8429991773199;M2;2;1.44;36;51.84;28.62;1,055.32;122.00;84.00;73.50;;;21/06/2023;ATRIUM;SERIE ATRIUM;GRES PORCELNICO ESMALTADO;0172500019703;;PORCELAINGLASS;BURLINGSTONE;PIEDRA;;POLIVALENTE;BASE;BASE;MATE RECTIFICADO;VARIACION MODERADA;;NO;NO;;PEI III;CLASE 1;R9;;GRUPO BIa;GL Esmaltado;;;NO;0.42;1600-2400 N - 35-45 N/mm2;3;017.250.0037.13385;30x60 (C);CATLOGO PAMESA;;;60;120;9;7200;60x120;BURLINGSTONE;PERLA;https://www.pamesa.com/ERP/4.0/empresas/151/045/imagenes/t00010602/0172500019703.jpg
17;250;108;13385;0172500019702;SI;REC.GLASS;60x120(n) BURLINGSTONE WHITE;A;SI;SI;21.7500;PGL16;PAMESA;PAMESA;L/36/02 RF;8429991833701;;8429991773199;M2;2;1.44;36;51.84;28.62;1,055.32;122.00;84.00;73.50;;;21/06/2023;ATRIUM;SERIE ATRIUM;GRES PORCELNICO ESMALTADO;0172500019702;;PORCELAINGLASS;BURLINGSTONE;PIEDRA;;POLIVALENTE;BASE;BASE;MATE RECTIFICADO;VARIACION MODERADA;;NO;NO;;PEI IV;CLASE 1;R9;;GRUPO BIa;GL Esmaltado;;;NO;0.42;1600-2400 N - 35-45 N/mm2;3;017.250.0108.13385;60X60N(20MM);CATLOGO PAMESA;;;60;120;9;7200;60x120;BURLINGSTONE;WHITE;https://www.pamesa.com/ERP/4.0/empresas/151/045/imagenes/t00010602/0172500019702.jpg
17;986;2;13385;0179860019704;SI;REC.GLASS;60x90(N)20mm BURLINGSTONE GRIS;A;SI;SI;28.0000;2CM02;PAMESA;PAMESA;G/22/02;8429991817923;;8429991773199;M2;2;1.08;22;23.76;45.00;1,015.00;105.00;95.00;75.00;;20.00;14/04/2023;ATRIUM;SERIE ATRIUM;GRES PORCELNICO ESMALTADO;0179860019704;;PORCELAINGLASS;BURLINGSTONE;PIEDRA;;PAVIMENTO;BASE;BASE;MATE RECTIFICADO;VARIACION MODERADA;;NO;;;PEI III;CLASE 3;R11;C;GRUPO BIa;GL Esmaltado;;36 Low;;0.42;>8000 N - 35-45 N/mm2;3;017.986.0002.13385;60x60;CATLOGO PAMESA;;;60;90;20;5400;60x90;BURLINGSTONE;GRIS;https://www.pamesa.com/ERP/4.0/empresas/151/045/imagenes/t00010602/0179860019704.jpg
17;986;33;13385;0179860019701;SI;REC.GLASS;60x90(N)20mm BURLINGSTONE MARFIL;A;SI;SI;28.0000;2CM02;PAMESA;PAMESA;G/22/02;8429991817800;;8429991773199;M2;2;1.08;22;23.76;45.00;1,015.00;105.00;95.00;75.00;;20.00;14/04/2023;ATRIUM;SERIE ATRIUM;GRES PORCELNICO ESMALTADO;0179860019701;;PORCELAINGLASS;BURLINGSTONE;PIEDRA;;PAVIMENTO;BASE;BASE;MATE RECTIFICADO;VARIACION MODERADA;;NO;;;PEI IV;CLASE 3;R11;C;GRUPO BIa;GL Esmaltado;;36 Low;;0.42;>8000 N - 35-45 N/mm2;3;017.986.0033.13385;30x30(7)Malla;CATLOGO PAMESA;;;60;90;20;5400;60x90;BURLINGSTONE;MARFIL;https://www.pamesa.com/ERP/4.0/empresas/151/045/imagenes/t00010602/0179860019701.jpg
17;986;37;13385;0179860019703;SI;REC.GLASS;60x90(N)20mm BURLINGSTONE PERLA;A;SI;SI;28.0000;2CM02;PAMESA;PAMESA;G/22/02;8429991817886;;8429991773199;M2;2;1.08;22;23.76;45.00;1,015.00;105.00;95.00;75.00;;20.00;14/04/2023;ATRIUM;SERIE ATRIUM;GRES PORCELNICO ESMALTADO;0179860019703;;PORCELAINGLASS;BURLINGSTONE;PIEDRA;;PAVIMENTO;BASE;BASE;MATE RECTIFICADO;VARIACION MODERADA;;NO;;;PEI III;CLASE 3;R11;C;GRUPO BIa;GL Esmaltado;;36 Low;;0.42;>8000 N - 35-45 N/mm2;3;017.986.0037.13385;30x30(7)Malla;CATLOGO PAMESA;;;60;90;20;5400;60x90;BURLINGSTONE;PERLA;https://www.pamesa.com/ERP/4.0/empresas/151/045/imagenes/t00010602/0179860019703.jpg
17;986;108;13385;0179860019702;SI;REC.GLASS;60x90(N)20mm BURLINGSTONE WHITE;A;SI;SI;28.0000;2CM02;PAMESA;PAMESA;G/22/02;8429991817848;;8429991773199;M2;2;1.08;22;23.76;45.00;1,015.00;105.00;95.00;75.00;;20.00;14/04/2023;ATRIUM;SERIE ATRIUM;GRES PORCELNICO ESMALTADO;0179860019702;;PORCELAINGLASS;BURLINGSTONE;PIEDRA;;PAVIMENTO;;BASE;;VARIACION MODERADA;;NO;;;PEI IV;CLASE 3;R11;C;GRUPO BIa;GL Esmaltado;;36 Low;;0.42;>8000 N - 35-45 N/mm2;3;017.986.0108.13385;30x30(7)Malla;CATLOGO PAMESA;;;60;90;20;5400;60x90;BURLINGSTONE;WHITE;https://www.pamesa.com/ERP/4.0/empresas/151/045/imagenes/t00010602/0179860019702.jpg
17;785;2;13385;0177850019704;SI;REC.GLASS;60x60N(20mm) BURLINGSTONE GRIS;A;SI;SI;0.0000;2CM01;PAMESA;PAMESA;F/30/02;8429991954024;;8429991773199;M2;2;0.72;30;21.60;28.50;875.00;120.00;80.00;73.50;;20.00;26/07/2024;ATRIUM;SERIE ATRIUM;GRES PORCELNICO ESMALTADO;0177850019704;;PORCELAINGLASS;BURLINGSTONE;PIEDRA;;PAVIMENTO;BASE;BASE;MATE RECTIFICADO;VARIACION MODERADA;;NO;NO;;PEI III;CLASE 3;R11;C;GRUPO BIa;GL Esmaltado;;36 Low;NO;0.42;>8000 N - 35-45 N/mm2;3;017.785.0002.13385;60X60N(20MM);CATLOGO PAMESA;;;60;60;20;3600;60x60;BURLINGSTONE;GRIS;https://www.pamesa.com/ERP/4.0/empresas/151/045/imagenes/t00010602/0177850019704.jpg
17;840;2;13385;0178400019704;SI;REC.GLASS;60x60 BURLINGSTONE GRIS;A;SI;SI;19.0000;PGL12;PAMESA;PAMESA;F/30/04 9MM;8429991833756;;8429991773199;M2;4;1.44;30;43.20;29.75;912.50;120.00;80.00;73.50;;9.00;21/06/2023;ATRIUM;SERIE ATRIUM;GRES PORCELNICO ESMALTADO;0178400019704;;PORCELAINGLASS;BURLINGSTONE;PIEDRA;;POLIVALENTE;BASE;BASE;MATE RECTIFICADO;VARIACION MODERADA;;NO;NO;;PEI III;CLASE 1;R9;;GRUPO BIa;GL Esmaltado;;;NO;0.42;1600-2400 N - 35-45 N/mm2;3;017.840.0002.13385;120X280(6MM);CATLOGO PAMESA;;;60;60;9;3600;60x60;BURLINGSTONE;GRIS;https://www.pamesa.com/ERP/4.0/empresas/151/045/imagenes/t00010602/0178400019704.jpg
17;785;33;13385;0177850019701;SI;REC.GLASS;60x60N(20mm) BURLINGSTONE MARFIL;A;SI;SI;0.0000;2CM01;PAMESA;PAMESA;F/30/02;8429991954031;;8429991773199;M2;2;0.72;30;21.60;28.50;875.00;120.00;80.00;73.50;;20.00;26/07/2024;ATRIUM;SERIE ATRIUM;GRES PORCELNICO ESMALTADO;0177850019701;;PORCELAINGLASS;BURLINGSTONE;PIEDRA;;PAVIMENTO;BASE;BASE;MATE RECTIFICADO;VARIACION MODERADA;;NO;NO;;PEI IV;CLASE 3;R11;C;GRUPO BIa;GL Esmaltado;;36 Low;NO;0.42;>8000 N - 35-45 N/mm2;3;017.785.0033.13385;30x30(7)Malla;CATLOGO PAMESA;;;60;60;20;3600;60x60;BURLINGSTONE;MARFIL;https://www.pamesa.com/ERP/4.0/empresas/151/045/imagenes/t00010602/0177850019701.jpg
17;840;33;13385;0178400019701;SI;REC.GLASS;60x60 BURLINGSTONE MARFIL;A;SI;SI;19.0000;PGL12;PAMESA;PAMESA;F/30/04 9MM;8429991833763;;8429991773199;M2;4;1.44;30;43.20;29.75;912.50;120.00;80.00;73.50;;9.00;21/06/2023;ATRIUM;SERIE ATRIUM;GRES PORCELNICO ESMALTADO;0178400019701;;PORCELAINGLASS;BURLINGSTONE;PIEDRA;;POLIVALENTE;BASE;BASE;MATE RECTIFICADO;VARIACION MODERADA;;NO;NO;;PEI IV;CLASE 1;R9;;GRUPO BIa;GL Esmaltado;;;NO;0.42;1600-2400 N - 35-45 N/mm2;3;017.840.0033.13385;60X120(n);CATLOGO PAMESA;;;60;60;9;3600;60x60;BURLINGSTONE;MARFIL;https://www.pamesa.com/ERP/4.0/empresas/151/045/imagenes/t00010602/0178400019701.jpg
17;785;37;13385;0177850019703;SI;REC.GLASS;60x60N(20mm) BURLINGSTONE PERLA;A;SI;SI;0.0000;2CM01;PAMESA;PAMESA;F/30/02;8429991954048;;8429991773199;M2;2;0.72;30;21.60;28.50;875.00;120.00;80.00;73.50;;20.00;26/07/2024;ATRIUM;SERIE ATRIUM;GRES PORCELNICO ESMALTADO;0177850019703;;PORCELAINGLASS;BURLINGSTONE;PIEDRA;;PAVIMENTO;BASE;BASE;MATE RECTIFICADO;VARIACION MODERADA;;NO;NO;;PEI III;CLASE 3;R11;C;GRUPO BIa;GL Esmaltado;;36 Low;NO;0.42;>8000 N - 35-45 N/mm2;3;017.785.0037.13385;60X120 RF;CATLOGO PAMESA;;;60;60;20;3600;60x60;BURLINGSTONE;PERLA;https://www.pamesa.com/ERP/4.0/empresas/151/045/imagenes/t00010602/0177850019703.jpg
17;840;37;13385;0178400019703;SI;REC.GLASS;60x60 BURLINGSTONE PERLA;A;SI;SI;19.0000;PGL12;PAMESA;PAMESA;F/30/04 9MM;8429991833770;;8429991773199;M2;4;1.44;30;43.20;29.75;912.50;120.00;80.00;73.50;;9.00;21/06/2023;ATRIUM;SERIE ATRIUM;GRES PORCELNICO ESMALTADO;0178400019703;;PORCELAINGLASS;BURLINGSTONE;PIEDRA;;POLIVALENTE;BASE;BASE;MATE RECTIFICADO;VARIACION MODERADA;;NO;;;PEI III;CLASE 1;R9;;GRUPO BIa;GL Esmaltado;;;NO;0.42;1600-2400 N - 35-45 N/mm2;3;017.840.0037.13385;30,3X61,3;CATLOGO PAMESA;;;60;60;9;3600;60x60;BURLINGSTONE;PERLA;https://www.pamesa.com/ERP/4.0/empresas/151/045/imagenes/t00010602/0178400019703.jpg
17;785;108;13385;0177850019702;SI;REC.GLASS;60x60N(20mm) BURLINGSTONE WHITE;A;SI;SI;0.0000;2CM01;PAMESA;PAMESA;F/30/02;8429991954055;;8429991773199;M2;2;0.72;30;21.60;28.50;875.00;120.00;80.00;73.50;;20.00;26/07/2024;ATRIUM;SERIE ATRIUM;GRES PORCELNICO ESMALTADO;0177850019702;;PORCELAINGLASS;BURLINGSTONE;PIEDRA;;PAVIMENTO;BASE;BASE;MATE RECTIFICADO;VARIACION MODERADA;;NO;NO;;PEI IV;CLASE 3;R11;C;GRUPO BIa;GL Esmaltado;;36 Low;NO;0.42;>8000 N - 35-45 N/mm2;3;017.785.0108.13385;60X120(n);CATLOGO PAMESA;;;60;60;20;3600;60x60;BURLINGSTONE;WHITE;https://www.pamesa.com/ERP/4.0/empresas/151/045/imagenes/t00010602/0177850019702.jpg
17;840;108;13385;0178400019702;SI;REC.GLASS;60x60 BURLINGSTONE WHITE;A;SI;SI;19.0000;PGL12;PAMESA;PAMESA;F/30/04 9MM;8429991833787;;8429991773199;M2;4;1.44;30;43.20;29.75;912.50;120.00;80.00;73.50;;9.00;21/06/2023;ATRIUM;SERIE ATRIUM;GRES PORCELNICO ESMALTADO;0178400019702;;PORCELAINGLASS;BURLINGSTONE;PIEDRA;;POLIVALENTE;BASE;BASE;MATE RECTIFICADO;VARIACION MODERADA;;NO;NO;;PEI IV;CLASE 1;R9;;GRUPO BIa;GL Esmaltado;;;NO;0.42;1600-2400 N - 35-45 N/mm2;3;017.840.0108.13385;60X120 RF;CATLOGO PAMESA;;;60;60;9;3600;60x60;BURLINGSTONE;WHITE;https://www.pamesa.com/ERP/4.0/empresas/151/045/imagenes/t00010602/0178400019702.jpg
17;840;2;14350;0178400022687;SI;REC.GLASS;60x60 EXT.BURLINGSTONE GRIS;A;SI;SI;19.0000;PGL26;ADZ.ATRIUM;PAMESA;F/30/04 9MM;8429991899288;;8429991773335;M2;4;1.44;30;43.20;29.75;912.50;120.00;80.00;73.50;;9.00;11/03/2024;ATRIUM;SERIE ATRIUM;GRES PORCELNICO ESMALTADO;0178400022687;;PORCELAINGLASS;BURLINGSTONE;PIEDRA;;ANTIDESLIZANTE;;BASE;MATE RECTIFICADO;;NO;;;;PEI III;CLASE 3;R11;C;GRUPO BIa;GL Esmaltado;;36 Low;NO;0.42;1600-2400 N - 35-45 N/mm2;3;017.840.0002.14350;160X160;CATLOGO PAMESA;;;60;60;9;3600;60x60;EXT.BURLINGSTONE;GRIS;https://www.pamesa.com/ERP/4.0/empresas/151/045/imagenes/t00010602/0178400022687.jpg
17;840;33;14350;0178400022688;SI;REC.GLASS;60x60 EXT.BURLINGSTONE MARFIL;A;SI;SI;19.0000;PGL26;ADZ.ATRIUM;PAMESA;F/30/04 9MM;8429991899295;;8429991773335;M2;4;1.44;30;43.20;29.75;912.50;120.00;80.00;73.50;;9.00;11/03/2024;ATRIUM;SERIE ATRIUM;GRES PORCELNICO ESMALTADO;0178400022688;;PORCELAINGLASS;BURLINGSTONE;PIEDRA;;ANTIDESLIZANTE;;BASE;MATE RECTIFICADO;;NO;;;;PEI IV;CLASE 3;R11;C;GRUPO BIa;GL Esmaltado;;36 Low;NO;0.42;1600-2400 N - 35-45 N/mm2;3;017.840.0033.14350;60x60;CATLOGO PAMESA;;;60;60;9;3600;60x60;EXT.BURLINGSTONE;MARFIL;https://www.pamesa.com/ERP/4.0/empresas/151/045/imagenes/t00010602/0178400022688.jpg
17;840;37;14350;0178400022689;SI;REC.GLASS;60x60 EXT.BURLINGSTONE PERLA;A;SI;SI;19.0000;PGL26;ADZ.ATRIUM;PAMESA;F/30/04 9MM;8429991899301;;8429991773335;M2;4;1.44;30;43.20;29.75;912.50;120.00;80.00;73.50;;9.00;11/03/2024;ATRIUM;SERIE ATRIUM;GRES PORCELNICO ESMALTADO;0178400022689;;PORCELAINGLASS;BURLINGSTONE;PIEDRA;;ANTIDESLIZANTE;;BASE;MATE RECTIFICADO;;NO;;;;PEI III;CLASE 3;R11;C;GRUPO BIa;GL Esmaltado;;36 Low;NO;0.42;1600-2400 N - 35-45 N/mm2;3;017.840.0037.14350;30,3X61,3;CATLOGO PAMESA;;;60;60;9;3600;60x60;EXT.BURLINGSTONE;PERLA;https://www.pamesa.com/ERP/4.0/empresas/151/045/imagenes/t00010602/0178400022689.jpg
17;840;108;14350;0178400022690;SI;REC.GLASS;60x60 EXT.BURLINGSTONE WHITE;A;SI;SI;19.0000;PGL26;ADZ.ATRIUM;PAMESA;F/30/04 9MM;8429991899318;;8429991773335;M2;4;1.44;30;43.20;29.75;912.50;120.00;80.00;73.50;;9.00;11/03/2024;ATRIUM;SERIE ATRIUM;GRES PORCELNICO ESMALTADO;0178400022690;;PORCELAINGLASS;BURLINGSTONE;PIEDRA;;ANTIDESLIZANTE;;BASE;MATE RECTIFICADO;;NO;;;;PEI IV;CLASE 3;R11;C;GRUPO BIa;GL Esmaltado;;36 Low;NO;0.42;1600-2400 N - 35-45 N/mm2;3;017.840.0108.14350;60x60;CATLOGO PAMESA;;;60;60;9;3600;60x60;EXT.BURLINGSTONE;WHITE;https://www.pamesa.com/ERP/4.0/empresas/151/045/imagenes/t00010602/0178400022690.jpg
25;590;2;13385;0255900019704;SI;PZ.ESP COM-GLAS;30x30(7)Malla BURLINGSTONE GRIS;A;SI;SI;57.7500;MOS7;PAMESA;PAMESA;E/42/11;8429991843076;;;M2;11;1.00;42;42.00;23.10;990.20;120.00;80.00;;;;20/07/2023;ATRIUM;SERIE ATRIUM;GRES PORCELNICO ESMALTADO;0255900019704;;PORCELAINGLASS;BURLINGSTONE;PIEDRA;;POLIVALENTE;MALLA;MOSAICO;MATE RECTIFICADO;VARIACION MODERADA;;SIN INFORMAR;;;;;;;GRUPO BIa;GL Esmaltado;;;NO;;;3;025.590.0002.13385;30x30 (5)Malla;CATLOGO PAMESA;;;30;30;0;900;30x30;BURLINGSTONE;GRIS;https://www.pamesa.com/ERP/4.0/empresas/151/045/imagenes/t00010602/0255900019704.jpg
25;590;33;13385;0255900019701;SI;PZ.ESP COM-GLAS;30x30(7)Malla BURLINGSTONE MARFIL;A;SI;SI;57.7500;MOS7;PAMESA;PAMESA;E/42/11;8429991843083;;;M2;11;1.00;42;42.00;23.10;990.20;120.00;80.00;;;;20/07/2023;ATRIUM;SERIE ATRIUM;GRES PORCELNICO ESMALTADO;0255900019701;;PORCELAINGLASS;BURLINGSTONE;PIEDRA;;POLIVALENTE;MALLA;MOSAICO;MATE RECTIFICADO;VARIACION MODERADA;;SIN INFORMAR;;;;;;;GRUPO BIa;GL Esmaltado;;;NO;;;3;025.590.0033.13385;60x120(N)20MM;CATLOGO PAMESA;;;30;30;0;900;30x30;BURLINGSTONE;MARFIL;https://www.pamesa.com/ERP/4.0/empresas/151/045/imagenes/t00010602/0255900019701.jpg
25;590;37;13385;0255900019703;SI;PZ.ESP COM-GLAS;30x30(7)Malla BURLINGSTONE PERLA;A;SI;SI;57.7500;MOS7;PAMESA;PAMESA;E/42/11;8429991843090;;;M2;11;1.00;42;42.00;23.10;990.20;120.00;80.00;;;;20/07/2023;ATRIUM;SERIE ATRIUM;GRES PORCELNICO ESMALTADO;0255900019703;;PORCELAINGLASS;BURLINGSTONE;PIEDRA;;POLIVALENTE;MALLA;MOSAICO;MATE RECTIFICADO;VARIACION MODERADA;;SIN INFORMAR;;;;;;;GRUPO BIa;GL Esmaltado;;;NO;;;3;025.590.0037.13385;60x60;CATLOGO PAMESA;;;30;30;0;900;30x30;BURLINGSTONE;PERLA;https://www.pamesa.com/ERP/4.0/empresas/151/045/imagenes/t00010602/0255900019703.jpg
25;590;108;13385;0255900019702;SI;PZ.ESP COM-GLAS;30x30(7)Malla BURLINGSTONE WHITE;A;SI;SI;57.7500;MOS7;PAMESA;PAMESA;E/42/11;8429991843106;;;M2;11;1.00;42;42.00;23.10;990.20;120.00;80.00;;;;20/07/2023;ATRIUM;SERIE ATRIUM;GRES PORCELNICO ESMALTADO;0255900019702;;PORCELAINGLASS;BURLINGSTONE;PIEDRA;;POLIVALENTE;MALLA;MOSAICO;MATE RECTIFICADO;VARIACION MODERADA;;SIN INFORMAR;;;;;;;GRUPO BIa;GL Esmaltado;;;NO;;;3;025.590.0108.13385;120X120;CATLOGO PAMESA;;;30;30;0;900;30x30;BURLINGSTONE;WHITE;https://www.pamesa.com/ERP/4.0/empresas/151/045/imagenes/t00010602/0255900019702.jpg
17;10;7;11927;0170100025821;SI;REC.GLASS;100x100 CONCRET BEIGE;A;SI;SI;0.0000;PGL31;PAMESA;PAMESA;27/27/02;8429991109868;;8429991773199;M2;2;2.00;27;54.00;41.15;1,133.05;107.00;107.00;77.00;;;06/03/2025;PAMESA;PAMESA;GRES PORCELNICO ESMALTADO;0170100025821;;PORCELAINGLASS;CONCRET;CEMENTO;;POLIVALENTE;BASE;BASE;MATE RECTIFICADO;VARIACION LEVE;NO;NO;;;;CLASE 1;;;GRUPO BIa;GL Esmaltado;;;NO;;1600-2400 N - 35-45 N/mm2;1;017.010.0007.11927;60X60N(20MM);;6;;100;100;9;10000;100x100;CONCRET;BEIGE;https://www.pamesa.com/ERP/4.0/empresas/151/045/imagenes/t00010602/0170100025821.jpg
17;10;408;11927;0170100025830;SI;REC.GLASS;100x100 CONCRET GREIGE;A;SI;SI;0.0000;PGL31;PAMESA;PAMESA;27/27/02;8429991109899;;8429991773199;M2;2;2.00;27;54.00;41.15;1,133.05;107.00;107.00;77.00;;;06/03/2025;PAMESA;PAMESA;GRES PORCELNICO ESMALTADO;0170100025830;;PORCELAINGLASS;CONCRET;CEMENTO;;POLIVALENTE;BASE;BASE;MATE RECTIFICADO;VARIACION LEVE;NO;NO;;;;CLASE 1;;;GRUPO BIa;GL Esmaltado;;;NO;;1600-2400 N - 35-45 N/mm2;1;017.010.0408.11927;60x60;CATLOGO PAMESA;;;100;100;9;10000;100x100;CONCRET;GREIGE;https://www.pamesa.com/ERP/4.0/empresas/151/045/imagenes/t00010602/0170100025830.jpg
17;10;161;11927;0170100025826;SI;REC.GLASS;100x100 CONCRET GREY;A;SI;SI;0.0000;PGL31;PAMESA;PAMESA;27/27/02;8429991109875;;8429991773199;M2;2;2.00;27;54.00;41.15;1,133.05;107.00;107.00;77.00;;;06/03/2025;PAMESA;PAMESA;GRES PORCELNICO ESMALTADO;0170100025826;;PORCELAINGLASS;CONCRET;CEMENTO;;POLIVALENTE;BASE;BASE;MATE RECTIFICADO;VARIACION LEVE;NO;NO;;;;CLASE 1;;;GRUPO BIa;GL Esmaltado;;;NO;;1600-2400 N - 35-45 N/mm2;1;017.010.0161.11927;30x60 (C);CATLOGO PAMESA;;;100;100;9;10000;100x100;CONCRET;GREY;https://www.pamesa.com/ERP/4.0/empresas/151/045/imagenes/t00010602/0170100025826.jpg
17;10;164;11927;0170100025828;SI;REC.GLASS;100x100 CONCRET IVORY;A;SI;SI;0.0000;PGL31;PAMESA;PAMESA;27/27/02;8429991109882;;8429991773199;M2;2;2.00;27;54.00;41.15;1,133.05;107.00;107.00;77.00;;;06/03/2025;PAMESA;PAMESA;GRES PORCELNICO ESMALTADO;0170100025828;;PORCELAINGLASS;CONCRET;CEMENTO;;POLIVALENTE;BASE;BASE;MATE RECTIFICADO;VARIACION LEVE;NO;NO;;;;CLASE 1;;;GRUPO BIa;GL Esmaltado;;;NO;;1600-2400 N - 35-45 N/mm2;1;017.010.0164.11927;30x30(7)Malla;CATLOGO PAMESA;;;100;100;9;10000;100x100;CONCRET;IVORY;https://www.pamesa.com/ERP/4.0/empresas/151/045/imagenes/t00010602/0170100025828.jpg
17;250;7;11927;0172500025849;SI;REC.GLASS;60x120(n) CONCRET BEIGE;A;SI;SI;0.0000;PGL16;PAMESA;PAMESA;L/36/02 RF;8429991109950;;8429991773199;M2;2;1.44;36;51.84;28.62;1,055.32;122.00;84.00;73.50;;;06/03/2025;PAMESA;PAMESA;GRES PORCELNICO ESMALTADO;0172500025849;;PORCELAINGLASS;CONCRET;CEMENTO;;POLIVALENTE;;BASE;;;NO;NO;;;;CLASE 1;;;GRUPO BIa;GL Esmaltado;;;NO;;1600-2400 N - 35-45 N/mm2;1;017.250.0007.11927;90X90(N);CATLOGO PAMESA;;;60;120;9;7200;60x120;CONCRET;BEIGE;https://www.pamesa.com/ERP/4.0/empresas/151/045/imagenes/t00010602/0172500025849.jpg
17;250;408;11927;0172500025853;SI;REC.GLASS;60x120(n) CONCRET GREIGE;A;SI;SI;0.0000;PGL16;PAMESA;PAMESA;L/36/02 RF;8429991109981;;8429991773199;M2;2;1.44;36;51.84;28.62;1,055.32;122.00;84.00;73.50;;;06/03/2025;PAMESA;PAMESA;GRES PORCELNICO ESMALTADO;0172500025853;;PORCELAINGLASS;CONCRET;CEMENTO;;POLIVALENTE;;BASE;;;NO;NO;;;;CLASE 1;;;GRUPO BIa;GL Esmaltado;;;NO;;1600-2400 N - 35-45 N/mm2;1;017.250.0408.11927;60x60;CATLOGO PAMESA;;;60;120;9;7200;60x120;CONCRET;GREIGE;https://www.pamesa.com/ERP/4.0/empresas/151/045/imagenes/t00010602/0172500025853.jpg
17;250;161;11927;0172500025851;SI;REC.GLASS;60x120(n) CONCRET GREY;A;SI;SI;0.0000;PGL16;PAMESA;PAMESA;L/36/02 RF;8429991109967;;8429991773199;M2;2;1.44;36;51.84;28.62;1,055.32;122.00;84.00;73.50;;;06/03/2025;PAMESA;PAMESA;GRES PORCELNICO ESMALTADO;0172500025851;;PORCELAINGLASS;CONCRET;CEMENTO;;POLIVALENTE;;BASE;;;NO;NO;;;;CLASE 1;;;GRUPO BIa;GL Esmaltado;;;NO;;1600-2400 N - 35-45 N/mm2;1;017.250.0161.11927;60X120(n);CATLOGO PAMESA;;;60;120;9;7200;60x120;CONCRET;GREY;https://www.pamesa.com/ERP/4.0/empresas/151/045/imagenes/t00010602/0172500025851.jpg
17;250;164;11927;0172500025852;SI;REC.GLASS;60x120(n) CONCRET IVORY;A;SI;SI;0.0000;PGL16;PAMESA;PAMESA;L/36/02 RF;8429991109974;;8429991773199;M2;2;1.44;36;51.84;28.62;1,055.32;122.00;84.00;73.50;;;06/03/2025;PAMESA;PAMESA;GRES PORCELNICO ESMALTADO;0172500025852;;PORCELAINGLASS;CONCRET;CEMENTO;;POLIVALENTE;;BASE;;;NO;NO;;;;CLASE 1;;;GRUPO BIa;GL Esmaltado;;;NO;;1600-2400 N - 35-45 N/mm2;1;017.250.0164.11927;30x60 (C);CATLOGO PAMESA;;;60;120;9;7200;60x120;CONCRET;IVORY;https://www.pamesa.com/ERP/4.0/empresas/151/045/imagenes/t00010602/0172500025852.jpg
17;840;7;11927;0178400025838;SI;REC.GLASS;60x60 CONCRET BEIGE;A;SI;SI;0.0000;PGL12;PAMESA;PAMESA;F/30/04 9MM;8429991109912;;8429991773199;M2;4;1.44;30;43.20;29.75;912.50;120.00;80.00;73.50;;9.00;06/03/2025;PAMESA;PAMESA;GRES PORCELNICO ESMALTADO;0178400025838;;PORCELAINGLASS;CONCRET;CEMENTO;;POLIVALENTE;;BASE;;;NO;NO;;;;CLASE 1;;;GRUPO BIa;GL Esmaltado;;;NO;;1600-2400 N - 35-45 N/mm2;1;017.840.0007.11927;160X160;CATLOGO PAMESA;;;60;60;9;3600;60x60;CONCRET;BEIGE;https://www.pamesa.com/ERP/4.0/empresas/151/045/imagenes/t00010602/0178400025838.jpg
17;840;408;11927;0178400025843;SI;REC.GLASS;60x60 CONCRET GREIGE;A;SI;SI;0.0000;PGL12;PAMESA;PAMESA;F/30/04 9MM;8429991109943;;8429991773199;M2;4;1.44;30;43.20;29.75;912.50;120.00;80.00;73.50;;9.00;06/03/2025;PAMESA;PAMESA;GRES PORCELNICO ESMALTADO;0178400025843;;PORCELAINGLASS;CONCRET;CEMENTO;;POLIVALENTE;;BASE;;;NO;NO;;;;CLASE 1;;;GRUPO BIa;GL Esmaltado;;;NO;;1600-2400 N - 35-45 N/mm2;1;017.840.0408.11927;60x60;CATLOGO PAMESA;;;60;60;9;3600;60x60;CONCRET;GREIGE;https://www.pamesa.com/ERP/4.0/empresas/151/045/imagenes/t00010602/0178400025843.jpg
17;840;161;11927;0178400025839;SI;REC.GLASS;60x60 CONCRET GREY;A;SI;SI;0.0000;PGL12;PAMESA;PAMESA;F/30/04 9MM;8429991109929;;8429991773199;M2;4;1.44;30;43.20;29.75;912.50;120.00;80.00;73.50;;9.00;06/03/2025;PAMESA;PAMESA;GRES PORCELNICO ESMALTADO;0178400025839;;PORCELAINGLASS;CONCRET;CEMENTO;;POLIVALENTE;;BASE;;;NO;NO;;;;CLASE 1;;;GRUPO BIa;GL Esmaltado;;;NO;;1600-2400 N - 35-45 N/mm2;1;017.840.0161.11927;60X120 RF;CATLOGO PAMESA;;;60;60;9;3600;60x60;CONCRET;GREY;https://www.pamesa.com/ERP/4.0/empresas/151/045/imagenes/t00010602/0178400025839.jpg
17;840;164;11927;0178400025841;SI;REC.GLASS;60x60 CONCRET IVORY;A;SI;SI;0.0000;PGL12;PAMESA;PAMESA;F/30/04 9MM;8429991109936;;8429991773199;M2;4;1.44;30;43.20;29.75;912.50;120.00;80.00;73.50;;9.00;06/03/2025;PAMESA;PAMESA;GRES PORCELNICO ESMALTADO;0178400025841;;PORCELAINGLASS;CONCRET;CEMENTO;;POLIVALENTE;;BASE;;;NO;NO;;;;CLASE 1;;;GRUPO BIa;GL Esmaltado;;;NO;;1600-2400 N - 35-45 N/mm2;1;017.840.0164.11927;120X120;CATLOGO PAMESA;;;60;60;9;3600;60x60;CONCRET;IVORY;https://www.pamesa.com/ERP/4.0/empresas/151/045/imagenes/t00010602/0178400025841.jpg
17;250;150;10382;0172500011039;SI;REC.GLASS;60x120(n) DORIA BIANCO;A;SI;SI;29.0000;PGL16;PAMESA;PAMESA;L/36/02 RF;8429991651145;;8429991773199;M2;2;1.44;36;51.84;28.62;1,055.32;122.00;84.00;73.50;;;09/07/2021;PAMESA;PAMESA;GRES PORCELNICO ESMALTADO;0172500011039;;PORCELAINGLASS;DORIA;TERRAZO;;POLIVALENTE;;BASE;MATE RECTIFICADO;VARIACION MODERADA;NO;;;;;CLASE 1;R9;;GRUPO BIa;GL Esmaltado;55 Low;36 Low;NO;;1600-2400 N - 35-45 N/mm2;1;017.250.0150.10382;120X280(6MM);CATLOGO PAMESA;;;60;120;9;7200;60x120;DORIA;BIANCO;https://www.pamesa.com/ERP/4.0/empresas/151/045/imagenes/t00010602/0172500011039.jpg
17;250;408;10382;0172500011040;SI;REC.GLASS;60x120(n) DORIA GREIGE;A;SI;SI;29.0000;PGL16;PAMESA;PAMESA;L/36/02 RF;8429991651152;;8429991773199;M2;2;1.44;36;51.84;28.62;1,055.32;122.00;84.00;73.50;;;09/07/2021;PAMESA;PAMESA;GRES PORCELNICO ESMALTADO;0172500011040;;PORCELAINGLASS;DORIA;TERRAZO;;POLIVALENTE;BASE;BASE;MATE RECTIFICADO;VARIACION MODERADA;NO;SIN INFORMAR;;;;CLASE 1;R9;;GRUPO BIa;GL Esmaltado;55 Low;36 Low;NO;;1600-2400 N - 35-45 N/mm2;1;017.250.0408.10382;60X60N(20MM);CATLOGO PAMESA;;;60;120;9;7200;60x120;DORIA;GREIGE;https://www.pamesa.com/ERP/4.0/empresas/151/045/imagenes/t00010602/0172500011040.jpg
17;250;558;10382;0172500011272;SI;REC.GLASS;60x120(n) DORIA MULTI;A;SI;SI;29.0000;PGL16;PAMESA;PAMESA;L/36/02 RF;8429991661632;;8429991773199;M2;2;1.44;36;51.84;28.62;1,055.32;122.00;84.00;73.50;;;26/08/2021;PAMESA;PAMESA;GRES PORCELNICO ESMALTADO;0172500011272;;PORCELAINGLASS;DORIA;TERRAZO;;POLIVALENTE;BASE;BASE;MATE RECTIFICADO;VARIACION MODERADA;NO;SIN INFORMAR;;;;CLASE 1;R9;;GRUPO BIa;GL Esmaltado;55 Low;36 Low;NO;;1600-2400 N - 35-45 N/mm2;1;017.250.0558.10382;45X45;CATLOGO PAMESA;;;60;120;9;7200;60x120;DORIA;MULTI;https://www.pamesa.com/ERP/4.0/empresas/151/045/imagenes/t00010602/0172500011272.jpg
17;250;598;10382;0172500011041;SI;REC.GLASS;60x120(n) DORIA SABBIA;A;SI;SI;29.0000;PGL16;PAMESA;PAMESA;L/36/02 RF;8429991651169;;8429991773199;M2;2;1.44;36;51.84;28.62;1,055.32;122.00;84.00;73.50;;;09/07/2021;PAMESA;PAMESA;GRES PORCELNICO ESMALTADO;0172500011041;;PORCELAINGLASS;DORIA;TERRAZO;;POLIVALENTE;BASE;BASE;MATE RECTIFICADO;VARIACION MODERADA;NO;SIN INFORMAR;;;;CLASE 1;R9;;GRUPO BIa;GL Esmaltado;55 Low;36 Low;NO;;1600-2400 N - 35-45 N/mm2;1;017.250.0598.10382;45X45;CATLOGO PAMESA;;;60;120;9;7200;60x120;DORIA;SABBIA;https://www.pamesa.com/ERP/4.0/empresas/151/045/imagenes/t00010602/0172500011041.jpg
17;840;150;10382;0178400011039;SI;REC.GLASS;60x60 DORIA BIANCO;A;SI;SI;20.2500;PGL12;PAMESA;PAMESA;F/30/04 9MM;8429991651114;;8429991773199;M2;4;1.44;30;43.20;29.75;912.50;120.00;80.00;73.50;;9.00;09/07/2021;PAMESA;PAMESA;GRES PORCELNICO ESMALTADO;0178400011039;;PORCELAINGLASS;DORIA;TERRAZO;;POLIVALENTE;BASE;BASE;MATE RECTIFICADO;VARIACION MODERADA;NO;NO;;;;CLASE 1;R9;;GRUPO BIa;GL Esmaltado;55 Low;36 Low;NO;;1600-2400 N - 35-45 N/mm2;1;017.840.0150.10382;30x30(7)Malla;CATLOGO PAMESA;;;60;60;9;3600;60x60;DORIA;BIANCO;https://www.pamesa.com/ERP/4.0/empresas/151/045/imagenes/t00010602/0178400011039.jpg
17;840;408;10382;0178400011040;SI;REC.GLASS;60x60 DORIA GREIGE;A;SI;SI;20.2500;PGL12;PAMESA;PAMESA;F/30/04 9MM;8429991651121;;8429991773199;M2;4;1.44;30;43.20;29.75;912.50;120.00;80.00;73.50;;9.00;09/07/2021;PAMESA;PAMESA;GRES PORCELNICO ESMALTADO;0178400011040;;PORCELAINGLASS;DORIA;TERRAZO;;POLIVALENTE;BASE;BASE;MATE RECTIFICADO;VARIACION MODERADA;NO;NO;;;;CLASE 1;R9;;GRUPO BIa;GL Esmaltado;55 Low;36 Low;NO;;1600-2400 N - 35-45 N/mm2;1;017.840.0408.10382;60x60;CATLOGO PAMESA;;;60;60;9;3600;60x60;DORIA;GREIGE;https://www.pamesa.com/ERP/4.0/empresas/151/045/imagenes/t00010602/0178400011040.jpg
17;840;558;10382;0178400011272;SI;REC.GLASS;60x60 DORIA MULTI;A;SI;SI;20.2500;PGL12;PAMESA;PAMESA;F/30/04 9MM;8429991661649;;8429991773199;M2;4;1.44;30;43.20;29.75;912.50;120.00;80.00;73.50;;9.00;26/08/2021;PAMESA;PAMESA;GRES PORCELNICO ESMALTADO;0178400011272;;PORCELAINGLASS;DORIA;TERRAZO;;POLIVALENTE;BASE;BASE;MATE RECTIFICADO;VARIACION MODERADA;NO;NO;;;;CLASE 1;R9;;GRUPO BIa;GL Esmaltado;55 Low;36 Low;NO;;1600-2400 N - 35-45 N/mm2;1;017.840.0558.10382;30X30 (5)MALLA;CATLOGO PAMESA;;;60;60;9;3600;60x60;DORIA;MULTI;https://www.pamesa.com/ERP/4.0/empresas/151/045/imagenes/t00010602/0178400011272.jpg
17;840;598;10382;0178400011041;SI;REC.GLASS;60x60 DORIA SABBIA;A;SI;SI;20.2500;PGL12;PAMESA;PAMESA;F/30/04 9MM;8429991651138;;8429991773199;M2;4;1.44;30;43.20;29.75;912.50;120.00;80.00;73.50;;9.00;09/07/2021;PAMESA;PAMESA;GRES PORCELNICO ESMALTADO;0178400011041;;PORCELAINGLASS;DORIA;TERRAZO;;POLIVALENTE;BASE;BASE;MATE RECTIFICADO;VARIACION MODERADA;NO;NO;;;;CLASE 1;R9;;GRUPO BIa;GL Esmaltado;55 Low;36 Low;NO;;1600-2400 N - 35-45 N/mm2;1;017.840.0598.10382;120X120;CATLOGO PAMESA;;;60;60;9;3600;60x60;DORIA;SABBIA;https://www.pamesa.com/ERP/4.0/empresas/151/045/imagenes/t00010602/0178400011041.jpg
15;440;17;781;0154400031060;SI;COM.GL;60,8x60,8 ENTIS ARENA;A;SI;SI;16.7500;PGL06;PAMESA;PAMESA;A/30/05 9MM;8429991384012;;8429991773182;M2;5;1.85;30;55.50;36.00;1,100.00;126.00;84.00;;;9.00;05/06/2025;PAMESA;PAMESA;GRES PORCELNICO ESMALTADO;0154400031060;;PORCELAINGLASS;ENTIS;PIEDRA;;POLIVALENTE;BASE;BASE;MATE;VARIACION ALTA;;NO;;8;PEI IV;CLASE 1;R9;;GRUPO BIa;GL Esmaltado;60 Low;;NO;;1600-2400 N - 35-45 N/mm2;1;015.440.0017.00781;60X90(N)20MM;CATLOGO PAMESA;;;60,8;60,8;9;3696,64;60,8x60,8;ENTIS;ARENA;https://www.pamesa.com/ERP/4.0/empresas/151/045/imagenes/t00010602/0154400031060.jpg
15;440;19;781;0154400031061;SI;COM.GL;60,8x60,8 ENTIS CENIZA;A;SI;SI;16.7500;PGL06;PAMESA;PAMESA;A/30/05 9MM;8429991383992;;8429991773182;M2;5;1.85;30;55.50;36.00;1,100.00;126.00;84.00;;;9.00;05/06/2025;PAMESA;PAMESA;GRES PORCELNICO ESMALTADO;0154400031061;;PORCELAINGLASS;ENTIS;PIEDRA;;POLIVALENTE;BASE;BASE;MATE;VARIACION ALTA;;NO;;8;PEI IV;CLASE 1;R9;;GRUPO BIa;GL Esmaltado;60 Low;;NO;;1600-2400 N - 35-45 N/mm2;1;015.440.0019.00781;40X60;CATLOGO PAMESA;;;60,8;60,8;9;3696,64;60,8x60,8;ENTIS;CENIZA;https://www.pamesa.com/ERP/4.0/empresas/151/045/imagenes/t00010602/0154400031061.jpg
15;440;2;781;0154400031059;SI;COM.GL;60,8x60,8 ENTIS GRIS;A;SI;SI;16.7500;PGL06;PAMESA;PAMESA;A/30/05 9MM;8429991384005;;8429991773182;M2;5;1.85;30;55.50;36.00;1,100.00;126.00;84.00;;;9.00;05/06/2025;PAMESA;PAMESA;GRES PORCELNICO ESMALTADO;0154400031059;;PORCELAINGLASS;ENTIS;PIEDRA;;POLIVALENTE;BASE;BASE;MATE;VARIACION ALTA;;NO;;8;PEI IV;CLASE 1;R9;;GRUPO BIa;GL Esmaltado;60 Low;;NO;;1600-2400 N - 35-45 N/mm2;1;015.440.0002.00781;60X120(n);CATLOGO PAMESA;;;60,8;60,8;9;3696,64;60,8x60,8;ENTIS;GRIS;https://www.pamesa.com/ERP/4.0/empresas/151/045/imagenes/t00010602/0154400031059.jpg
17;840;17;781;0178400031063;SI;REC.GLASS;60x60 ENTIS ARENA;A;SI;SI;18.2500;PGL08;PAMESA;PAMESA;A/30/05 9MM;8429991390723;;8429991773199;M2;5;1.80;30;54.00;35.36;1,080.80;126.00;84.00;;;9.00;05/06/2025;PAMESA;PAMESA;GRES PORCELNICO ESMALTADO;0178400031063;;PORCELAINGLASS;ENTIS;PIEDRA;;POLIVALENTE;BASE;BASE;MATE RECTIFICADO;VARIACION ALTA;;NO;;;PEI IV;CLASE 1;R9;;GRUPO BIa;GL Esmaltado;60 Low;;NO;;1600-2400 N - 35-45 N/mm2;1;017.840.0017.00781;120X120;CATLOGO PAMESA;;;60;60;9;3600;60x60;ENTIS;ARENA;https://www.pamesa.com/ERP/4.0/empresas/151/045/imagenes/t00010602/0178400031063.jpg
17;840;19;781;0178400031064;SI;REC.GLASS;60x60 ENTIS CENIZA;A;SI;SI;18.2500;PGL08;PAMESA;PAMESA;A/30/05 9MM;8429991390730;;8429991773199;M2;5;1.80;30;54.00;35.36;1,080.80;126.00;84.00;;;9.00;05/06/2025;PAMESA;PAMESA;GRES PORCELNICO ESMALTADO;0178400031064;;PORCELAINGLASS;ENTIS;PIEDRA;;POLIVALENTE;BASE;BASE;MATE RECTIFICADO;VARIACION ALTA;;NO;;;PEI IV;CLASE 1;R9;;GRUPO BIa;GL Esmaltado;60 Low;;NO;;1600-2400 N - 35-45 N/mm2;1;017.840.0019.00781;120X120;CATLOGO PAMESA;;;60;60;9;3600;60x60;ENTIS;CENIZA;https://www.pamesa.com/ERP/4.0/empresas/151/045/imagenes/t00010602/0178400031064.jpg
17;840;2;781;0178400031062;SI;REC.GLASS;60x60 ENTIS GRIS;A;SI;SI;18.2500;PGL08;PAMESA;PAMESA;A/30/05 9MM;8429991390716;;8429991773199;M2;5;1.80;30;54.00;35.36;1,080.80;126.00;84.00;;;9.00;05/06/2025;PAMESA;PAMESA;GRES PORCELNICO ESMALTADO;0178400031062;;PORCELAINGLASS;ENTIS;PIEDRA;;POLIVALENTE;BASE;BASE;MATE RECTIFICADO;VARIACION ALTA;;NO;;;PEI IV;CLASE 1;R9;;GRUPO BIa;GL Esmaltado;60 Low;;NO;;1600-2400 N - 35-45 N/mm2;1;017.840.0002.00781;30x30(7)Malla;CATLOGO PAMESA;;;60;60;9;3600;60x60;ENTIS;GRIS;https://www.pamesa.com/ERP/4.0/empresas/151/045/imagenes/t00010602/0178400031062.jpg
17;250;108;13368;0172500019662;SI;REC.GLASS;60x120(n) FORALL WHITE;A;SI;SI;24.0000;PGL16;PAMESA;PAMESA;L/36/02 RF;8429991817282;;8429991773199;M2;2;1.44;36;51.84;28.62;1,055.32;122.00;84.00;73.50;;;11/04/2023;ATRIUM;PAMESA;GRES PORCELNICO ESMALTADO;0172500019662;;PORCELAINGLASS;FORALL;DECORADOS;;POLIVALENTE;BASE;BASE;MATE RECTIFICADO;VARIACION ALTA;;SIN INFORMAR;;;;CLASE 1;R9;;GRUPO BIa;GL Esmaltado;;;NO;;1600-2400 N - 35-45 N/mm2;3;017.250.0108.13368;45X90C(N);CATLOGO PAMESA;;;60;120;9;7200;60x120;FORALL;WHITE;https://www.pamesa.com/ERP/4.0/empresas/151/045/imagenes/t00010602/0172500019662.jpg
15;845;19;11228;0158450013514;SI;COM.GL;33,3x33,3 HARO CENIZA;A;SI;SI;18.5000;PGL02;PAMESA;PAMESA;A/48/12 8,5MM;8429991706760;;8429991773182;M2;12;1.33;48;63.84;24.50;1,196.00;126.00;84.00;82.00;;8.50;27/01/2022;PAMESA;SERIE ATRIUM;GRES PORCELNICO ESMALTADO;0158450013514;;PORCELAINGLASS;HARO;BARRO;;PAVIMENTO;;BASE;MATE;VARIACION LEVE;;NO;;;PEI III;CLASE 3;;;GRUPO BIa;GL Esmaltado;;;NO;;>1300 N - 35-45 N/mm2;1;015.845.0019.11228;60X120(n);CATLOGO PAMESA;;;33,3;33,3;8,5;1108,89;33,3x33,3;HARO;CENIZA;https://www.pamesa.com/ERP/4.0/empresas/151/045/imagenes/t00010602/0158450013514.jpg
15;845;46;11228;0158450013517;SI;COM.GL;33,3x33,3 HARO COTO;A;SI;SI;18.5000;PGL02;PAMESA;PAMESA;A/48/12 8,5MM;8429991706777;;8429991773182;M2;12;1.33;48;63.84;24.50;1,196.00;126.00;84.00;82.00;;8.50;27/01/2022;PAMESA;SERIE ATRIUM;GRES PORCELNICO ESMALTADO;0158450013517;;PORCELAINGLASS;HARO;BARRO;;PAVIMENTO;;BASE;MATE;VARIACION LEVE;;NO;;;PEI III;CLASE 3;;;GRUPO BIa;GL Esmaltado;;;NO;;>1300 N - 35-45 N/mm2;1;015.845.0046.11228;60X120(n);CATLOGO PAMESA;;;33,3;33,3;8,5;1108,89;33,3x33,3;HARO;COTO;https://www.pamesa.com/ERP/4.0/empresas/151/045/imagenes/t00010602/0158450013517.jpg
15;845;2;11228;0158450013513;SI;COM.GL;33,3x33,3 HARO GRIS;A;SI;SI;18.5000;PGL02;PAMESA;PAMESA;A/48/12 8,5MM;8429991706753;;8429991773182;M2;12;1.33;48;63.84;24.50;1,196.00;126.00;84.00;82.00;;8.50;27/01/2022;PAMESA;SERIE ATRIUM;GRES PORCELNICO ESMALTADO;0158450013513;;PORCELAINGLASS;HARO;BARRO;;PAVIMENTO;;BASE;MATE;VARIACION LEVE;;NO;;;PEI III;CLASE 3;;;GRUPO BIa;GL Esmaltado;;;NO;;>1300 N - 35-45 N/mm2;1;015.845.0002.11228;100X100;CATLOGO PAMESA;;;33,3;33,3;8,5;1108,89;33,3x33,3;HARO;GRIS;https://www.pamesa.com/ERP/4.0/empresas/151/045/imagenes/t00010602/0158450013513.jpg
17;250;2;13386;0172500019709;SI;REC.GLASS;60x120(n) HAZEL GRIS;A;SI;SI;21.7500;PGL16;PAMESA;PAMESA;L/36/02 RF;8429991845773;;8429991773199;M2;2;1.44;36;51.84;28.62;1,055.32;122.00;84.00;73.50;;;31/07/2023;PAMESA;SERIE ATRIUM;GRES PORCELNICO ESMALTADO;0172500019709;;PORCELAINGLASS;HAZEL;CEMENTO;;POLIVALENTE;BASE;BASE;MATE RECTIFICADO;VARIACION MODERADA;;NO;NO;;PEI III;CLASE 1;R9;;GRUPO BIa;GL Esmaltado;;;NO;;1600-2400 N - 35-45 N/mm2;1;017.250.0002.13386;120X120;CATLOGO PAMESA;;;60;120;9;7200;60x120;HAZEL;GRIS;https://www.pamesa.com/ERP/4.0/empresas/151/045/imagenes/t00010602/0172500019709.jpg
17;250;33;13386;0172500019706;SI;REC.GLASS;60x120(n) HAZEL MARFIL;A;SI;SI;21.7500;PGL16;PAMESA;PAMESA;L/36/02 RF;8429991845780;;8429991773199;M2;2;1.44;36;51.84;28.62;1,055.32;122.00;84.00;73.50;;;31/07/2023;PAMESA;SERIE ATRIUM;GRES PORCELNICO ESMALTADO;0172500019706;;PORCELAINGLASS;HAZEL;CEMENTO;;POLIVALENTE;BASE;BASE;MATE RECTIFICADO;VARIACION MODERADA;;NO;NO;;PEI IV;CLASE 1;R9;;GRUPO BIa;GL Esmaltado;;;NO;;1600-2400 N - 35-45 N/mm2;1;017.250.0033.13386;30x30(7)Malla;CATLOGO PAMESA;;;60;120;9;7200;60x120;HAZEL;MARFIL;https://www.pamesa.com/ERP/4.0/empresas/151/045/imagenes/t00010602/0172500019706.jpg
17;250;37;13386;0172500019708;SI;REC.GLASS;60x120(n) HAZEL PERLA;A;SI;SI;21.7500;PGL16;PAMESA;PAMESA;L/36/02 RF;8429991845797;;8429991773199;M2;2;1.44;36;51.84;28.62;1,055.32;122.00;84.00;73.50;;;31/07/2023;PAMESA;SERIE ATRIUM;GRES PORCELNICO ESMALTADO;0172500019708;;PORCELAINGLASS;HAZEL;CEMENTO;;POLIVALENTE;BASE;BASE;MATE RECTIFICADO;VARIACION MODERADA;;NO;NO;;PEI IV;CLASE 1;R9;;GRUPO BIa;GL Esmaltado;;;NO;;1600-2400 N - 35-45 N/mm2;1;017.250.0037.13386;30x60 (C);CATLOGO PAMESA;;;60;120;9;7200;60x120;HAZEL;PERLA;https://www.pamesa.com/ERP/4.0/empresas/151/045/imagenes/t00010602/0172500019708.jpg
17;250;108;13386;0172500019707;SI;REC.GLASS;60x120(n) HAZEL WHITE;A;SI;SI;21.7500;PGL16;PAMESA;PAMESA;L/36/02 RF;8429991845803;;8429991773199;M2;2;1.44;36;51.84;28.62;1,055.32;122.00;84.00;73.50;;;31/07/2023;PAMESA;SERIE ATRIUM;GRES PORCELNICO ESMALTADO;0172500019707;;PORCELAINGLASS;HAZEL;CEMENTO;;POLIVALENTE;BASE;BASE;MATE RECTIFICADO;VARIACION MODERADA;;NO;NO;;PEI IV;CLASE 1;R9;;GRUPO BIa;GL Esmaltado;;;NO;;1600-2400 N - 35-45 N/mm2;1;017.250.0108.13386;60x60;CATLOGO PAMESA;;;60;120;9;7200;60x120;HAZEL;WHITE;https://www.pamesa.com/ERP/4.0/empresas/151/045/imagenes/t00010602/0172500019707.jpg
17;986;2;13386;0179860019709;SI;REC.GLASS;60x90(N)20mm HAZEL GRIS;A;SI;SI;28.0000;2CM02;PAMESA;PAMESA;G/22/02;8429991818081;;8429991773199;M2;2;1.08;22;23.76;45.00;1,015.00;105.00;95.00;75.00;;20.00;14/04/2023;PAMESA;SERIE ATRIUM;GRES PORCELNICO ESMALTADO;0179860019709;;PORCELAINGLASS;HAZEL;CEMENTO;;PAVIMENTO;BASE;BASE;MATE RECTIFICADO;VARIACION MODERADA;NO;NO;;;PEI III;CLASE 3;R11;C;GRUPO BIa;GL Esmaltado;;36 Low;NO;0.42;>8000 N - 35-45 N/mm2;1;017.986.0002.13386;30x60 (C);CATLOGO PAMESA;;;60;90;20;5400;60x90;HAZEL;GRIS;https://www.pamesa.com/ERP/4.0/empresas/151/045/imagenes/t00010602/0179860019709.jpg
17;986;33;13386;0179860019706;SI;REC.GLASS;60x90(N)20mm HAZEL MARFIL;A;SI;SI;28.0000;2CM02;PAMESA;PAMESA;G/22/02;8429991817961;;8429991773199;M2;2;1.08;22;23.76;45.00;1,015.00;105.00;95.00;75.00;;20.00;14/04/2023;PAMESA;SERIE ATRIUM;GRES PORCELNICO ESMALTADO;0179860019706;;PORCELAINGLASS;HAZEL;CEMENTO;;PAVIMENTO;BASE;BASE;MATE RECTIFICADO;VARIACION MODERADA;NO;NO;;;PEI IV;CLASE 3;R11;C;GRUPO BIa;GL Esmaltado;;36 Low;NO;0.42;>8000 N - 35-45 N/mm2;1;017.986.0033.13386;30x30(7)Malla;CATLOGO PAMESA;;;60;90;20;5400;60x90;HAZEL;MARFIL;https://www.pamesa.com/ERP/4.0/empresas/151/045/imagenes/t00010602/0179860019706.jpg
17;986;37;13386;0179860019708;SI;REC.GLASS;60x90(N)20mm HAZEL PERLA;A;SI;SI;28.0000;2CM02;PAMESA;PAMESA;G/22/02;8429991818043;;8429991773199;M2;2;1.08;22;23.76;45.00;1,015.00;105.00;95.00;75.00;;20.00;14/04/2023;PAMESA;SERIE ATRIUM;GRES PORCELNICO ESMALTADO;0179860019708;;PORCELAINGLASS;HAZEL;CEMENTO;;PAVIMENTO;BASE;BASE;MATE RECTIFICADO;VARIACION MODERADA;NO;NO;;;PEI IV;CLASE 3;R11;C;GRUPO BIa;GL Esmaltado;;36 Low;NO;0.42;>8000 N - 35-45 N/mm2;1;017.986.0037.13386;30x30(7)Malla;CATLOGO PAMESA;;;60;90;20;5400;60x90;HAZEL;PERLA;https://www.pamesa.com/ERP/4.0/empresas/151/045/imagenes/t00010602/0179860019708.jpg
17;986;108;13386;0179860019707;SI;REC.GLASS;60x90(N)20mm HAZEL WHITE;A;SI;SI;28.0000;2CM02;PAMESA;PAMESA;G/22/02;8429991818005;;8429991773199;M2;2;1.08;22;23.76;45.00;1,015.00;105.00;95.00;75.00;;20.00;14/04/2023;PAMESA;SERIE ATRIUM;GRES PORCELNICO ESMALTADO;0179860019707;;PORCELAINGLASS;HAZEL;CEMENTO;;PAVIMENTO;BASE;BASE;MATE RECTIFICADO;VARIACION MODERADA;NO;NO;;;PEI IV;CLASE 3;R11;C;GRUPO BIa;GL Esmaltado;;36 Low;NO;0.42;>8000 N - 35-45 N/mm2;1;017.986.0108.13386;30x30(7)Malla;CATLOGO PAMESA;;;60;90;20;5400;60x90;HAZEL;WHITE;https://www.pamesa.com/ERP/4.0/empresas/151/045/imagenes/t00010602/0179860019707.jpg
17;785;2;13386;0177850019709;SI;REC.GLASS;60x60N(20mm) HAZEL GRIS;A;SI;SI;0.0000;2CM01;PAMESA;PAMESA;F/30/02;8429991954062;;8429991773199;M2;2;0.72;30;21.60;28.50;875.00;120.00;80.00;73.50;;20.00;26/07/2024;PAMESA;SERIE ATRIUM;GRES PORCELNICO ESMALTADO;0177850019709;;PORCELAINGLASS;HAZEL;CEMENTO;;PAVIMENTO;BASE;BASE;MATE RECTIFICADO;VARIACION MODERADA;;NO;NO;;PEI III;CLASE 3;R11;C;GRUPO BIa;GL Esmaltado;;36 Low;NO;0.42;>8000 N - 35-45 N/mm2;1;017.785.0002.13386;60x60;CATLOGO PAMESA;;;60;60;20;3600;60x60;HAZEL;GRIS;https://www.pamesa.com/ERP/4.0/empresas/151/045/imagenes/t00010602/0177850019709.jpg
17;840;2;13386;0178400019709;SI;REC.GLASS;60x60 HAZEL GRIS;A;SI;SI;19.0000;PGL12;PAMESA;PAMESA;F/30/04 9MM;8429991861605;;8429991773199;M2;4;1.44;30;43.20;29.75;912.50;120.00;80.00;73.50;;9.00;26/10/2023;PAMESA;SERIE ATRIUM;GRES PORCELNICO ESMALTADO;0178400019709;;PORCELAINGLASS;HAZEL;CEMENTO;;POLIVALENTE;BASE;BASE;MATE RECTIFICADO;VARIACION MODERADA;;NO;NO;;PEI III;CLASE 1;R9;;GRUPO BIa;GL Esmaltado;;;NO;;1600-2400 N - 35-45 N/mm2;1;017.840.0002.13386;120X280(6MM);CATLOGO PAMESA;;;60;60;9;3600;60x60;HAZEL;GRIS;https://www.pamesa.com/ERP/4.0/empresas/151/045/imagenes/t00010602/0178400019709.jpg
17;785;33;13386;0177850019706;SI;REC.GLASS;60x60N(20mm) HAZEL MARFIL;A;SI;SI;0.0000;2CM01;PAMESA;PAMESA;F/30/02;8429991954079;;8429991773199;M2;2;0.72;30;21.60;28.50;875.00;120.00;80.00;73.50;;20.00;26/07/2024;PAMESA;SERIE ATRIUM;GRES PORCELNICO ESMALTADO;0177850019706;;PORCELAINGLASS;HAZEL;CEMENTO;;PAVIMENTO;BASE;BASE;MATE RECTIFICADO;VARIACION MODERADA;;NO;NO;;PEI IV;CLASE 3;R11;C;GRUPO BIa;GL Esmaltado;;36 Low;NO;0.42;>8000 N - 35-45 N/mm2;1;017.785.0033.13386;30x30(7)Malla;CATLOGO PAMESA;;;60;60;20;3600;60x60;HAZEL;MARFIL;https://www.pamesa.com/ERP/4.0/empresas/151/045/imagenes/t00010602/0177850019706.jpg
17;840;33;13386;0178400019706;SI;REC.GLASS;60x60 HAZEL MARFIL;A;SI;SI;19.0000;PGL12;PAMESA;PAMESA;F/30/04 9MM;8429991861612;;8429991773199;M2;4;1.44;30;43.20;29.75;912.50;120.00;80.00;73.50;;9.00;26/10/2023;PAMESA;SERIE ATRIUM;GRES PORCELNICO ESMALTADO;0178400019706;;PORCELAINGLASS;HAZEL;CEMENTO;;POLIVALENTE;BASE;BASE;MATE RECTIFICADO;VARIACION MODERADA;;NO;NO;;PEI IV;CLASE 1;R9;;GRUPO BIa;GL Esmaltado;;;NO;;1600-2400 N - 35-45 N/mm2;1;017.840.0033.13386;60X120 RF;CATLOGO PAMESA;;;60;60;9;3600;60x60;HAZEL;MARFIL;https://www.pamesa.com/ERP/4.0/empresas/151/045/imagenes/t00010602/0178400019706.jpg
17;785;37;13386;0177850019708;SI;REC.GLASS;60x60N(20mm) HAZEL PERLA;A;SI;SI;0.0000;2CM01;PAMESA;PAMESA;F/30/02;8429991954086;;8429991773199;M2;2;0.72;30;21.60;28.50;875.00;120.00;80.00;73.50;;20.00;26/07/2024;PAMESA;SERIE ATRIUM;GRES PORCELNICO ESMALTADO;0177850019708;;PORCELAINGLASS;HAZEL;CEMENTO;;PAVIMENTO;BASE;BASE;MATE RECTIFICADO;VARIACION MODERADA;;NO;NO;;PEI IV;CLASE 3;R11;C;GRUPO BIa;GL Esmaltado;;36 Low;NO;0.42;>8000 N - 35-45 N/mm2;1;017.785.0037.13386;60X120(n);CATLOGO PAMESA;;;60;60;20;3600;60x60;HAZEL;PERLA;https://www.pamesa.com/ERP/4.0/empresas/151/045/imagenes/t00010602/0177850019708.jpg
17;840;37;13386;0178400019708;SI;REC.GLASS;60x60 HAZEL PERLA;A;SI;SI;19.0000;PGL12;PAMESA;PAMESA;F/30/04 9MM;8429991861629;;8429991773199;M2;4;1.44;30;43.20;29.75;912.50;120.00;80.00;73.50;;9.00;26/10/2023;PAMESA;SERIE ATRIUM;GRES PORCELNICO ESMALTADO;0178400019708;;PORCELAINGLASS;HAZEL;CEMENTO;;POLIVALENTE;BASE;BASE;MATE RECTIFICADO;VARIACION MODERADA;;NO;NO;;PEI IV;CLASE 1;R9;;GRUPO BIa;GL Esmaltado;;;NO;;1600-2400 N - 35-45 N/mm2;1;017.840.0037.13386;30,3X61,3;CATLOGO PAMESA;;;60;60;9;3600;60x60;HAZEL;PERLA;https://www.pamesa.com/ERP/4.0/empresas/151/045/imagenes/t00010602/0178400019708.jpg
17;785;108;13386;0177850019707;SI;REC.GLASS;60x60N(20mm) HAZEL WHITE;A;SI;SI;0.0000;2CM01;PAMESA;PAMESA;F/30/02;8429991954093;;8429991773199;M2;2;0.72;30;21.60;28.50;875.00;120.00;80.00;73.50;;20.00;26/07/2024;PAMESA;SERIE ATRIUM;GRES PORCELNICO ESMALTADO;0177850019707;;PORCELAINGLASS;HAZEL;CEMENTO;;PAVIMENTO;BASE;BASE;MATE RECTIFICADO;VARIACION MODERADA;;NO;NO;;PEI IV;CLASE 3;R11;C;GRUPO BIa;GL Esmaltado;;36 Low;NO;0.42;>8000 N - 35-45 N/mm2;1;017.785.0108.13386;60X120 RF;CATLOGO PAMESA;;;60;60;20;3600;60x60;HAZEL;WHITE;https://www.pamesa.com/ERP/4.0/empresas/151/045/imagenes/t00010602/0177850019707.jpg
17;840;108;13386;0178400019707;SI;REC.GLASS;60x60 HAZEL WHITE;A;SI;SI;19.0000;PGL12;PAMESA;PAMESA;F/30/04 9MM;8429991861636;;8429991773199;M2;4;1.44;30;43.20;29.75;912.50;120.00;80.00;73.50;;9.00;26/10/2023;PAMESA;SERIE ATRIUM;GRES PORCELNICO ESMALTADO;0178400019707;;PORCELAINGLASS;HAZEL;CEMENTO;;POLIVALENTE;BASE;BASE;MATE RECTIFICADO;VARIACION MODERADA;;NO;NO;;PEI IV;CLASE 1;R9;;GRUPO BIa;GL Esmaltado;;;NO;;1600-2400 N - 35-45 N/mm2;1;017.840.0108.13386;60x60;CATLOGO PAMESA;;;60;60;9;3600;60x60;HAZEL;WHITE;https://www.pamesa.com/ERP/4.0/empresas/151/045/imagenes/t00010602/0178400019707.jpg
25;590;2;13386;0255900019709;SI;PZ.ESP COM-GLAS;30x30(7)Malla HAZEL GRIS;A;SI;SI;57.7500;MOS7;PAMESA;PAMESA;E/42/11;8429991872854;;;M2;11;1.00;42;42.00;23.10;990.20;120.00;80.00;;;;20/12/2023;ATRIUM;SERIE ATRIUM;GRES PORCELNICO ESMALTADO;0255900019709;;PORCELAINGLASS;HAZEL;CEMENTO;;POLIVALENTE;;MOSAICO;MATE RECTIFICADO;VARIACION MODERADA;NO;NO;;;;CLASE 1;;;GRUPO BIa;GL Esmaltado;;;NO;;;3;025.590.0002.13386;30x30(7)Malla;CATLOGO PAMESA;;;30;30;0;900;30x30;HAZEL;GRIS;https://www.pamesa.com/ERP/4.0/empresas/151/045/imagenes/t00010602/0255900019709.jpg
25;590;33;13386;0255900019706;SI;PZ.ESP COM-GLAS;30x30(7)Malla HAZEL MARFIL;A;SI;SI;57.7500;MOS7;PAMESA;PAMESA;E/42/11;8429991872861;;;M2;11;1.00;42;42.00;23.10;990.20;120.00;80.00;;;;20/12/2023;ATRIUM;SERIE ATRIUM;GRES PORCELNICO ESMALTADO;0255900019706;;PORCELAINGLASS;HAZEL;CEMENTO;;POLIVALENTE;;MOSAICO;MATE RECTIFICADO;VARIACION MODERADA;NO;NO;;;;CLASE 1;;;GRUPO BIa;GL Esmaltado;;;NO;;;3;025.590.0033.13386;60X120(n);CATLOGO PAMESA;;;30;30;0;900;30x30;HAZEL;MARFIL;https://www.pamesa.com/ERP/4.0/empresas/151/045/imagenes/t00010602/0255900019706.jpg
25;590;37;13386;0255900019708;SI;PZ.ESP COM-GLAS;30x30(7)Malla HAZEL PERLA;A;SI;SI;57.7500;MOS7;PAMESA;PAMESA;E/42/11;8429991872847;;;M2;11;1.00;42;42.00;23.10;990.20;120.00;80.00;;;;20/12/2023;ATRIUM;SERIE ATRIUM;GRES PORCELNICO ESMALTADO;0255900019708;;PORCELAINGLASS;HAZEL;CEMENTO;;POLIVALENTE;;MOSAICO;MATE RECTIFICADO;VARIACION MODERADA;NO;NO;;;;CLASE 1;;;GRUPO BIa;GL Esmaltado;;;NO;;;3;025.590.0037.13386;30x60 (C);CATLOGO PAMESA;;;30;30;0;900;30x30;HAZEL;PERLA;https://www.pamesa.com/ERP/4.0/empresas/151/045/imagenes/t00010602/0255900019708.jpg
25;590;108;13386;0255900019707;SI;PZ.ESP COM-GLAS;30x30(7)Malla HAZEL WHITE;A;SI;SI;57.7500;MOS7;PAMESA;PAMESA;E/42/11;8429991872830;;;M2;11;1.00;42;42.00;23.10;990.20;120.00;80.00;;;;20/12/2023;ATRIUM;SERIE ATRIUM;GRES PORCELNICO ESMALTADO;0255900019707;;PORCELAINGLASS;HAZEL;CEMENTO;;POLIVALENTE;;MOSAICO;MATE RECTIFICADO;VARIACION MODERADA;NO;NO;;;;CLASE 1;;;GRUPO BIa;GL Esmaltado;;;NO;;;3;025.590.0108.13386;120X120;CATLOGO PAMESA;;;30;30;0;900;30x30;HAZEL;WHITE;https://www.pamesa.com/ERP/4.0/empresas/151/045/imagenes/t00010602/0255900019707.jpg
15;440;17;4075;0154400174075;SI;COM.GL;60,8x60,8 KIEL ARENA;A;SI;SI;17.7500;PGL10;PAMESA;PAMESA;F/30/04 9MM;8429991375409;;8429991773182;M2;4;1.48;30;44.40;29.70;911.00;120.00;80.00;74.00;;9.00;22/05/2018;ATRIUM;SERIE ATRIUM;GRES PORCELNICO ESMALTADO;0154400174075;;PORCELAINGLASS;KIEL;CEMENTO;;PAVIMENTO;;BASE;MATE;VARIACION LEVE;NO;;;8;PEI IV;;;;GRUPO BIa;GL Esmaltado;;;NO;;1600-2400 N - 35-45 N/mm2;3;015.440.0017.04075;60x60;CATLOGO PAMESA;;;60,8;60,8;9;3696,64;60,8x60,8;KIEL;ARENA;https://www.pamesa.com/ERP/4.0/empresas/151/045/imagenes/t00010602/0154400174075.jpg
15;440;28;4075;0154400284075;SI;COM.GL;60,8x60,8 KIEL MARENGO;A;SI;SI;17.7500;PGL10;PAMESA;PAMESA;F/30/04 9MM;8429991375423;;8429991773182;M2;4;1.48;30;44.40;29.70;911.00;120.00;80.00;74.00;;9.00;22/05/2018;ATRIUM;SERIE ATRIUM;GRES PORCELNICO ESMALTADO;0154400284075;;PORCELAINGLASS;KIEL;CEMENTO;;PAVIMENTO;;BASE;MATE;VARIACION LEVE;NO;;;8;PEI III;;;;GRUPO BIa;GL Esmaltado;;;NO;;1600-2400 N - 35-45 N/mm2;3;015.440.0028.04075;90X90(N);CATLOGO PAMESA;;;60,8;60,8;9;3696,64;60,8x60,8;KIEL;MARENGO;https://www.pamesa.com/ERP/4.0/empresas/151/045/imagenes/t00010602/0154400284075.jpg
15;440;37;4075;0154400374075;SI;COM.GL;60,8x60,8 KIEL PERLA;A;SI;SI;17.7500;PGL10;PAMESA;PAMESA;F/30/04 9MM;8429991375416;;8429991773182;M2;4;1.48;30;44.40;29.70;911.00;120.00;80.00;74.00;;9.00;22/05/2018;ATRIUM;SERIE ATRIUM;GRES PORCELNICO ESMALTADO;0154400374075;;PORCELAINGLASS;KIEL;CEMENTO;;PAVIMENTO;;BASE;MATE;VARIACION LEVE;NO;;;8;PEI IV;;;;GRUPO BIa;GL Esmaltado;;;NO;;1600-2400 N - 35-45 N/mm2;3;015.440.0037.04075;60X120(n);CATLOGO PAMESA;;;60,8;60,8;9;3696,64;60,8x60,8;KIEL;PERLA;https://www.pamesa.com/ERP/4.0/empresas/151/045/imagenes/t00010602/0154400374075.jpg
17;10;7;14677;0170100023640;SI;REC.GLASS;100x100 LIN BEIGE;A;SI;SI;0.0000;PGL31;PAMESA;PAMESA;27/27/02;8429991993351;;8429991773199;M2;2;2.00;27;54.00;41.15;1,133.05;107.00;107.00;77.00;;;23/01/2025;PAMESA;PAMESA;GRES PORCELNICO ESMALTADO;0170100023640;;PORCELAINGLASS;LIN;BASICO;;POLIVALENTE;BASE;BASE;MATE RECTIFICADO;VARIACION LEVE;NO;NO;;;;CLASE 1;R9;;GRUPO BIa;GL Esmaltado;;;NO;;1600-2400 N - 35-45 N/mm2;1;017.010.0007.14677;60x60;CATLOGO PAMESA;;;100;100;9;10000;100x100;LIN;BEIGE;https://www.pamesa.com/ERP/4.0/empresas/151/045/imagenes/t00010602/0170100023640.jpg
17;10;12;14677;0170100024207;SI;REC.GLASS;100x100 LIN BLANCO;A;SI;SI;0.0000;PGL31;PAMESA;PAMESA;27/27/02;8429991993320;;8429991773199;M2;2;2.00;27;54.00;41.15;1,133.05;107.00;107.00;77.00;;;23/01/2025;PAMESA;PAMESA;GRES PORCELNICO ESMALTADO;0170100024207;;PORCELAINGLASS;LIN;BASICO;;POLIVALENTE;BASE;BASE;MATE RECTIFICADO;VARIACION LEVE;NO;NO;;;;CLASE 1;R9;;GRUPO BIa;GL Esmaltado;;;NO;;1600-2400 N - 35-45 N/mm2;1;017.010.0012.14677;100X100;CATLOGO PAMESA;;;100;100;9;10000;100x100;LIN;BLANCO;https://www.pamesa.com/ERP/4.0/empresas/151/045/imagenes/t00010602/0170100024207.jpg
17;10;2;14677;0170100023638;SI;REC.GLASS;100x100 LIN GRIS;A;SI;SI;0.0000;PGL31;PAMESA;PAMESA;27/27/02;8429991993337;;8429991773199;M2;2;2.00;27;54.00;41.15;1,133.05;107.00;107.00;77.00;;;23/01/2025;PAMESA;PAMESA;GRES PORCELNICO ESMALTADO;0170100023638;;PORCELAINGLASS;LIN;BASICO;;POLIVALENTE;BASE;BASE;MATE RECTIFICADO;VARIACION LEVE;NO;NO;;;;CLASE 1;R9;;GRUPO BIa;GL Esmaltado;;;NO;;1600-2400 N - 35-45 N/mm2;1;017.010.0002.14677;30,3X61,3;CATLOGO PAMESA;;;100;100;9;10000;100x100;LIN;GRIS;https://www.pamesa.com/ERP/4.0/empresas/151/045/imagenes/t00010602/0170100023638.jpg
17;10;33;14677;0170100023642;SI;REC.GLASS;100x100 LIN MARFIL;A;SI;SI;0.0000;PGL31;PAMESA;PAMESA;27/27/02;8429991993344;;8429991773199;M2;2;2.00;27;54.00;41.15;1,133.05;107.00;107.00;77.00;;;23/01/2025;PAMESA;PAMESA;GRES PORCELNICO ESMALTADO;0170100023642;;PORCELAINGLASS;LIN;BASICO;;POLIVALENTE;BASE;BASE;MATE RECTIFICADO;VARIACION LEVE;NO;NO;;;;CLASE 1;R9;;GRUPO BIa;GL Esmaltado;;;NO;;1600-2400 N - 35-45 N/mm2;1;017.010.0033.14677;60x60;CATLOGO PAMESA;;;100;100;9;10000;100x100;LIN;MARFIL;https://www.pamesa.com/ERP/4.0/empresas/151/045/imagenes/t00010602/0170100023642.jpg
17;250;7;14677;0172500023640;SI;REC.GLASS;60x120(n) LIN BEIGE;A;SI;SI;0.0000;PGL16;PAMESA;PAMESA;L/36/02 RF;8429991977610;;8429991773199;M2;2;1.44;36;51.84;28.62;1,055.32;122.00;84.00;73.50;;;18/11/2024;PAMESA;PAMESA;GRES PORCELNICO ESMALTADO;0172500023640;;PORCELAINGLASS;LIN;BASICO;;POLIVALENTE;BASE;BASE;MATE RECTIFICADO;VARIACION LEVE;;NO;;;;CLASE 1;R9;;GRUPO BIa;GL Esmaltado;;;NO;;1600-2400 N - 35-45 N/mm2;1;017.250.0007.14677;90X90(N);CATLOGO PAMESA;;;60;120;9;7200;60x120;LIN;BEIGE;https://www.pamesa.com/ERP/4.0/empresas/151/045/imagenes/t00010602/0172500023640.jpg
17;250;12;14677;0172500024207;SI;REC.GLASS;60x120(n) LIN BLANCO;A;SI;SI;0.0000;PGL16;PAMESA;PAMESA;L/36/02 RF;8429991977627;;8429991773199;M2;2;1.44;36;51.84;28.62;1,055.32;122.00;84.00;73.50;;;18/11/2024;PAMESA;PAMESA;GRES PORCELNICO ESMALTADO;0172500024207;;PORCELAINGLASS;LIN;BASICO;;POLIVALENTE;BASE;BASE;MATE RECTIFICADO;VARIACION LEVE;;NO;;;;CLASE 1;R9;;GRUPO BIa;GL Esmaltado;;;NO;;1600-2400 N - 35-45 N/mm2;1;017.250.0012.14677;60x60;CATLOGO PAMESA;;;60;120;9;7200;60x120;LIN;BLANCO;https://www.pamesa.com/ERP/4.0/empresas/151/045/imagenes/t00010602/0172500024207.jpg
17;250;2;14677;0172500023638;SI;REC.GLASS;60x120(n) LIN GRIS;A;SI;SI;0.0000;PGL16;PAMESA;PAMESA;L/36/02 RF;8429991977603;;8429991773199;M2;2;1.44;36;51.84;28.62;1,055.32;122.00;84.00;73.50;;;18/11/2024;PAMESA;PAMESA;GRES PORCELNICO ESMALTADO;0172500023638;;PORCELAINGLASS;LIN;BASICO;;POLIVALENTE;BASE;BASE;MATE RECTIFICADO;VARIACION LEVE;;NO;;;;CLASE 1;R9;;GRUPO BIa;GL Esmaltado;;;NO;;1600-2400 N - 35-45 N/mm2;1;017.250.0002.14677;60X120 RF;CATLOGO PAMESA;;;60;120;9;7200;60x120;LIN;GRIS;https://www.pamesa.com/ERP/4.0/empresas/151/045/imagenes/t00010602/0172500023638.jpg
17;250;33;14677;0172500023642;SI;REC.GLASS;60x120(n) LIN MARFIL;A;SI;SI;0.0000;PGL16;PAMESA;PAMESA;L/36/02 RF;8429991977634;;8429991773199;M2;2;1.44;36;51.84;28.62;1,055.32;122.00;84.00;73.50;;;18/11/2024;PAMESA;PAMESA;GRES PORCELNICO ESMALTADO;0172500023642;;PORCELAINGLASS;LIN;BASICO;;POLIVALENTE;BASE;BASE;MATE RECTIFICADO;VARIACION LEVE;;NO;;;;CLASE 1;R9;;GRUPO BIa;GL Esmaltado;;;NO;;1600-2400 N - 35-45 N/mm2;1;017.250.0033.14677;60X120(n);CATLOGO PAMESA;;;60;120;9;7200;60x120;LIN;MARFIL;https://www.pamesa.com/ERP/4.0/empresas/151/045/imagenes/t00010602/0172500023642.jpg
17;840;7;14677;0178400023640;SI;REC.GLASS;60x60 LIN BEIGE;A;SI;SI;0.0000;PGL12;PAMESA;PAMESA;F/30/04 9MM;8429991977665;;8429991773199;M2;4;1.44;30;43.20;29.75;912.50;120.00;80.00;73.50;;9.00;18/11/2024;PAMESA;PAMESA;GRES PORCELNICO ESMALTADO;0178400023640;;PORCELAINGLASS;LIN;BASICO;;POLIVALENTE;BASE;BASE;MATE RECTIFICADO;VARIACION LEVE;;NO;;;;CLASE 1;R9;;GRUPO BIa;GL Esmaltado;;;NO;;1600-2400 N - 35-45 N/mm2;1;017.840.0007.14677;120X120;CATLOGO PAMESA;;;60;60;9;3600;60x60;LIN;BEIGE;https://www.pamesa.com/ERP/4.0/empresas/151/045/imagenes/t00010602/0178400023640.jpg
17;840;12;14677;0178400024207;SI;REC.GLASS;60x60 LIN BLANCO;A;SI;SI;0.0000;PGL12;PAMESA;PAMESA;F/30/04 9MM;8429991977672;;8429991773199;M2;4;1.44;30;43.20;29.75;912.50;120.00;80.00;73.50;;9.00;18/11/2024;PAMESA;PAMESA;GRES PORCELNICO ESMALTADO;0178400024207;;PORCELAINGLASS;LIN;BASICO;;POLIVALENTE;BASE;BASE;MATE RECTIFICADO;VARIACION LEVE;;NO;;;;CLASE 1;R9;;GRUPO BIa;GL Esmaltado;;;NO;;1600-2400 N - 35-45 N/mm2;1;017.840.0012.14677;60X60N(20MM);CATLOGO PAMESA;;;60;60;9;3600;60x60;LIN;BLANCO;https://www.pamesa.com/ERP/4.0/empresas/151/045/imagenes/t00010602/0178400024207.jpg
17;840;2;14677;0178400023638;SI;REC.GLASS;60x60 LIN GRIS;A;SI;SI;0.0000;PGL12;PAMESA;PAMESA;F/30/04 9MM;8429991977658;;8429991773199;M2;4;1.44;30;43.20;29.75;912.50;120.00;80.00;73.50;;9.00;18/11/2024;PAMESA;PAMESA;GRES PORCELNICO ESMALTADO;0178400023638;;PORCELAINGLASS;LIN;BASICO;;POLIVALENTE;BASE;BASE;MATE RECTIFICADO;VARIACION LEVE;;NO;;;;CLASE 1;R9;;GRUPO BIa;GL Esmaltado;;;NO;;1600-2400 N - 35-45 N/mm2;1;017.840.0002.14677;90X90(N);CATLOGO PAMESA;;;60;60;9;3600;60x60;LIN;GRIS;https://www.pamesa.com/ERP/4.0/empresas/151/045/imagenes/t00010602/0178400023638.jpg
17;840;33;14677;0178400023642;SI;REC.GLASS;60x60 LIN MARFIL;A;SI;SI;0.0000;PGL12;PAMESA;PAMESA;F/30/04 9MM;8429991977689;;8429991773199;M2;4;1.44;30;43.20;29.75;912.50;120.00;80.00;73.50;;9.00;18/11/2024;PAMESA;PAMESA;GRES PORCELNICO ESMALTADO;0178400023642;;PORCELAINGLASS;LIN;BASICO;;POLIVALENTE;BASE;BASE;MATE RECTIFICADO;VARIACION LEVE;;NO;;;;CLASE 1;R9;;GRUPO BIa;GL Esmaltado;;;NO;;1600-2400 N - 35-45 N/mm2;1;017.840.0033.14677;60x60;CATLOGO PAMESA;;;60;60;9;3600;60x60;LIN;MARFIL;https://www.pamesa.com/ERP/4.0/empresas/151/045/imagenes/t00010602/0178400023642.jpg
15;302;248;4370;0153022484370;SI;COM.GL;45x45 LOFT ANTRACITA;A;SI;SI;17.2500;PGL29;PAMESA;PAMESA;F/52/06;8429991574345;;8429991773182;M2;6;1.22;52;63.44;26.20;1,382.40;120.00;80.00;105.00;;;09/09/2020;PAMESA;PAMESA;GRES PORCELNICO ESMALTADO;0153022484370;;PORCELAINGLASS;LOFT;CEMENTO;;POLIVALENTE;BASE;BASE;MATE;VARIACION LEVE;;NO;;12;;CLASE 1;R9;;GRUPO BIa;GL Esmaltado;30 Moderate;20 High;SI;;1600-2400 N - 35-45 N/mm2;1;015.302.0248.04370;30x30(7)Malla;CATLOGO PAMESA;;;45;45;9,5;2025;45x45;LOFT;ANTRACITA;https://www.pamesa.com/ERP/4.0/empresas/151/045/imagenes/t00010602/0153022484370.jpg
15;302;33;4370;0153020334370;SI;COM.GL;45x45 LOFT MARFIL;A;SI;SI;17.2500;PGL29;PAMESA;PAMESA;F/52/06;8429991577469;;8429991773182;M2;6;1.22;52;63.44;26.20;1,382.40;120.00;80.00;105.00;;;22/09/2020;PAMESA;PAMESA;GRES PORCELNICO ESMALTADO;0153020334370;;PORCELAINGLASS;LOFT;CEMENTO;;POLIVALENTE;BASE;BASE;MATE;VARIACION LEVE;;NO;;12;;CLASE 1;R9;;GRUPO BIa;GL Esmaltado;30 Moderate;20 High;SI;;1600-2400 N - 35-45 N/mm2;1;015.302.0033.04370;60X120 RF;CATLOGO PAMESA;;;45;45;9,5;2025;45x45;LOFT;MARFIL;https://www.pamesa.com/ERP/4.0/empresas/151/045/imagenes/t00010602/0153020334370.jpg
15;302;37;4370;0153020374370;SI;COM.GL;45x45 LOFT PERLA;A;SI;SI;17.2500;PGL29;PAMESA;PAMESA;F/52/06;8429991569549;;8429991773182;M2;6;1.22;52;63.44;26.20;1,382.40;120.00;80.00;105.00;;;26/08/2020;PAMESA;PAMESA;GRES PORCELNICO ESMALTADO;0153020374370;;PORCELAINGLASS;LOFT;CEMENTO;;POLIVALENTE;BASE;BASE;MATE;VARIACION LEVE;;NO;;12;;CLASE 1;R9;;GRUPO BIa;GL Esmaltado;30 Moderate;20 High;SI;;1600-2400 N - 35-45 N/mm2;1;015.302.0037.04370;60X60;CATLOGO PAMESA;;;45;45;9,5;2025;45x45;LOFT;PERLA;https://www.pamesa.com/ERP/4.0/empresas/151/045/imagenes/t00010602/0153020374370.jpg
15;722;248;13602;0157220020482;SI;COM.GL;30,3x61,3 EXT.LOFT ANTRACITA;A;SI;SI;18.7500;PGL30;ADZ.ATRIUM;PAMESA;F/40/07;8429991835408;;8429991773328;M2;7;1.30;40;52.00;25.00;1,020.00;120.00;80.00;74.50;5;9.00;28/06/2023;PAMESA;PAMESA;GRES PORCELNICO ESMALTADO;0157220020482;;PORCELAINGLASS;LOFT;CEMENTO;;ANTIDESLIZANTE;BASE;BASE;MATE;VARIACION LEVE;NO;NO;;;;CLASE 3;R11;C;GRUPO BIa;GL Esmaltado;;36 Low;NO;0.42;>10000 N - 35-45 N/mm2;1;015.722.0248.13602;60,8x60,8;CATLOGO PAMESA;;;30,3;61,3;9;1857,39;30,3x61,3;EXT.LOFT;ANTRACITA;https://www.pamesa.com/ERP/4.0/empresas/151/045/imagenes/t00010602/0157220020482.jpg
15;722;33;13602;0157220020480;SI;COM.GL;30,3x61,3 EXT.LOFT MARFIL;A;SI;SI;18.7500;PGL30;ADZ.ATRIUM;PAMESA;F/40/07;8429991835385;;8429991773328;M2;7;1.30;40;52.00;25.00;1,020.00;120.00;80.00;74.50;5;9.00;28/06/2023;PAMESA;PAMESA;GRES PORCELNICO ESMALTADO;0157220020480;;PORCELAINGLASS;LOFT;CEMENTO;;ANTIDESLIZANTE;BASE;BASE;MATE;VARIACION LEVE;NO;NO;;;;CLASE 3;R11;C;GRUPO BIa;GL Esmaltado;;36 Low;NO;0.42;>10000 N - 35-45 N/mm2;1;015.722.0033.13602;100X100;CATLOGO PAMESA;;;30,3;61,3;9;1857,39;30,3x61,3;EXT.LOFT;MARFIL;https://www.pamesa.com/ERP/4.0/empresas/151/045/imagenes/t00010602/0157220020480.jpg
15;722;37;13602;0157220020481;SI;COM.GL;30,3x61,3 EXT.LOFT PERLA;A;SI;SI;18.7500;PGL30;ADZ.ATRIUM;PAMESA;F/40/07;8429991835392;;8429991773328;M2;7;1.30;40;52.00;25.00;1,020.00;120.00;80.00;74.50;5;9.00;28/06/2023;PAMESA;PAMESA;GRES PORCELNICO ESMALTADO;0157220020481;;PORCELAINGLASS;LOFT;CEMENTO;;ANTIDESLIZANTE;BASE;BASE;MATE;VARIACION LEVE;NO;NO;;;;CLASE 3;R11;C;GRUPO BIa;GL Esmaltado;;36 Low;NO;0.42;>10000 N - 35-45 N/mm2;1;015.722.0037.13602;60X120(n);CATLOGO PAMESA;;;30,3;61,3;9;1857,39;30,3x61,3;EXT.LOFT;PERLA;https://www.pamesa.com/ERP/4.0/empresas/151/045/imagenes/t00010602/0157220020481.jpg
15;722;248;4370;0157222484370;SI;COM.GL;30,3x61,3 LOFT ANTRACITA;A;SI;SI;18.2500;PGL04;PAMESA;PAMESA;F/40/07;8429991569594;;8429991773182;M2;7;1.30;40;52.00;25.00;1,020.00;120.00;80.00;74.50;5;9.00;26/08/2020;PAMESA;PAMESA;GRES PORCELNICO ESMALTADO;0157222484370;;PORCELAINGLASS;LOFT;CEMENTO;;POLIVALENTE;BASE;BASE;MATE;VARIACION LEVE;;NO;;12;;CLASE 1;R9;;GRUPO BIa;GL Esmaltado;30 Moderate;20 High;NO;;1600-2400 N - 35-45 N/mm2;1;015.722.0248.04370;60,8x60,8;CATLOGO PAMESA;;;30,3;61,3;9;1857,39;30,3x61,3;LOFT;ANTRACITA;https://www.pamesa.com/ERP/4.0/empresas/151/045/imagenes/t00010602/0157222484370.jpg
15;722;33;4370;0157220334370;SI;COM.GL;30,3x61,3 LOFT MARFIL;A;SI;SI;18.2500;PGL04;PAMESA;PAMESA;F/40/07;8429991585785;;8429991773182;M2;7;1.30;40;52.00;25.00;1,020.00;120.00;80.00;74.50;5;9.00;19/10/2020;PAMESA;PAMESA;GRES PORCELNICO ESMALTADO;0157220334370;;PORCELAINGLASS;LOFT;CEMENTO;;POLIVALENTE;BASE;BASE;MATE;VARIACION LEVE;;NO;;12;;CLASE 1;R9;;GRUPO BIa;GL Esmaltado;30 Moderate;20 High;NO;;1600-2400 N - 35-45 N/mm2;1;015.722.0033.04370;30,3X61,3;CATLOGO PAMESA;;;30,3;61,3;9;1857,39;30,3x61,3;LOFT;MARFIL;https://www.pamesa.com/ERP/4.0/empresas/151/045/imagenes/t00010602/0157220334370.jpg
15;722;37;4370;0157220374370;SI;COM.GL;30,3x61,3 LOFT PERLA;A;SI;SI;18.2500;PGL04;PAMESA;PAMESA;F/40/07;8429991569587;;8429991773182;M2;7;1.30;40;52.00;25.00;1,020.00;120.00;80.00;74.50;5;9.00;26/08/2020;PAMESA;PAMESA;GRES PORCELNICO ESMALTADO;0157220374370;;PORCELAINGLASS;LOFT;CEMENTO;;POLIVALENTE;BASE;BASE;MATE;VARIACION LEVE;;NO;;12;;CLASE 1;R9;;GRUPO BIa;GL Esmaltado;30 Moderate;20 High;NO;;1600-2400 N - 35-45 N/mm2;1;015.722.0037.04370;60X120(n);CATLOGO PAMESA;;;30,3;61,3;9;1857,39;30,3x61,3;LOFT;PERLA;https://www.pamesa.com/ERP/4.0/empresas/151/045/imagenes/t00010602/0157220374370.jpg
17;785;161;1663;0177850032605;SI;REC.GLASS;60x60N(20mm) LOMBOK GREY;A;SI;SI;0.0000;2CM01;PAMESA;PAMESA;F/30/02;8429991153489;;01001?2000;M2;2;0.72;30;21.60;28.50;875.00;120.00;80.00;73.50;;20.00;18/06/2025;PAMESA;PAMESA;GRES PORCELNICO ESMALTADO;0177850032605;;PORCELAINGLASS;LOMBOK;DECORADOS;;PAVIMENTO;BASE;BASE;MATE RECTIFICADO;VARIACION ALTA;;;;;;CLASE 3;R11;C;;;;36 Low;;;;1;017.785.0161.01663;60X60N(20MM);CATLOGO PAMESA;;;60;60;20;3600;60x60;LOMBOK;GREY;https://www.pamesa.com/ERP/4.0/empresas/151/045/imagenes/t00010602/0177850032605.jpg
17;785;119;1663;0177850032604;SI;REC.GLASS;60x60N(20mm) LOMBOK SAND;A;SI;SI;0.0000;2CM01;PAMESA;PAMESA;F/30/02;8429991153472;;01001?2000;M2;2;0.72;30;21.60;28.50;875.00;120.00;80.00;73.50;;20.00;18/06/2025;PAMESA;PAMESA;GRES PORCELNICO ESMALTADO;0177850032604;;PORCELAINGLASS;LOMBOK;DECORADOS;;PAVIMENTO;BASE;BASE;MATE RECTIFICADO;VARIACION ALTA;;;;;;CLASE 3;R11;C;;;;36 Low;;;;1;017.785.0119.01663;60X120 RF;CATLOGO PAMESA;;;60;60;20;3600;60x60;LOMBOK;SAND;https://www.pamesa.com/ERP/4.0/empresas/151/045/imagenes/t00010602/0177850032604.jpg
17;840;19;5232;0178400195232;SI;REC.GLASS;60x60 LUBECK CENIZA;A;SI;SI;20.2500;PGL12;PAMESA;PAMESA;F/30/04 9MM;8429991098636;;8429991773199;M2;4;1.44;30;43.20;29.75;912.50;120.00;80.00;73.50;;9.00;04/06/2015;ATRIUM;SERIE ATRIUM;GRES PORCELNICO ESMALTADO;0178400195232;;PORCELAINGLASS;LUBECK;CEMENTO;;PAVIMENTO;BASE;BASE;MATE RECTIFICADO;VARIACION LEVE;;NO;;;;CLASE 1;R9;;GRUPO BIa;GL Esmaltado;60 Low;;NO;0.65;1600-2400 N - 35-45 N/mm2;3;017.840.0019.05232;120X120;CATLOGO PAMESA;;;60;60;9;3600;60x60;LUBECK;CENIZA;https://www.pamesa.com/ERP/4.0/empresas/151/045/imagenes/t00010602/0178400195232.jpg
17;840;37;5232;0178400375232;SI;REC.GLASS;60x60 LUBECK PERLA;A;SI;SI;20.2500;PGL12;PAMESA;PAMESA;F/30/04 9MM;8429991098643;;8429991773199;M2;4;1.44;30;43.20;29.75;912.50;120.00;80.00;73.50;;9.00;04/06/2015;ATRIUM;SERIE ATRIUM;GRES PORCELNICO ESMALTADO;0178400375232;;PORCELAINGLASS;LUBECK;CEMENTO;;PAVIMENTO;BASE;BASE;MATE RECTIFICADO;VARIACION LEVE;;NO;;;;CLASE 1;R9;;GRUPO BIa;GL Esmaltado;60 Low;;NO;0.65;1600-2400 N - 35-45 N/mm2;3;017.840.0037.05232;60X90(N)20MM;CATLOGO PAMESA;;;60;60;9;3600;60x60;LUBECK;PERLA;https://www.pamesa.com/ERP/4.0/empresas/151/045/imagenes/t00010602/0178400375232.jpg
17;840;285;5232;0178402855232;SI;REC.GLASS;60x60 LUBECK TAUPE;A;SI;SI;20.2500;PGL12;PAMESA;PAMESA;F/30/04 9MM;8429991098650;;8429991773199;M2;4;1.44;30;43.20;29.75;912.50;120.00;80.00;73.50;;9.00;04/06/2015;ATRIUM;SERIE ATRIUM;GRES PORCELNICO ESMALTADO;0178402855232;;PORCELAINGLASS;LUBECK;CEMENTO;;PAVIMENTO;BASE;BASE;MATE RECTIFICADO;VARIACION LEVE;;NO;;;;CLASE 1;R9;;GRUPO BIa;GL Esmaltado;60 Low;;NO;0.65;1600-2400 N - 35-45 N/mm2;3;017.840.0285.05232;60X120(n);CATLOGO PAMESA;;;60;60;9;3600;60x60;LUBECK;TAUPE;https://www.pamesa.com/ERP/4.0/empresas/151/045/imagenes/t00010602/0178402855232.jpg
17;840;297;5232;0178402975232;SI;REC.GLASS;60x60 LUBECK TORTORA;A;SI;SI;20.2500;PGL12;PAMESA;PAMESA;F/30/04 9MM;8429991098667;;8429991773199;M2;4;1.44;30;43.20;29.75;912.50;120.00;80.00;73.50;;9.00;04/06/2015;ATRIUM;SERIE ATRIUM;GRES PORCELNICO ESMALTADO;0178402975232;;PORCELAINGLASS;LUBECK;CEMENTO;;PAVIMENTO;BASE;BASE;MATE RECTIFICADO;VARIACION LEVE;;NO;;;;CLASE 1;R9;;GRUPO BIa;GL Esmaltado;60 Low;;NO;0.65;1600-2400 N - 35-45 N/mm2;3;017.840.0297.05232;60X120 RF;CATLOGO PAMESA;;;60;60;9;3600;60x60;LUBECK;TORTORA;https://www.pamesa.com/ERP/4.0/empresas/151/045/imagenes/t00010602/0178402975232.jpg
17;10;213;14936;0170100024497;SI;REC.GLASS;100x100 MONREALE GRIGIO;A;SI;SI;0.0000;PGL31;PAMESA;PAMESA;27/27/02;8429991993252;;8429991773199;M2;2;2.00;27;54.00;41.15;1,133.05;107.00;107.00;77.00;;;23/01/2025;PAMESA;PAMESA;GRES PORCELNICO ESMALTADO;0170100024497;;PORCELAINGLASS;MONREALE;PIEDRA;;POLIVALENTE;BASE;BASE;MATE RECTIFICADO;VARIACION MODERADA;;NO;;;PEI III;CLASE 1;R9;;GRUPO BIa;GL Esmaltado;;;NO;;1600-2400 N - 35-45 N/mm2;1;017.010.0213.14936;60X120(n);CATLOGO PAMESA;;;100;100;9;10000;100x100;MONREALE;GRIGIO;https://www.pamesa.com/ERP/4.0/empresas/151/045/imagenes/t00010602/0170100024497.jpg
17;10;37;14936;0170100024496;SI;REC.GLASS;100x100 MONREALE PERLA;A;SI;SI;0.0000;PGL31;PAMESA;PAMESA;27/27/02;8429991993245;;8429991773199;M2;2;2.00;27;54.00;41.15;1,133.05;107.00;107.00;77.00;;;23/01/2025;PAMESA;PAMESA;GRES PORCELNICO ESMALTADO;0170100024496;;PORCELAINGLASS;MONREALE;PIEDRA;;POLIVALENTE;BASE;BASE;MATE RECTIFICADO;VARIACION MODERADA;;NO;;;PEI IV;CLASE 1;R9;;GRUPO BIa;GL Esmaltado;;;NO;;1600-2400 N - 35-45 N/mm2;1;017.010.0037.14936;60x60;CATLOGO PAMESA;;;100;100;9;10000;100x100;MONREALE;PERLA;https://www.pamesa.com/ERP/4.0/empresas/151/045/imagenes/t00010602/0170100024496.jpg
17;10;598;14936;0170100024503;SI;REC.GLASS;100x100 MONREALE SABBIA;A;SI;SI;0.0000;PGL31;PAMESA;PAMESA;27/27/02;8429991993276;;8429991773199;M2;2;2.00;27;54.00;41.15;1,133.05;107.00;107.00;77.00;;;23/01/2025;PAMESA;PAMESA;GRES PORCELNICO ESMALTADO;0170100024503;;PORCELAINGLASS;MONREALE;PIEDRA;;POLIVALENTE;BASE;BASE;MATE RECTIFICADO;VARIACION MODERADA;;NO;;;PEI IV;CLASE 1;R9;;GRUPO BIa;GL Esmaltado;;;NO;;1600-2400 N - 35-45 N/mm2;1;017.010.0598.14936;60x60;CATLOGO PAMESA;;;100;100;9;10000;100x100;MONREALE;SABBIA;https://www.pamesa.com/ERP/4.0/empresas/151/045/imagenes/t00010602/0170100024503.jpg
17;10;285;14936;0170100024499;SI;REC.GLASS;100x100 MONREALE TAUPE;A;SI;SI;0.0000;PGL31;PAMESA;PAMESA;27/27/02;8429991993269;;8429991773199;M2;2;2.00;27;54.00;41.15;1,133.05;107.00;107.00;77.00;;;23/01/2025;PAMESA;PAMESA;GRES PORCELNICO ESMALTADO;0170100024499;;PORCELAINGLASS;MONREALE;PIEDRA;;POLIVALENTE;BASE;BASE;MATE RECTIFICADO;VARIACION MODERADA;;NO;;;PEI IV;CLASE 1;R9;;GRUPO BIa;GL Esmaltado;;;NO;;1600-2400 N - 35-45 N/mm2;1;017.010.0285.14936;60X120(n);CATLOGO PAMESA;;;100;100;9;10000;100x100;MONREALE;TAUPE;https://www.pamesa.com/ERP/4.0/empresas/151/045/imagenes/t00010602/0170100024499.jpg
17;250;213;14936;0172500024497;SI;REC.GLASS;60x120(n) MONREALE GRIGIO;A;SI;SI;0.0000;PGL16;PAMESA;PAMESA;L/36/02 RF;8429991972462;;8429991773199;M2;2;1.44;36;51.84;28.62;1,055.32;122.00;84.00;73.50;;;17/10/2024;PAMESA;PAMESA;GRES PORCELNICO ESMALTADO;0172500024497;;PORCELAINGLASS;MONREALE;PIEDRA;;POLIVALENTE;BASE;BASE;MATE RECTIFICADO;VARIACION MODERADA;;NO;;;PEI III;CLASE 1;R9;;GRUPO BIa;GL Esmaltado;;;NO;;1600-2400 N - 35-45 N/mm2;1;017.250.0213.14936;45X90C(N);CATLOGO PAMESA;;;60;120;9;7200;60x120;MONREALE;GRIGIO;https://www.pamesa.com/ERP/4.0/empresas/151/045/imagenes/t00010602/0172500024497.jpg
17;250;37;14936;0172500024496;SI;REC.GLASS;60x120(n) MONREALE PERLA;A;SI;SI;0.0000;PGL16;PAMESA;PAMESA;L/36/02 RF;8429991972455;;8429991773199;M2;2;1.44;36;51.84;28.62;1,055.32;122.00;84.00;73.50;;;17/10/2024;PAMESA;PAMESA;GRES PORCELNICO ESMALTADO;0172500024496;;PORCELAINGLASS;MONREALE;PIEDRA;;POLIVALENTE;BASE;BASE;MATE RECTIFICADO;VARIACION MODERADA;;NO;;;PEI IV;CLASE 1;R9;;GRUPO BIa;GL Esmaltado;;;NO;;1600-2400 N - 35-45 N/mm2;1;017.250.0037.14936;30x30(7)Malla;CATLOGO PAMESA;;;60;120;9;7200;60x120;MONREALE;PERLA;https://www.pamesa.com/ERP/4.0/empresas/151/045/imagenes/t00010602/0172500024496.jpg
17;250;598;14936;0172500024503;SI;REC.GLASS;60x120(n) MONREALE SABBIA;A;SI;SI;0.0000;PGL16;PAMESA;PAMESA;L/36/02 RF;8429991972486;;8429991773199;M2;2;1.44;36;51.84;28.62;1,055.32;122.00;84.00;73.50;;;17/10/2024;PAMESA;PAMESA;GRES PORCELNICO ESMALTADO;0172500024503;;PORCELAINGLASS;MONREALE;PIEDRA;;POLIVALENTE;BASE;BASE;MATE RECTIFICADO;VARIACION MODERADA;;NO;;;PEI IV;CLASE 1;R9;;GRUPO BIa;GL Esmaltado;;;NO;;1600-2400 N - 35-45 N/mm2;1;017.250.0598.14936;30x30(7)Malla;CATLOGO PAMESA;;;60;120;9;7200;60x120;MONREALE;SABBIA;https://www.pamesa.com/ERP/4.0/empresas/151/045/imagenes/t00010602/0172500024503.jpg
17;250;285;14936;0172500024499;SI;REC.GLASS;60x120(n) MONREALE TAUPE;A;SI;SI;0.0000;PGL16;PAMESA;PAMESA;L/36/02 RF;8429991972479;;8429991773199;M2;2;1.44;36;51.84;28.62;1,055.32;122.00;84.00;73.50;;;17/10/2024;PAMESA;PAMESA;GRES PORCELNICO ESMALTADO;0172500024499;;PORCELAINGLASS;MONREALE;PIEDRA;;POLIVALENTE;BASE;BASE;MATE RECTIFICADO;VARIACION MODERADA;;NO;;;PEI IV;CLASE 1;R9;;GRUPO BIa;GL Esmaltado;;;NO;;1600-2400 N - 35-45 N/mm2;1;017.250.0285.14936;60X120 RF;CATLOGO PAMESA;;;60;120;9;7200;60x120;MONREALE;TAUPE;https://www.pamesa.com/ERP/4.0/empresas/151/045/imagenes/t00010602/0172500024499.jpg
17;840;213;14936;0178400024497;SI;REC.GLASS;60x60 MONREALE GRIGIO;A;SI;SI;0.0000;PGL12;PAMESA;PAMESA;F/30/04 9MM;8429991972424;;8429991773199;M2;4;1.44;30;43.20;29.75;912.50;120.00;80.00;73.50;;9.00;17/10/2024;PAMESA;PAMESA;GRES PORCELNICO ESMALTADO;0178400024497;;PORCELAINGLASS;MONREALE;PIEDRA;;POLIVALENTE;BASE;BASE;MATE RECTIFICADO;VARIACION MODERADA;;;;;PEI III;CLASE 1;R9;;GRUPO BIa;GL Esmaltado;;;NO;;1600-2400 N - 35-45 N/mm2;1;017.840.0213.14936;60x60;CATLOGO PAMESA;;;60;60;9;3600;60x60;MONREALE;GRIGIO;https://www.pamesa.com/ERP/4.0/empresas/151/045/imagenes/t00010602/0178400024497.jpg
17;840;37;14936;0178400024496;SI;REC.GLASS;60x60 MONREALE PERLA;A;SI;SI;0.0000;PGL12;PAMESA;PAMESA;F/30/04 9MM;8429991972417;;8429991773199;M2;4;1.44;30;43.20;29.75;912.50;120.00;80.00;73.50;;9.00;17/10/2024;PAMESA;PAMESA;GRES PORCELNICO ESMALTADO;0178400024496;;PORCELAINGLASS;MONREALE;PIEDRA;;POLIVALENTE;BASE;BASE;MATE RECTIFICADO;VARIACION MODERADA;;;;;PEI IV;CLASE 1;R9;;GRUPO BIa;GL Esmaltado;;;NO;;1600-2400 N - 35-45 N/mm2;1;017.840.0037.14936;90X90(N);CATLOGO PAMESA;;;60;60;9;3600;60x60;MONREALE;PERLA;https://www.pamesa.com/ERP/4.0/empresas/151/045/imagenes/t00010602/0178400024496.jpg
17;840;598;14936;0178400024503;SI;REC.GLASS;60x60 MONREALE SABBIA;A;SI;SI;0.0000;PGL12;PAMESA;PAMESA;F/30/04 9MM;8429991972448;;8429991773199;M2;4;1.44;30;43.20;29.75;912.50;120.00;80.00;73.50;;9.00;17/10/2024;PAMESA;PAMESA;GRES PORCELNICO ESMALTADO;0178400024503;;PORCELAINGLASS;MONREALE;PIEDRA;;POLIVALENTE;BASE;BASE;MATE RECTIFICADO;VARIACION MODERADA;;;;;PEI IV;CLASE 1;R9;;GRUPO BIa;GL Esmaltado;;;NO;;1600-2400 N - 35-45 N/mm2;1;017.840.0598.14936;100X100;CATLOGO PAMESA;;;60;60;9;3600;60x60;MONREALE;SABBIA;https://www.pamesa.com/ERP/4.0/empresas/151/045/imagenes/t00010602/0178400024503.jpg
17;840;285;14936;0178400024499;SI;REC.GLASS;60x60 MONREALE TAUPE;A;SI;SI;0.0000;PGL12;PAMESA;PAMESA;F/30/04 9MM;8429991972431;;8429991773199;M2;4;1.44;30;43.20;29.75;912.50;120.00;80.00;73.50;;9.00;17/10/2024;PAMESA;PAMESA;GRES PORCELNICO ESMALTADO;0178400024499;;PORCELAINGLASS;MONREALE;PIEDRA;;POLIVALENTE;BASE;BASE;MATE RECTIFICADO;VARIACION MODERADA;;;;;PEI IV;CLASE 1;R9;;GRUPO BIa;GL Esmaltado;;;NO;;1600-2400 N - 35-45 N/mm2;1;017.840.0285.14936;60X120(n);CATLOGO PAMESA;;;60;60;9;3600;60x60;MONREALE;TAUPE;https://www.pamesa.com/ERP/4.0/empresas/151/045/imagenes/t00010602/0178400024499.jpg
17;450;213;14936;0174500024497;SI;REC.GLASS;30x60 (C) MONREALE GRIGIO;A;SI;SI;0.0000;PGL25;PAMESA;PAMESA;F/48/06 9MM;8429991972387;;8429991773199;M2;6;1.08;48;51.84;22.63;1,106.24;120.00;80.00;74.00;;9.00;17/10/2024;PAMESA;PAMESA;GRES PORCELNICO ESMALTADO;0174500024497;;PORCELAINGLASS;MONREALE;PIEDRA;;POLIVALENTE;BASE;BASE;MATE RECTIFICADO;VARIACION MODERADA;;NO;;;PEI III;CLASE 1;R9;;GRUPO BIa;GL Esmaltado;;;NO;;1600-2400 N - 35-45 N/mm2;1;017.450.0213.14936;60X120(n);CATLOGO PAMESA;;;30;60;9,5;1800;30x60;MONREALE;GRIGIO;https://www.pamesa.com/ERP/4.0/empresas/151/045/imagenes/t00010602/0174500024497.jpg
17;450;37;14936;0174500024496;SI;REC.GLASS;30x60 (C) MONREALE PERLA;A;SI;SI;0.0000;PGL25;PAMESA;PAMESA;F/48/06 9MM;8429991972370;;8429991773199;M2;6;1.08;48;51.84;22.63;1,106.24;120.00;80.00;74.00;;9.00;17/10/2024;PAMESA;PAMESA;GRES PORCELNICO ESMALTADO;0174500024496;;PORCELAINGLASS;MONREALE;PIEDRA;;POLIVALENTE;BASE;BASE;MATE RECTIFICADO;VARIACION MODERADA;;NO;;;PEI IV;CLASE 1;R9;;GRUPO BIa;GL Esmaltado;;;NO;;1600-2400 N - 35-45 N/mm2;1;017.450.0037.14936;120X120;CATLOGO PAMESA;;;30;60;9,5;1800;30x60;MONREALE;PERLA;https://www.pamesa.com/ERP/4.0/empresas/151/045/imagenes/t00010602/0174500024496.jpg
17;450;598;14936;0174500024503;SI;REC.GLASS;30x60 (C) MONREALE SABBIA;A;SI;SI;0.0000;PGL25;PAMESA;PAMESA;F/48/06 9MM;8429991972400;;8429991773199;M2;6;1.08;48;51.84;22.63;1,106.24;120.00;80.00;74.00;;9.00;17/10/2024;PAMESA;PAMESA;GRES PORCELNICO ESMALTADO;0174500024503;;PORCELAINGLASS;MONREALE;PIEDRA;;POLIVALENTE;BASE;BASE;MATE RECTIFICADO;VARIACION MODERADA;;NO;;;PEI IV;CLASE 1;R9;;GRUPO BIa;GL Esmaltado;;;NO;;1600-2400 N - 35-45 N/mm2;1;017.450.0598.14936;60x60;CATLOGO PAMESA;;;30;60;9,5;1800;30x60;MONREALE;SABBIA;https://www.pamesa.com/ERP/4.0/empresas/151/045/imagenes/t00010602/0174500024503.jpg
17;450;285;14936;0174500024499;SI;REC.GLASS;30x60 (C) MONREALE TAUPE;A;SI;SI;0.0000;PGL25;PAMESA;PAMESA;F/48/06 9MM;8429991972394;;8429991773199;M2;6;1.08;48;51.84;22.63;1,106.24;120.00;80.00;74.00;;9.00;17/10/2024;PAMESA;PAMESA;GRES PORCELNICO ESMALTADO;0174500024499;;PORCELAINGLASS;MONREALE;PIEDRA;;POLIVALENTE;BASE;BASE;MATE RECTIFICADO;VARIACION MODERADA;;NO;;;PEI IV;CLASE 1;R9;;GRUPO BIa;GL Esmaltado;;;NO;;1600-2400 N - 35-45 N/mm2;1;017.450.0285.14936;60X120(n);CATLOGO PAMESA;;;30;60;9,5;1800;30x60;MONREALE;TAUPE;https://www.pamesa.com/ERP/4.0/empresas/151/045/imagenes/t00010602/0174500024499.jpg
25;590;213;14936;0255900027162;SI;PZ.ESP COM-GLAS;30x30(7)Malla MONREALE GRIGIO;A;SI;SI;0.0000;MOS7;PAMESA;PAMESA;E/42/11;8429991117344;;;M2;11;1.00;42;42.00;23.10;990.20;120.00;80.00;;;;31/03/2025;PAMESA;PAMESA;GRES PORCELNICO ESMALTADO;0255900027162;;PORCELAINGLASS;MONREALE;PIEDRA;;POLIVALENTE;MALLA;MOSAICO;MATE RECTIFICADO;VARIACION MODERADA;;;;;;;;;GRUPO BIa;GL Esmaltado;;;NO;;;1;025.590.0213.14936;30x60 (C);CATLOGO PAMESA;;;30;30;0;900;30x30;MONREALE;GRIGIO;https://www.pamesa.com/ERP/4.0/empresas/151/045/imagenes/t00010602/0255900027162.jpg
25;590;37;14936;0255900027157;SI;PZ.ESP COM-GLAS;30x30(7)Malla MONREALE PERLA;A;SI;SI;0.0000;MOS7;PAMESA;PAMESA;E/42/11;8429991117306;;;M2;11;1.00;42;42.00;23.10;990.20;120.00;80.00;;;;31/03/2025;PAMESA;PAMESA;GRES PORCELNICO ESMALTADO;0255900027157;;PORCELAINGLASS;MONREALE;PIEDRA;;POLIVALENTE;MALLA;MOSAICO;MATE RECTIFICADO;VARIACION MODERADA;;;;;;;;;GRUPO BIa;GL Esmaltado;;;NO;;;1;025.590.0037.14936;30x60 (C);CATLOGO PAMESA;;;30;30;0;900;30x30;MONREALE;PERLA;https://www.pamesa.com/ERP/4.0/empresas/151/045/imagenes/t00010602/0255900027157.jpg
25;590;598;14936;0255900027156;SI;PZ.ESP COM-GLAS;30x30(7)Malla MONREALE SABBIA;A;SI;SI;0.0000;MOS7;PAMESA;PAMESA;E/42/11;8429991117290;;;M2;11;1.00;42;42.00;23.10;990.20;120.00;80.00;;;;31/03/2025;PAMESA;PAMESA;GRES PORCELNICO ESMALTADO;0255900027156;;PORCELAINGLASS;MONREALE;PIEDRA;;POLIVALENTE;MALLA;MOSAICO;MATE RECTIFICADO;VARIACION MODERADA;;;;;;;;;GRUPO BIa;GL Esmaltado;;;NO;;;1;025.590.0598.14936;60X120(T)C;CATLOGO PAMESA;;;30;30;0;900;30x30;MONREALE;SABBIA;https://www.pamesa.com/ERP/4.0/empresas/151/045/imagenes/t00010602/0255900027156.jpg
25;590;285;14936;0255900027158;SI;PZ.ESP COM-GLAS;30x30(7)Malla MONREALE TAUPE;A;SI;SI;0.0000;MOS7;PAMESA;PAMESA;E/42/11;8429991117313;;;M2;11;1.00;42;42.00;23.10;990.20;120.00;80.00;;;;31/03/2025;PAMESA;PAMESA;GRES PORCELNICO ESMALTADO;0255900027158;;PORCELAINGLASS;MONREALE;PIEDRA;;POLIVALENTE;MALLA;MOSAICO;MATE RECTIFICADO;VARIACION MODERADA;;;;;;;;;GRUPO BIa;GL Esmaltado;;;NO;;;1;025.590.0285.14936;120X120(T);CATLOGO PAMESA;;;30;30;0;900;30x30;MONREALE;TAUPE;https://www.pamesa.com/ERP/4.0/empresas/151/045/imagenes/t00010602/0255900027158.jpg
17;250;2;14654;0172500023539;SI;REC.GLASS;60x120(n) AT.MURANO MATE GRIS;A;SI;SI;21.7500;PGL16;ATRIUM;PAMESA;L/36/02 RF;;;8429991773335;M2;2;1.44;36;51.84;28.62;1,055.32;122.00;84.00;73.50;;;07/06/2024;PAMESA;PAMESA;GRES PORCELNICO ESMALTADO;0172500023539;;PORCELAINGLASS;MURANO;MARMOL;;POLIVALENTE;BASE;BASE;MATE RECTIFICADO;VARIACION MODERADA;;NO;;;;CLASE 1;R9;;GRUPO BIa;GL Esmaltado;;;NO;;1600-2400 N - 35-45 N/mm2;1;017.250.0002.14654;60X120 RF;CATLOGO PAMESA;;;60;120;9;7200;60x120;AT.MURANO MATE;GRIS;https://www.pamesa.com/ERP/4.0/empresas/151/045/imagenes/t00010602/0172500023539.jpg
17;250;37;14654;0172500023540;SI;REC.GLASS;60x120(n) AT.MURANO MATE PERLA;A;SI;SI;21.7500;PGL16;ATRIUM;PAMESA;L/36/02 RF;;;8429991773335;M2;2;1.44;36;51.84;28.62;1,055.32;122.00;84.00;73.50;;;07/06/2024;PAMESA;PAMESA;GRES PORCELNICO ESMALTADO;0172500023540;;PORCELAINGLASS;MURANO;MARMOL;;POLIVALENTE;BASE;BASE;MATE RECTIFICADO;VARIACION MODERADA;;NO;;;;CLASE 1;R9;;GRUPO BIa;GL Esmaltado;;;NO;;1600-2400 N - 35-45 N/mm2;1;017.250.0037.14654;30x30(7)Malla;CATLOGO PAMESA;;;60;120;9;7200;60x120;AT.MURANO MATE;PERLA;https://www.pamesa.com/ERP/4.0/empresas/151/045/imagenes/t00010602/0172500023540.jpg
17;250;12;5035;0172500033830;SI;REC.GLASS;60x120(n) MURANO BLANCO;A;SI;SI;0.0000;PGL15;PAMESA;PAMESA;L/36/02 RF;8429991599683;;8429991773199;M2;2;1.44;36;51.84;28.62;1,055.32;122.00;84.00;73.50;;;08/07/2025;PAMESA;PAMESA;GRES PORCELNICO ESMALTADO;0172500033830;;PORCELAINGLASS;MURANO;MARMOL;;POLIVALENTE;BASE;BASE;BRILLO RECTIFICADO;VARIACION MODERADA;;;;;;CLASE 0;;;GRUPO BIa;GL Esmaltado;;;NO;;1600-2400 N - 35-45 N/mm2;1;017.250.0012.05035;60X120 RF;CATLOGO PAMESA;;;60;120;9;7200;60x120;MURANO;BLANCO;https://www.pamesa.com/ERP/4.0/empresas/151/045/imagenes/t00010602/0172500033830.jpg
17;250;2;5035;0172500033286;SI;REC.GLASS;60x120(n) MURANO GRIS;A;SI;SI;0.0000;PGL15;PAMESA;PAMESA;L/36/02 RF;8429991599706;;8429991773199;M2;2;1.44;36;51.84;28.62;1,055.32;122.00;84.00;73.50;;;01/07/2025;PAMESA;PAMESA;GRES PORCELNICO ESMALTADO;0172500033286;;PORCELAINGLASS;MURANO;MARMOL;;POLIVALENTE;BASE;BASE;BRILLO RECTIFICADO;VARIACION MODERADA;;;;;;;;;GRUPO BIa;GL Esmaltado;;;NO;;1600-2400 N - 35-45 N/mm2;1;017.250.0002.05035;120X120;CATLOGO PAMESA;;;60;120;9;7200;60x120;MURANO;GRIS;https://www.pamesa.com/ERP/4.0/empresas/151/045/imagenes/t00010602/0172500033286.jpg
17;250;33;5035;0172500033287;SI;REC.GLASS;60x120(n) MURANO MARFIL;A;SI;SI;0.0000;PGL15;PAMESA;PAMESA;L/36/02 RF;8429991599676;;8429991773199;M2;2;1.44;36;51.84;28.62;1,055.32;122.00;84.00;73.50;;;01/07/2025;PAMESA;PAMESA;GRES PORCELNICO ESMALTADO;0172500033287;;PORCELAINGLASS;MURANO;MARMOL;;POLIVALENTE;BASE;BASE;BRILLO RECTIFICADO;VARIACION MODERADA;;;;;;;;;GRUPO BIa;GL Esmaltado;;;NO;;1600-2400 N - 35-45 N/mm2;1;017.250.0033.05035;60X120(n);CATLOGO PAMESA;;;60;120;9;7200;60x120;MURANO;MARFIL;https://www.pamesa.com/ERP/4.0/empresas/151/045/imagenes/t00010602/0172500033287.jpg
17;250;37;5035;0172500033831;SI;REC.GLASS;60x120(n) MURANO PERLA;A;SI;SI;0.0000;PGL15;PAMESA;PAMESA;L/36/02 RF;8429991599690;;8429991773199;M2;2;1.44;36;51.84;28.62;1,055.32;122.00;84.00;73.50;;;08/07/2025;PAMESA;PAMESA;GRES PORCELNICO ESMALTADO;0172500033831;;PORCELAINGLASS;MURANO;MARMOL;;POLIVALENTE;BASE;BASE;BRILLO RECTIFICADO;VARIACION MODERADA;;;;;;;;;GRUPO BIa;GL Esmaltado;;;NO;;1600-2400 N - 35-45 N/mm2;1;017.250.0037.05035;60x60;CATLOGO PAMESA;;;60;120;9;7200;60x120;MURANO;PERLA;https://www.pamesa.com/ERP/4.0/empresas/151/045/imagenes/t00010602/0172500033831.jpg
17;250;12;2636;0172500033838;SI;REC.GLASS;60x120(n) MURANO MATE BLANCO;A;SI;SI;0.0000;PGL16;PAMESA;PAMESA;L/36/02 RF;8429991939700;;8429991773199;M2;2;1.44;36;51.84;28.62;1,055.32;122.00;84.00;73.50;;;08/07/2025;PAMESA;PAMESA;GRES PORCELNICO ESMALTADO;0172500033838;;PORCELAINGLASS;MURANO;MARMOL;;POLIVALENTE;BASE;BASE;MATE RECTIFICADO;VARIACION MODERADA;;;;;;CLASE 1;R9;;GRUPO BIa;GL Esmaltado;;;NO;;1600-2400 N - 35-45 N/mm2;1;017.250.0012.02636;60X120 RF;CATLOGO PAMESA;;;60;120;9;7200;60x120;MURANO MATE;BLANCO;https://www.pamesa.com/ERP/4.0/empresas/151/045/imagenes/t00010602/0172500033838.jpg
17;250;2;2636;0172500033837;SI;REC.GLASS;60x120(n) MURANO MATE GRIS;A;SI;SI;0.0000;PGL16;PAMESA;PAMESA;L/36/02 RF;8429991939458;;8429991773199;M2;2;1.44;36;51.84;28.62;1,055.32;122.00;84.00;73.50;;;08/07/2025;PAMESA;PAMESA;GRES PORCELNICO ESMALTADO;0172500033837;;PORCELAINGLASS;MURANO;MARMOL;;POLIVALENTE;BASE;BASE;MATE RECTIFICADO;VARIACION MODERADA;;;;;;CLASE 1;R9;;GRUPO BIa;GL Esmaltado;;;NO;;1600-2400 N - 35-45 N/mm2;1;017.250.0002.02636;30X30 (5)MALLA;CATLOGO PAMESA;;;60;120;9;7200;60x120;MURANO MATE;GRIS;https://www.pamesa.com/ERP/4.0/empresas/151/045/imagenes/t00010602/0172500033837.jpg
17;250;33;2636;0172500033841;SI;REC.GLASS;60x120(n) MURANO MATE MARFIL;A;SI;SI;0.0000;PGL16;PAMESA;PAMESA;L/36/02 RF;8429991939441;;8429991773199;M2;2;1.44;36;51.84;28.62;1,055.32;122.00;84.00;73.50;;;08/07/2025;PAMESA;PAMESA;GRES PORCELNICO ESMALTADO;0172500033841;;PORCELAINGLASS;MURANO;MARMOL;;POLIVALENTE;BASE;BASE;MATE RECTIFICADO;VARIACION MODERADA;;;;;;CLASE 1;R9;;GRUPO BIa;GL Esmaltado;;;NO;;1600-2400 N - 35-45 N/mm2;1;017.250.0033.02636;90X90(N);CATLOGO PAMESA;;;60;120;9;7200;60x120;MURANO MATE;MARFIL;https://www.pamesa.com/ERP/4.0/empresas/151/045/imagenes/t00010602/0172500033841.jpg
17;250;37;2636;0172500033842;SI;REC.GLASS;60x120(n) MURANO MATE PERLA;A;SI;SI;0.0000;PGL16;PAMESA;PAMESA;L/36/02 RF;8429991939465;;8429991773199;M2;2;1.44;36;51.84;28.62;1,055.32;122.00;84.00;73.50;;;08/07/2025;PAMESA;PAMESA;GRES PORCELNICO ESMALTADO;0172500033842;;PORCELAINGLASS;MURANO;MARMOL;;POLIVALENTE;BASE;BASE;MATE RECTIFICADO;VARIACION MODERADA;;;;;;CLASE 1;R9;;GRUPO BIa;GL Esmaltado;;;NO;;1600-2400 N - 35-45 N/mm2;1;017.250.0037.02636;60X60N(20MM);CATLOGO PAMESA;;;60;120;9;7200;60x120;MURANO MATE;PERLA;https://www.pamesa.com/ERP/4.0/empresas/151/045/imagenes/t00010602/0172500033842.jpg
17;840;12;14654;0178400023566;SI;REC.GLASS;60x60 AT.MURANO MATE BLANCO;A;SI;SI;19.0000;PGL12;ATRIUM;PAMESA;F/30/04 9MM;;;8429991773335;M2;4;1.44;30;43.20;29.75;912.50;120.00;80.00;73.50;;9.00;10/06/2024;PAMESA;PAMESA;GRES PORCELNICO ESMALTADO;0178400023566;;PORCELAINGLASS;MURANO;MARMOL;;POLIVALENTE;BASE;BASE;MATE RECTIFICADO;VARIACION MODERADA;;NO;;;;CLASE 1;R9;;GRUPO BIa;GL Esmaltado;;;NO;;1600-2400 N - 35-45 N/mm2;1;017.840.0012.14654;60x60;CATLOGO PAMESA;;;60;60;9;3600;60x60;AT.MURANO MATE;BLANCO;https://www.pamesa.com/ERP/4.0/empresas/151/045/imagenes/t00010602/0178400023566.jpg
17;840;2;14654;0178400023539;SI;REC.GLASS;60x60 AT.MURANO MATE GRIS;A;SI;SI;19.0000;PGL12;ATRIUM;PAMESA;F/30/04 9MM;;;8429991773335;M2;4;1.44;30;43.20;29.75;912.50;120.00;80.00;73.50;;9.00;10/06/2024;PAMESA;PAMESA;GRES PORCELNICO ESMALTADO;0178400023539;;PORCELAINGLASS;MURANO;MARMOL;;POLIVALENTE;BASE;BASE;MATE RECTIFICADO;VARIACION MODERADA;;NO;;;;CLASE 1;R9;;GRUPO BIa;GL Esmaltado;;;NO;;1600-2400 N - 35-45 N/mm2;1;017.840.0002.14654;90X90(N);CATLOGO PAMESA;;;60;60;9;3600;60x60;AT.MURANO MATE;GRIS;https://www.pamesa.com/ERP/4.0/empresas/151/045/imagenes/t00010602/0178400023539.jpg
17;840;33;14654;0178400023538;SI;REC.GLASS;60x60 AT.MURANO MATE MARFIL;A;SI;SI;19.0000;PGL12;ATRIUM;PAMESA;F/30/04 9MM;;;8429991773335;M2;4;1.44;30;43.20;29.75;912.50;120.00;80.00;73.50;;9.00;10/06/2024;PAMESA;PAMESA;GRES PORCELNICO ESMALTADO;0178400023538;;PORCELAINGLASS;MURANO;MARMOL;;POLIVALENTE;BASE;BASE;MATE RECTIFICADO;VARIACION MODERADA;;NO;;;;CLASE 1;R9;;GRUPO BIa;GL Esmaltado;;;NO;;1600-2400 N - 35-45 N/mm2;1;017.840.0033.14654;60x60;CATLOGO PAMESA;;;60;60;9;3600;60x60;AT.MURANO MATE;MARFIL;https://www.pamesa.com/ERP/4.0/empresas/151/045/imagenes/t00010602/0178400023538.jpg
17;840;37;14654;0178400023540;SI;REC.GLASS;60x60 AT.MURANO MATE PERLA;A;SI;SI;19.0000;PGL12;ATRIUM;PAMESA;F/30/04 9MM;;;8429991773335;M2;4;1.44;30;43.20;29.75;912.50;120.00;80.00;73.50;;9.00;10/06/2024;PAMESA;PAMESA;GRES PORCELNICO ESMALTADO;0178400023540;;PORCELAINGLASS;MURANO;MARMOL;;POLIVALENTE;BASE;BASE;MATE RECTIFICADO;VARIACION MODERADA;;NO;;;;CLASE 1;R9;;GRUPO BIa;GL Esmaltado;;;NO;;1600-2400 N - 35-45 N/mm2;1;017.840.0037.14654;30,3X61,3;CATLOGO PAMESA;;;60;60;9;3600;60x60;AT.MURANO MATE;PERLA;https://www.pamesa.com/ERP/4.0/empresas/151/045/imagenes/t00010602/0178400023540.jpg
17;840;12;2636;0178400033848;SI;REC.GLASS;60x60 MURANO MATE BLANCO;A;SI;SI;0.0000;PGL12;PAMESA;PAMESA;F/30/04 9MM;8429991939786;;8429991773199;M2;4;1.44;30;43.20;29.75;912.50;120.00;80.00;73.50;;9.00;08/07/2025;PAMESA;PAMESA;GRES PORCELNICO ESMALTADO;0178400033848;;PORCELAINGLASS;MURANO;MARMOL;;POLIVALENTE;BASE;BASE;MATE RECTIFICADO;VARIACION MODERADA;;;;;;CLASE 1;R9;;GRUPO BIa;GL Esmaltado;;;NO;;1600-2400 N - 35-45 N/mm2;1;017.840.0012.02636;90X90(N);CATLOGO PAMESA;;;60;60;9;3600;60x60;MURANO MATE;BLANCO;https://www.pamesa.com/ERP/4.0/empresas/151/045/imagenes/t00010602/0178400033848.jpg
17;840;2;2636;0178400033847;SI;REC.GLASS;60x60 MURANO MATE GRIS;A;SI;SI;0.0000;PGL12;PAMESA;PAMESA;F/30/04 9MM;8429991939755;;8429991773199;M2;4;1.44;30;43.20;29.75;912.50;120.00;80.00;73.50;;9.00;08/07/2025;PAMESA;PAMESA;GRES PORCELNICO ESMALTADO;0178400033847;;PORCELAINGLASS;MURANO;MARMOL;;POLIVALENTE;BASE;BASE;MATE RECTIFICADO;VARIACION MODERADA;;;;;;CLASE 1;R9;;GRUPO BIa;GL Esmaltado;;;NO;;1600-2400 N - 35-45 N/mm2;1;017.840.0002.02636;30x30(7)Malla;CATLOGO PAMESA;;;60;60;9;3600;60x60;MURANO MATE;GRIS;https://www.pamesa.com/ERP/4.0/empresas/151/045/imagenes/t00010602/0178400033847.jpg
17;840;33;2636;0178400033849;SI;REC.GLASS;60x60 MURANO MATE MARFIL;A;SI;SI;0.0000;PGL12;PAMESA;PAMESA;F/30/04 9MM;8429991939762;;8429991773199;M2;4;1.44;30;43.20;29.75;912.50;120.00;80.00;73.50;;9.00;08/07/2025;PAMESA;PAMESA;GRES PORCELNICO ESMALTADO;0178400033849;;PORCELAINGLASS;MURANO;MARMOL;;POLIVALENTE;BASE;BASE;MATE RECTIFICADO;VARIACION MODERADA;;;;;;CLASE 1;R9;;GRUPO BIa;GL Esmaltado;;;NO;;1600-2400 N - 35-45 N/mm2;1;017.840.0033.02636;60X120(n);CATLOGO PAMESA;;;60;60;9;3600;60x60;MURANO MATE;MARFIL;https://www.pamesa.com/ERP/4.0/empresas/151/045/imagenes/t00010602/0178400033849.jpg
17;840;37;2636;0178400033850;SI;REC.GLASS;60x60 MURANO MATE PERLA;A;SI;SI;0.0000;PGL12;PAMESA;PAMESA;F/30/04 9MM;8429991939779;;8429991773199;M2;4;1.44;30;43.20;29.75;912.50;120.00;80.00;73.50;;9.00;08/07/2025;PAMESA;PAMESA;GRES PORCELNICO ESMALTADO;0178400033850;;PORCELAINGLASS;MURANO;MARMOL;;POLIVALENTE;BASE;BASE;MATE RECTIFICADO;VARIACION MODERADA;;;;;;CLASE 1;R9;;GRUPO BIa;GL Esmaltado;;;NO;;1600-2400 N - 35-45 N/mm2;1;017.840.0037.02636;30x30(7)Malla;CATLOGO PAMESA;;;60;60;9;3600;60x60;MURANO MATE;PERLA;https://www.pamesa.com/ERP/4.0/empresas/151/045/imagenes/t00010602/0178400033850.jpg
17;250;7;9778;0172500079778;SI;REC.GLASS;60x120(n) NAZA BEIGE;A;SI;SI;22.7500;PGL15;PAMESA;PAMESA;L/36/02 RF;8429991462567;;8429991773274;M2;2;1.44;36;51.84;28.62;1,055.32;122.00;84.00;73.50;;;13/09/2019;ATRIUM;SERIE ATRIUM;GRES PORCELNICO ESMALTADO;0172500079778;;PORCELAINGLASS;NAZA;MARMOL;;POLIVALENTE;BASE;BASE;BRILLO RECTIFICADO;VARIACION ALTA;;NO;;;PEI IV;CLASE 0;;;GRUPO BIb;GL Esmaltado;;;NO;;1600-2400 N - 30-40 N/mm2;3;017.250.0007.09778;120X120;CATLOGO PAMESA;;;60;120;9;7200;60x120;NAZA;BEIGE;https://www.pamesa.com/ERP/4.0/empresas/151/045/imagenes/t00010602/0172500079778.jpg
17;250;285;9778;0172502859778;SI;REC.GLASS;60x120(n) NAZA TAUPE;A;SI;SI;22.7500;PGL15;PAMESA;PAMESA;L/36/02 RF;8429991462581;;8429991773274;M2;2;1.44;36;51.84;28.62;1,055.32;122.00;84.00;73.50;;;13/09/2019;ATRIUM;SERIE ATRIUM;GRES PORCELNICO ESMALTADO;0172502859778;;PORCELAINGLASS;NAZA;MARMOL;;POLIVALENTE;BASE;BASE;BRILLO RECTIFICADO;VARIACION ALTA;;NO;;;PEI IV;CLASE 0;;;GRUPO BIb;GL Esmaltado;;;NO;;1600-2400 N - 30-40 N/mm2;3;017.250.0285.09778;30x30(7)Malla;CATLOGO PAMESA;;;60;120;9;7200;60x120;NAZA;TAUPE;https://www.pamesa.com/ERP/4.0/empresas/151/045/imagenes/t00010602/0172502859778.jpg
17;250;108;9778;0172501089778;SI;REC.GLASS;60x120(n) NAZA WHITE;A;SI;SI;22.7500;PGL15;PAMESA;PAMESA;L/36/02 RF;8429991462574;;8429991773274;M2;2;1.44;36;51.84;28.62;1,055.32;122.00;84.00;73.50;;;13/09/2019;ATRIUM;SERIE ATRIUM;GRES PORCELNICO ESMALTADO;0172501089778;;PORCELAINGLASS;NAZA;MARMOL;;POLIVALENTE;BASE;BASE;BRILLO RECTIFICADO;VARIACION ALTA;;NO;;;PEI IV;CLASE 0;;;GRUPO BIb;GL Esmaltado;;;NO;;1600-2400 N - 30-40 N/mm2;3;017.250.0108.09778;45X90C(N);CATLOGO PAMESA;;;60;120;9;7200;60x120;NAZA;WHITE;https://www.pamesa.com/ERP/4.0/empresas/151/045/imagenes/t00010602/0172501089778.jpg
17;250;7;11986;0172500015915;SI;REC.GLASS;60x120(n) NAZA MATE BEIGE;A;SI;SI;21.7500;PGL16;PAMESA;PAMESA;L/36/02 RF;8429991763114;;8429991773199;M2;2;1.44;36;51.84;28.62;1,055.32;122.00;84.00;73.50;;;06/09/2022;ATRIUM;SERIE ATRIUM;GRES PORCELNICO ESMALTADO;0172500015915;;PORCELAINGLASS;NAZA;MARMOL;;POLIVALENTE;BASE;BASE;MATE RECTIFICADO;VARIACION ALTA;;NO;;;PEI IV;CLASE 0;;;GRUPO BIa;GL Esmaltado;;;NO;;1600-2400 N - 30-40 N/mm2;3;017.250.0007.11986;90X90(N);CATLOGO PAMESA;;;60;120;9;7200;60x120;NAZA MATE;BEIGE;https://www.pamesa.com/ERP/4.0/empresas/151/045/imagenes/t00010602/0172500015915.jpg
17;250;285;11986;0172500015916;SI;REC.GLASS;60x120(n) NAZA MATE TAUPE;A;SI;SI;21.7500;PGL16;PAMESA;PAMESA;L/36/02 RF;8429991763121;;8429991773199;M2;2;1.44;36;51.84;28.62;1,055.32;122.00;84.00;73.50;;;06/09/2022;ATRIUM;SERIE ATRIUM;GRES PORCELNICO ESMALTADO;0172500015916;;PORCELAINGLASS;NAZA;MARMOL;;POLIVALENTE;BASE;BASE;MATE RECTIFICADO;VARIACION ALTA;;NO;;;PEI IV;CLASE 0;;;GRUPO BIa;GL Esmaltado;;;NO;;1600-2400 N - 30-40 N/mm2;3;017.250.0285.11986;30x30(7)Malla;CATLOGO PAMESA;;;60;120;9;7200;60x120;NAZA MATE;TAUPE;https://www.pamesa.com/ERP/4.0/empresas/151/045/imagenes/t00010602/0172500015916.jpg
17;250;108;11986;0172500015914;SI;REC.GLASS;60x120(n) NAZA MATE WHITE;A;SI;SI;21.7500;PGL16;PAMESA;PAMESA;L/36/02 RF;8429991763107;;8429991773199;M2;2;1.44;36;51.84;28.62;1,055.32;122.00;84.00;73.50;;;06/09/2022;ATRIUM;SERIE ATRIUM;GRES PORCELNICO ESMALTADO;0172500015914;;PORCELAINGLASS;NAZA;MARMOL;;POLIVALENTE;BASE;BASE;MATE RECTIFICADO;VARIACION ALTA;;NO;;;PEI IV;CLASE 0;;;GRUPO BIa;GL Esmaltado;;;NO;;1600-2400 N - 30-40 N/mm2;3;017.250.0108.11986;45X90C(N);CATLOGO PAMESA;;;60;120;9;7200;60x120;NAZA MATE;WHITE;https://www.pamesa.com/ERP/4.0/empresas/151/045/imagenes/t00010602/0172500015914.jpg
17;10;12;13453;0170100019879;SI;REC.GLASS;100x100 PORTOFINO MATE BLANCO;A;SI;SI;0.0000;PGL31;PAMESA;PAMESA;27/27/02;8429991993368;;8429991773199;M2;2;2.00;27;54.00;41.15;1,133.05;107.00;107.00;77.00;;;23/01/2025;PAMESA;PAMESA;GRES PORCELNICO ESMALTADO;0170100019879;;PORCELAINGLASS;PORTOFINO;MARMOL;;POLIVALENTE;BASE;BASE;MATE RECTIFICADO;VARIACION LEVE;NO;NO;;;PEI IV;CLASE 1;;;GRUPO BIa;GL Esmaltado;;;NO;;1600-2400 N - 35-45 N/mm2;1;017.010.0012.13453;60x60;CATLOGO PAMESA;;;100;100;9;10000;100x100;PORTOFINO MATE;BLANCO;https://www.pamesa.com/ERP/4.0/empresas/151/045/imagenes/t00010602/0170100019879.jpg
17;10;189;13453;0170100019880;SI;REC.GLASS;100x100 PORTOFINO MATE GOLD;A;SI;SI;0.0000;PGL31;PAMESA;PAMESA;27/27/02;8429991993375;;8429991773199;M2;2;2.00;27;54.00;41.15;1,133.05;107.00;107.00;77.00;;;23/01/2025;PAMESA;PAMESA;GRES PORCELNICO ESMALTADO;0170100019880;;PORCELAINGLASS;PORTOFINO;MARMOL;;POLIVALENTE;BASE;BASE;MATE RECTIFICADO;VARIACION LEVE;NO;NO;;;PEI IV;CLASE 1;;;GRUPO BIa;GL Esmaltado;;;NO;;1600-2400 N - 35-45 N/mm2;1;017.010.0189.13453;60X120(n);CATLOGO PAMESA;;;100;100;9;10000;100x100;PORTOFINO MATE;GOLD;https://www.pamesa.com/ERP/4.0/empresas/151/045/imagenes/t00010602/0170100019880.jpg
17;250;804;1269;0172500033284;SI;REC.GLASS;60x120(n) PORTOFINO BRILLO;A;SI;SI;0.0000;PGL15;PAMESA;PAMESA;L/36/02 RF;8429991524814;;8429991773274;M2;2;1.44;36;51.84;28.62;1,055.32;122.00;84.00;73.50;;;01/07/2025;PAMESA;PAMESA;GRES PORCELNICO ESMALTADO;0172500033284;;PORCELAINGLASS;PORTOFINO;MARMOL;;POLIVALENTE;BASE;BASE;BRILLO RECTIFICADO;VARIACION LEVE;;NO;;;PEI IV;CLASE 0;;;GRUPO BIb;GL Esmaltado;;;NO;;1600-2400 N - 35-45 N/mm2;1;017.250.0804.01269;60X120 RF;CATLOGO PAMESA;;;60;120;9;7200;60x120;PORTOFINO;BRILLO;https://www.pamesa.com/ERP/4.0/empresas/151/045/imagenes/t00010602/0172500033284.jpg
17;250;706;1269;0172500033807;SI;REC.GLASS;60x120(n) PORTOFINO GOLD BRILLO;A;SI;SI;0.0000;PGL15;PAMESA;PAMESA;L/36/02 RF;8429991761639;;8429991773274;M2;2;1.44;36;51.84;28.62;1,055.32;122.00;84.00;73.50;;;08/07/2025;PAMESA;PAMESA;GRES PORCELNICO ESMALTADO;0172500033807;;PORCELAINGLASS;PORTOFINO;MARMOL;;POLIVALENTE;BASE;BASE;BRILLO RECTIFICADO;VARIACION LEVE;;NO;;;PEI IV;CLASE 0;;;GRUPO BIb;GL Esmaltado;;;NO;;1600-2400 N - 35-45 N/mm2;1;017.250.0706.01269;60X120 RF;CATLOGO PAMESA;;;60;120;9;7200;60x120;PORTOFINO;GOLD BRILLO;https://www.pamesa.com/ERP/4.0/empresas/151/045/imagenes/t00010602/0172500033807.jpg
17;250;781;1269;0172500033808;SI;REC.GLASS;60x120(n) PORTOFINO GOLD MATE;A;SI;SI;0.0000;PGL16;PAMESA;PAMESA;L/36/02 RF;8429991761646;;8429991773199;M2;2;1.44;36;51.84;28.62;1,055.32;122.00;84.00;73.50;;;08/07/2025;PAMESA;PAMESA;GRES PORCELNICO ESMALTADO;0172500033808;;PORCELAINGLASS;PORTOFINO;MARMOL;;POLIVALENTE;BASE;BASE;MATE RECTIFICADO;VARIACION LEVE;;NO;;;PEI IV;CLASE 1;;;GRUPO BIa;GL Esmaltado;;;NO;;1600-2400 N - 35-45 N/mm2;1;017.250.0781.01269;60X120 RF;CATLOGO PAMESA;;;60;120;9;7200;60x120;PORTOFINO;GOLD MATE;https://www.pamesa.com/ERP/4.0/empresas/151/045/imagenes/t00010602/0172500033808.jpg
17;250;803;1269;0172500033283;SI;REC.GLASS;60x120(n) PORTOFINO MATE;A;SI;SI;0.0000;PGL16;PAMESA;PAMESA;L/36/02 RF;8429991523848;;8429991773199;M2;2;1.44;36;51.84;28.62;1,055.32;122.00;84.00;73.50;;;01/07/2025;PAMESA;PAMESA;GRES PORCELNICO ESMALTADO;0172500033283;;PORCELAINGLASS;PORTOFINO;MARMOL;;POLIVALENTE;BASE;BASE;MATE RECTIFICADO;VARIACION LEVE;;NO;;;PEI IV;CLASE 1;;;GRUPO BIa;GL Esmaltado;;;NO;;1600-2400 N - 35-45 N/mm2;1;017.250.0803.01269;60X120 RF;CATLOGO PAMESA;;;60;120;9;7200;60x120;PORTOFINO;MATE;https://www.pamesa.com/ERP/4.0/empresas/151/045/imagenes/t00010602/0172500033283.jpg
15;440;706;6606;0154407066606;SI;COM.GL;60,8x60,8 AT.PORTOFINO GOLD BRILLO;A;SI;SI;18.2500;PGL09;ATRIUM;PAMESA;F/30/04 9MM;;;8429991773366;M2;4;1.48;30;44.40;29.70;911.00;120.00;80.00;74.00;;9.00;26/08/2022;PAMESA;PAMESA;GRES PORCELNICO ESMALTADO;0154407066606;;PORCELAINGLASS;PORTOFINO;MARMOL;;POLIVALENTE;BASE;BASE;BRILLO;VARIACION LEVE;;NO;;;PEI IV;CLASE 0;;;GRUPO BIb;GL Esmaltado;;;NO;;1600-2400 N - 35-45 N/mm2;1;015.440.0706.06606;60,8x60,8;CATLOGO PAMESA;;;60,8;60,8;9;3696,64;60,8x60,8;AT.PORTOFINO;GOLD BRILLO;https://www.pamesa.com/ERP/4.0/empresas/151/045/imagenes/t00010602/0154407066606.jpg
15;440;781;6606;0154407816606;SI;COM.GL;60,8x60,8 AT.PORTOFINO GOLD MATE;A;SI;SI;17.7500;PGL10;ATRIUM;PAMESA;F/30/04 9MM;;;8429991773328;M2;4;1.48;30;44.40;29.70;911.00;120.00;80.00;74.00;;9.00;26/08/2022;PAMESA;PAMESA;GRES PORCELNICO ESMALTADO;0154407816606;;PORCELAINGLASS;PORTOFINO;MARMOL;;POLIVALENTE;BASE;BASE;MATE;VARIACION LEVE;;NO;;;PEI IV;CLASE 1;;;GRUPO BIa;GL Esmaltado;;;NO;;1600-2400 N - 35-45 N/mm2;1;015.440.0781.06606;60,8x60,8;CATLOGO PAMESA;;;60,8;60,8;9;3696,64;60,8x60,8;AT.PORTOFINO;GOLD MATE;https://www.pamesa.com/ERP/4.0/empresas/151/045/imagenes/t00010602/0154407816606.jpg
15;440;804;1269;0154400033803;SI;COM.GL;60,8x60,8 PORTOFINO BRILLO;A;SI;SI;0.0000;PGL09;PAMESA;PAMESA;F/30/04 9MM;8429991523756;;8429991773250;M2;4;1.48;30;44.40;29.70;911.00;120.00;80.00;74.00;;9.00;08/07/2025;PAMESA;PAMESA;GRES PORCELNICO ESMALTADO;0154400033803;;PORCELAINGLASS;PORTOFINO;MARMOL;;POLIVALENTE;BASE;BASE;BRILLO;VARIACION LEVE;;NO;;;PEI IV;CLASE 0;;;GRUPO BIb;GL Esmaltado;;;NO;;1600-2400 N - 35-45 N/mm2;1;015.440.0804.01269;60,8x60,8;CATLOGO PAMESA;;;60,8;60,8;9;3696,64;60,8x60,8;PORTOFINO;BRILLO;https://www.pamesa.com/ERP/4.0/empresas/151/045/imagenes/t00010602/0154400033803.jpg
15;440;706;1269;0154400033800;SI;COM.GL;60,8x60,8 PORTOFINO GOLD BRILLO;A;SI;SI;0.0000;PGL09;PAMESA;PAMESA;F/30/04 9MM;8429991761653;;8429991773250;M2;4;1.48;30;44.40;29.70;911.00;120.00;80.00;74.00;;9.00;08/07/2025;PAMESA;PAMESA;GRES PORCELNICO ESMALTADO;0154400033800;;PORCELAINGLASS;PORTOFINO;MARMOL;;POLIVALENTE;BASE;BASE;BRILLO;VARIACION LEVE;;NO;;;PEI IV;CLASE 0;;;GRUPO BIb;GL Esmaltado;;;NO;;1600-2400 N - 35-45 N/mm2;1;015.440.0706.01269;60X120(n);CATLOGO PAMESA;;;60,8;60,8;9;3696,64;60,8x60,8;PORTOFINO;GOLD BRILLO;https://www.pamesa.com/ERP/4.0/empresas/151/045/imagenes/t00010602/0154400033800.jpg
15;440;781;1269;0154400033801;SI;COM.GL;60,8x60,8 PORTOFINO GOLD MATE;A;SI;SI;0.0000;PGL10;PAMESA;PAMESA;F/30/04 9MM;8429991761660;;8429991773182;M2;4;1.48;30;44.40;29.70;911.00;120.00;80.00;74.00;;9.00;08/07/2025;PAMESA;PAMESA;GRES PORCELNICO ESMALTADO;0154400033801;;PORCELAINGLASS;PORTOFINO;MARMOL;;POLIVALENTE;BASE;BASE;MATE;VARIACION LEVE;;NO;;;PEI IV;CLASE 1;;;GRUPO BIa;GL Esmaltado;;;NO;;1600-2400 N - 35-45 N/mm2;1;015.440.0781.01269;60,8x60,8;CATLOGO PAMESA;;;60,8;60,8;9;3696,64;60,8x60,8;PORTOFINO;GOLD MATE;https://www.pamesa.com/ERP/4.0/empresas/151/045/imagenes/t00010602/0154400033801.jpg
15;440;803;1269;0154400033802;SI;COM.GL;60,8x60,8 PORTOFINO MATE;A;SI;SI;0.0000;PGL10;PAMESA;PAMESA;F/30/04 9MM;8429991523763;;8429991773182;M2;4;1.48;30;44.40;29.70;911.00;120.00;80.00;74.00;;9.00;08/07/2025;PAMESA;PAMESA;GRES PORCELNICO ESMALTADO;0154400033802;;PORCELAINGLASS;PORTOFINO;MARMOL;;POLIVALENTE;BASE;BASE;MATE;VARIACION LEVE;;NO;;;PEI IV;CLASE 1;;;GRUPO BIa;GL Esmaltado;;;NO;;1600-2400 N - 35-45 N/mm2;1;015.440.0803.01269;60,8x60,8;CATLOGO PAMESA;;;60,8;60,8;9;3696,64;60,8x60,8;PORTOFINO;MATE;https://www.pamesa.com/ERP/4.0/empresas/151/045/imagenes/t00010602/0154400033802.jpg
17;840;804;6606;0178408046606;SI;REC.GLASS;60x60 AT.PORTOFINO BRILLO;A;SI;SI;19.5000;PGL11;ATRIUM;PAMESA;F/30/04 9MM;;;8429991773373;M2;4;1.44;30;43.20;29.75;912.50;120.00;80.00;73.50;;9.00;07/05/2020;PAMESA;PAMESA;GRES PORCELNICO ESMALTADO;0178408046606;;PORCELAINGLASS;PORTOFINO;MARMOL;;POLIVALENTE;BASE;BASE;BRILLO RECTIFICADO;VARIACION LEVE;;NO;;;PEI IV;CLASE 0;;;GRUPO BIb;GL Esmaltado;;;NO;;1600-2400 N - 30-40 N/mm2;1;017.840.0804.06606;60X120(n);CATLOGO PAMESA;;;60;60;9;3600;60x60;AT.PORTOFINO;BRILLO;https://www.pamesa.com/ERP/4.0/empresas/151/045/imagenes/t00010602/0178408046606.jpg
17;840;706;6606;0178407066606;SI;REC.GLASS;60x60 AT.PORTOFINO GOLD BRILLO;A;SI;SI;19.5000;PGL11;NO ENCAJAR;PAMESA;F/30/04 9MM;;;;M2;4;1.44;30;43.20;29.75;912.50;120.00;80.00;73.50;;9.00;26/08/2022;PAMESA;PAMESA;GRES PORCELNICO ESMALTADO;0178407066606;;PORCELAINGLASS;PORTOFINO;MARMOL;;POLIVALENTE;BASE;BASE;BRILLO RECTIFICADO;VARIACION LEVE;;NO;;;PEI IV;CLASE 0;;;GRUPO BIb;GL Esmaltado;;;NO;;1600-2400 N - 35-45 N/mm2;1;017.840.0706.06606;90X90(N);CATLOGO PAMESA;;;60;60;9;3600;60x60;AT.PORTOFINO;GOLD BRILLO;https://www.pamesa.com/ERP/4.0/empresas/151/045/imagenes/t00010602/0178407066606.jpg
17;840;781;6606;0178407816606;SI;REC.GLASS;60x60 AT.PORTOFINO GOLD MATE;A;SI;SI;19.0000;PGL12;NO ENCAJAR;PAMESA;F/30/04 9MM;;;;M2;4;1.44;30;43.20;29.75;912.50;120.00;80.00;73.50;;9.00;26/08/2022;PAMESA;PAMESA;GRES PORCELNICO ESMALTADO;0178407816606;;PORCELAINGLASS;PORTOFINO;MARMOL;;POLIVALENTE;BASE;BASE;MATE RECTIFICADO;VARIACION LEVE;;NO;;;PEI IV;CLASE 1;;;GRUPO BIa;GL Esmaltado;;;NO;;1600-2400 N - 35-45 N/mm2;1;017.840.0781.06606;60X120(n);CATLOGO PAMESA;;;60;60;9;3600;60x60;AT.PORTOFINO;GOLD MATE;https://www.pamesa.com/ERP/4.0/empresas/151/045/imagenes/t00010602/0178407816606.jpg
17;840;803;6606;0178408036606;SI;REC.GLASS;60x60 AT.PORTOFINO MATE;A;SI;SI;19.0000;PGL12;ATRIUM;PAMESA;F/30/04 9MM;;;8429991773335;M2;4;1.44;30;43.20;29.75;912.50;120.00;80.00;73.50;;9.00;07/05/2020;PAMESA;PAMESA;GRES PORCELNICO ESMALTADO;0178408036606;;PORCELAINGLASS;PORTOFINO;MARMOL;;POLIVALENTE;BASE;BASE;MATE RECTIFICADO;VARIACION LEVE;;NO;;;PEI IV;CLASE 1;;;GRUPO BIa;GL Esmaltado;;;NO;;1600-2400 N - 35-45 N/mm2;1;017.840.0803.06606;60X120(n);CATLOGO PAMESA;;;60;60;9;3600;60x60;AT.PORTOFINO;MATE;https://www.pamesa.com/ERP/4.0/empresas/151/045/imagenes/t00010602/0178408036606.jpg
17;840;804;1269;0178400033810;SI;REC.GLASS;60x60 PORTOFINO BRILLO;A;SI;SI;0.0000;PGL11;PAMESA;PAMESA;F/30/04 9MM;8429991523794;;8429991773274;M2;4;1.44;30;43.20;29.75;912.50;120.00;80.00;73.50;;9.00;08/07/2025;PAMESA;PAMESA;GRES PORCELNICO ESMALTADO;0178400033810;;PORCELAINGLASS;PORTOFINO;MARMOL;;POLIVALENTE;BASE;BASE;BRILLO RECTIFICADO;VARIACION LEVE;;NO;;;PEI IV;CLASE 0;;;GRUPO BIb;GL Esmaltado;;;NO;;1600-2400 N - 35-45 N/mm2;1;017.840.0804.01269;60X120 RF;CATLOGO PAMESA;;;60;60;9;3600;60x60;PORTOFINO;BRILLO;https://www.pamesa.com/ERP/4.0/empresas/151/045/imagenes/t00010602/0178400033810.jpg
17;840;706;1269;0178400033811;SI;REC.GLASS;60x60 PORTOFINO GOLD BRILLO;A;SI;SI;0.0000;PGL11;PAMESA;PAMESA;F/30/04 9MM;8429991761677;;8429991773274;M2;4;1.44;30;43.20;29.75;912.50;120.00;80.00;73.50;;9.00;08/07/2025;PAMESA;PAMESA;GRES PORCELNICO ESMALTADO;0178400033811;;PORCELAINGLASS;PORTOFINO;MARMOL;;POLIVALENTE;BASE;BASE;BRILLO RECTIFICADO;VARIACION LEVE;;NO;;;PEI IV;CLASE 0;;;GRUPO BIb;GL Esmaltado;;;NO;;1600-2400 N - 35-45 N/mm2;1;017.840.0706.01269;90X90(N);CATLOGO PAMESA;;;60;60;9;3600;60x60;PORTOFINO;GOLD BRILLO;https://www.pamesa.com/ERP/4.0/empresas/151/045/imagenes/t00010602/0178400033811.jpg
17;840;781;1269;0178400033812;SI;REC.GLASS;60x60 PORTOFINO GOLD MATE;A;SI;SI;0.0000;PGL12;PAMESA;PAMESA;F/30/04 9MM;8429991761684;;8429991773199;M2;4;1.44;30;43.20;29.75;912.50;120.00;80.00;73.50;;9.00;08/07/2025;PAMESA;PAMESA;GRES PORCELNICO ESMALTADO;0178400033812;;PORCELAINGLASS;PORTOFINO;MARMOL;;POLIVALENTE;BASE;BASE;MATE RECTIFICADO;VARIACION LEVE;;NO;;;PEI IV;CLASE 1;;;GRUPO BIa;GL Esmaltado;;;NO;;1600-2400 N - 35-45 N/mm2;1;017.840.0781.01269;90X90(N);CATLOGO PAMESA;;;60;60;9;3600;60x60;PORTOFINO;GOLD MATE;https://www.pamesa.com/ERP/4.0/empresas/151/045/imagenes/t00010602/0178400033812.jpg
17;840;803;1269;0178400033809;SI;REC.GLASS;60x60 PORTOFINO MATE;A;SI;SI;0.0000;PGL12;PAMESA;PAMESA;F/30/04 9MM;8429991523800;;8429991773199;M2;4;1.44;30;43.20;29.75;912.50;120.00;80.00;73.50;;9.00;08/07/2025;PAMESA;PAMESA;GRES PORCELNICO ESMALTADO;0178400033809;;PORCELAINGLASS;PORTOFINO;MARMOL;;POLIVALENTE;BASE;BASE;MATE RECTIFICADO;VARIACION LEVE;;NO;;;PEI IV;CLASE 1;;;GRUPO BIa;GL Esmaltado;;;NO;;1600-2400 N - 35-45 N/mm2;1;017.840.0803.01269;60X120 RF;CATLOGO PAMESA;;;60;60;9;3600;60x60;PORTOFINO;MATE;https://www.pamesa.com/ERP/4.0/empresas/151/045/imagenes/t00010602/0178400033809.jpg
25;590;804;6606;0255908046606;SI;PZ.ESP COM-GLAS;30x30(7)Malla AT.PORTOFINO BRILLO;A;SI;SI;57.7500;MOS7;ATRIUM;PAMESA;E/42/11;8429991576134;;;M2;11;1.00;42;42.00;23.10;990.20;120.00;80.00;;;;16/09/2020;ATRIUM;SERIE ATRIUM;GRES PORCELNICO ESMALTADO;0255908046606;;PORCELAINGLASS;PORTOFINO;MARMOL;;POLIVALENTE;MALLA;;BRILLO;VARIACION MODERADA;;NO;;;;CLASE 0;;;GRUPO BIb;GL Esmaltado;;;NO;;;3;025.590.0804.06606;60X120(T)C;CATLOGO PAMESA;;;30;30;0;900;30x30;AT.PORTOFINO;BRILLO;https://www.pamesa.com/ERP/4.0/empresas/151/045/imagenes/t00010602/0255908046606.jpg
25;590;706;6606;0255907066606;SI;PZ.ESP COM-GLAS;30x30(7)Malla AT.PORTOFINO GOLD BRILLO;A;SI;SI;57.7500;MOS7;ATRIUM;PAMESA;E/42/11;8429991771515;;;M2;11;1.00;42;42.00;23.10;990.20;120.00;80.00;;;;13/10/2022;ATRIUM;SERIE ATRIUM;GRES PORCELNICO ESMALTADO;0255907066606;;PORCELAINGLASS;PORTOFINO;MARMOL;;POLIVALENTE;MALLA;;BRILLO;VARIACION MODERADA;;NO;;;;CLASE 0;;;GRUPO BIb;GL Esmaltado;;;NO;;;3;025.590.0706.06606;60X120(T)C;CATLOGO PAMESA;;;30;30;0;900;30x30;AT.PORTOFINO;GOLD BRILLO;https://www.pamesa.com/ERP/4.0/empresas/151/045/imagenes/t00010602/0255907066606.jpg
25;590;781;6606;0255907816606;SI;PZ.ESP COM-GLAS;30x30(7)Malla AT.PORTOFINO GOLD MATE;A;SI;SI;57.7500;MOS7;ATRIUM;PAMESA;E/42/11;8429991771508;;;M2;11;1.00;42;42.00;23.10;990.20;120.00;80.00;;;;13/10/2022;ATRIUM;SERIE ATRIUM;GRES PORCELNICO ESMALTADO;0255907816606;;PORCELAINGLASS;PORTOFINO;MARMOL;;POLIVALENTE;MALLA;;MATE;VARIACION MODERADA;;NO;;;;CLASE 1;;;GRUPO BIa;GL Esmaltado;;;NO;;;3;025.590.0781.06606;60X120(T)C;CATLOGO PAMESA;;;30;30;0;900;30x30;AT.PORTOFINO;GOLD MATE;https://www.pamesa.com/ERP/4.0/empresas/151/045/imagenes/t00010602/0255907816606.jpg
25;590;803;6606;0255908036606;SI;PZ.ESP COM-GLAS;30x30(7)Malla AT.PORTOFINO MATE;A;SI;SI;57.7500;MOS7;ATRIUM;PAMESA;E/42/11;8429991576127;;;M2;11;1.00;42;42.00;23.10;990.20;120.00;80.00;;;;16/09/2020;ATRIUM;SERIE ATRIUM;GRES PORCELNICO ESMALTADO;0255908036606;;PORCELAINGLASS;PORTOFINO;MARMOL;;POLIVALENTE;MALLA;;MATE;VARIACION MODERADA;;NO;;;;CLASE 1;;;GRUPO BIa;GL Esmaltado;;;NO;;;3;025.590.0803.06606;60X120(T)C;CATLOGO PAMESA;;;30;30;0;900;30x30;AT.PORTOFINO;MATE;https://www.pamesa.com/ERP/4.0/empresas/151/045/imagenes/t00010602/0255908036606.jpg
15;722;2;4371;0157220024371;SI;COM.GL;30,3x61,3 REVAL GRIS;A;SI;SI;17.7500;PGL04;PAMESA;PAMESA;F/40/07;8429991572631;;8429991773182;M2;7;1.30;40;52.00;25.00;1,020.00;120.00;80.00;74.50;5;9.00;02/09/2020;ATRIUM;SERIE ATRIUM;GRES PORCELNICO ESMALTADO;0157220024371;;PORCELAINGLASS;REVAL;PIEDRA;;POLIVALENTE;BASE;BASE;MATE;VARIACION LEVE;;NO;;10;PEI IV;CLASE 1;R9;;GRUPO BIa;GL Esmaltado;;;NO;;1600-2400 N - 35-45 N/mm2;3;015.722.0002.04371;60,8x60,8;CATLOGO PAMESA;;;30,3;61,3;9;1857,39;30,3x61,3;REVAL;GRIS;https://www.pamesa.com/ERP/4.0/empresas/151/045/imagenes/t00010602/0157220024371.jpg
15;722;102;4371;0157221024371;SI;COM.GL;30,3x61,3 REVAL NATURAL;A;SI;SI;17.7500;PGL04;PAMESA;PAMESA;F/40/07;8429991577018;;8429991773182;M2;7;1.30;40;52.00;25.00;1,020.00;120.00;80.00;74.50;5;9.00;18/09/2020;ATRIUM;SERIE ATRIUM;GRES PORCELNICO ESMALTADO;0157221024371;;PORCELAINGLASS;REVAL;PIEDRA;;POLIVALENTE;BASE;BASE;MATE;VARIACION LEVE;;NO;;10;PEI IV;CLASE 1;R9;;GRUPO BIa;GL Esmaltado;;;NO;;1600-2400 N - 35-45 N/mm2;3;015.722.0102.04371;60X120(n);CATLOGO PAMESA;;;30,3;61,3;9;1857,39;30,3x61,3;REVAL;NATURAL;https://www.pamesa.com/ERP/4.0/empresas/151/045/imagenes/t00010602/0157221024371.jpg
15;722;37;4371;0157220374371;SI;COM.GL;30,3x61,3 REVAL PERLA;A;SI;SI;17.7500;PGL04;PAMESA;PAMESA;F/40/07;8429991569600;;8429991773182;M2;7;1.30;40;52.00;25.00;1,020.00;120.00;80.00;74.50;5;9.00;26/08/2020;ATRIUM;SERIE ATRIUM;GRES PORCELNICO ESMALTADO;0157220374371;;PORCELAINGLASS;REVAL;PIEDRA;;POLIVALENTE;BASE;BASE;MATE;VARIACION LEVE;;NO;;10;PEI IV;CLASE 1;R9;;GRUPO BIa;GL Esmaltado;;;NO;;1600-2400 N - 35-45 N/mm2;3;015.722.0037.04371;60X120(n);CATLOGO PAMESA;;;30,3;61,3;9;1857,39;30,3x61,3;REVAL;PERLA;https://www.pamesa.com/ERP/4.0/empresas/151/045/imagenes/t00010602/0157220374371.jpg
15;722;2;6160;0157220026160;SI;COM.GL;30,3x61,3 RLV.REVAL GRIS;A;SI;SI;17.7500;PGL28;PAMESA;PAMESA;F/40/07;8429991588038;;8429991773182;M2;7;1.30;40;52.00;25.00;1,020.00;120.00;80.00;74.50;5;9.00;22/10/2020;ATRIUM;SERIE ATRIUM;GRES PORCELNICO ESMALTADO;0157220026160;;PORCELAINGLASS;REVAL;PIEDRA;;POLIVALENTE;BASE;BASE;MATE;VARIACION LEVE;;SI;;5;PEI IV;CLASE 1;R9;;GRUPO BIa;GL Esmaltado;;;NO;;1600-2400 N - 35-45 N/mm2;3;015.722.0002.06160;60,8x60,8;CATLOGO PAMESA;;;30,3;61,3;9;1857,39;30,3x61,3;RLV.REVAL;GRIS;https://www.pamesa.com/ERP/4.0/empresas/151/045/imagenes/t00010602/0157220026160.jpg
15;722;102;6160;0157221026160;SI;COM.GL;30,3x61,3 RLV.REVAL NATURAL;A;SI;SI;17.7500;PGL28;PAMESA;PAMESA;F/40/07;8429991588045;;8429991773182;M2;7;1.30;40;52.00;25.00;1,020.00;120.00;80.00;74.50;5;9.00;22/10/2020;ATRIUM;SERIE ATRIUM;GRES PORCELNICO ESMALTADO;0157221026160;;PORCELAINGLASS;REVAL;PIEDRA;;POLIVALENTE;BASE;BASE;MATE;VARIACION LEVE;;SI;;5;PEI IV;CLASE 1;R9;;GRUPO BIa;GL Esmaltado;;;NO;;1600-2400 N - 35-45 N/mm2;3;015.722.0102.06160;60X120(n);CATLOGO PAMESA;;;30,3;61,3;9;1857,39;30,3x61,3;RLV.REVAL;NATURAL;https://www.pamesa.com/ERP/4.0/empresas/151/045/imagenes/t00010602/0157221026160.jpg
15;722;37;6160;0157220376160;SI;COM.GL;30,3x61,3 RLV.REVAL PERLA;A;SI;SI;17.7500;PGL28;PAMESA;PAMESA;F/40/07;8429991577032;;8429991773182;M2;7;1.30;40;52.00;25.00;1,020.00;120.00;80.00;74.50;5;9.00;18/09/2020;ATRIUM;SERIE ATRIUM;GRES PORCELNICO ESMALTADO;0157220376160;;PORCELAINGLASS;REVAL;PIEDRA;;POLIVALENTE;BASE;BASE;MATE;VARIACION LEVE;;SI;;5;PEI IV;CLASE 1;R9;;GRUPO BIa;GL Esmaltado;;;NO;;1600-2400 N - 35-45 N/mm2;3;015.722.0037.06160;60X120(n);CATLOGO PAMESA;;;30,3;61,3;9;1857,39;30,3x61,3;RLV.REVAL;PERLA;https://www.pamesa.com/ERP/4.0/empresas/151/045/imagenes/t00010602/0157220376160.jpg
17;250;7;375;0172500070375;SI;REC.GLASS;60x120(n) RHIN BEIGE;A;SI;SI;0.0000;PGL16;PAMESA;PAMESA;L/36/02 RF;8429991957537;;8429991773199;M2;2;1.44;36;51.84;28.62;1,055.32;122.00;84.00;73.50;;;06/08/2024;PAMESA;PAMESA;GRES PORCELNICO ESMALTADO;0172500070375;;PORCELAINGLASS;RHIN;PIEDRA;;POLIVALENTE;BASE;BASE;MATE RECTIFICADO;VARIACION MODERADA;;SI;NO;;;CLASE 1;R9;;GRUPO BIa;GL Esmaltado;;;NO;;1600-2400 N - 35-45 N/mm2;1;017.250.0007.00375;120X120;CATLOGO PAMESA;;;60;120;9;7200;60x120;RHIN;BEIGE;https://www.pamesa.com/ERP/4.0/empresas/151/045/imagenes/t00010602/0172500070375.jpg
17;250;12;375;0172500120375;SI;REC.GLASS;60x120(n) RHIN BLANCO;A;SI;SI;0.0000;PGL16;PAMESA;PAMESA;L/36/02 RF;8429991957544;;8429991773199;M2;2;1.44;36;51.84;28.62;1,055.32;122.00;84.00;73.50;;;06/08/2024;PAMESA;PAMESA;GRES PORCELNICO ESMALTADO;0172500120375;;PORCELAINGLASS;RHIN;PIEDRA;;POLIVALENTE;BASE;BASE;MATE RECTIFICADO;VARIACION MODERADA;;SI;NO;;;CLASE 1;R9;;GRUPO BIa;GL Esmaltado;;;NO;;1600-2400 N - 35-45 N/mm2;1;017.250.0012.00375;60X120 RF;CATLOGO PAMESA;;;60;120;9;7200;60x120;RHIN;BLANCO;https://www.pamesa.com/ERP/4.0/empresas/151/045/imagenes/t00010602/0172500120375.jpg
17;250;68;375;0172500680375;SI;REC.GLASS;60x120(n) RHIN GRAFITO;A;SI;SI;0.0000;PGL16;PAMESA;PAMESA;L/36/02 RF;8429991957551;;8429991773199;M2;2;1.44;36;51.84;28.62;1,055.32;122.00;84.00;73.50;;;06/08/2024;PAMESA;PAMESA;GRES PORCELNICO ESMALTADO;0172500680375;;PORCELAINGLASS;RHIN;PIEDRA;;POLIVALENTE;BASE;BASE;MATE RECTIFICADO;VARIACION MODERADA;;SI;NO;;;CLASE 1;R9;;GRUPO BIa;GL Esmaltado;;;NO;;1600-2400 N - 35-45 N/mm2;1;017.250.0068.00375;60X120(n);CATLOGO PAMESA;;;60;120;9;7200;60x120;RHIN;GRAFITO;https://www.pamesa.com/ERP/4.0/empresas/151/045/imagenes/t00010602/0172500680375.jpg
17;250;2;375;0172500020375;SI;REC.GLASS;60x120(n) RHIN GRIS;A;SI;SI;0.0000;PGL16;PAMESA;PAMESA;L/36/02 RF;8429991957520;;8429991773199;M2;2;1.44;36;51.84;28.62;1,055.32;122.00;84.00;73.50;;;06/08/2024;PAMESA;PAMESA;GRES PORCELNICO ESMALTADO;0172500020375;;PORCELAINGLASS;RHIN;PIEDRA;;POLIVALENTE;BASE;BASE;MATE RECTIFICADO;VARIACION MODERADA;;SI;NO;;;CLASE 1;R9;;GRUPO BIa;GL Esmaltado;;;NO;;1600-2400 N - 35-45 N/mm2;1;017.250.0002.00375;60x60;CATLOGO PAMESA;;;60;120;9;7200;60x120;RHIN;GRIS;https://www.pamesa.com/ERP/4.0/empresas/151/045/imagenes/t00010602/0172500020375.jpg
17;986;7;375;0179860070375;SI;REC.GLASS;60x90(N)20mm RHIN BEIGE;A;SI;SI;0.0000;2CM02;PAMESA;PAMESA;G/22/02;8429991973520;;8429991773199;M2;2;1.08;22;23.76;45.00;1,015.00;105.00;95.00;75.00;;20.00;22/10/2024;PAMESA;PAMESA;GRES PORCELNICO ESMALTADO;0179860070375;;PORCELAINGLASS;RHIN;PIEDRA;;PAVIMENTO;BASE;BASE;MATE RECTIFICADO;VARIACION MODERADA;;NO;;;;CLASE 3;R11;C;GRUPO BIa;GL Esmaltado;;36 Low;NO;0.42;>8000 N - 35-45 N/mm2;1;017.986.0007.00375;30x60 (C);CATLOGO PAMESA;;;60;90;20;5400;60x90;RHIN;BEIGE;https://www.pamesa.com/ERP/4.0/empresas/151/045/imagenes/t00010602/0179860070375.jpg
17;986;12;375;0179860120375;SI;REC.GLASS;60x90(N)20mm RHIN BLANCO;A;SI;SI;0.0000;2CM02;PAMESA;PAMESA;G/22/02;8429991973537;;8429991773199;M2;2;1.08;22;23.76;45.00;1,015.00;105.00;95.00;75.00;;20.00;22/10/2024;PAMESA;PAMESA;GRES PORCELNICO ESMALTADO;0179860120375;;PORCELAINGLASS;RHIN;PIEDRA;;PAVIMENTO;BASE;BASE;MATE RECTIFICADO;VARIACION MODERADA;;NO;;;;CLASE 3;R11;C;GRUPO BIa;GL Esmaltado;;36 Low;NO;0.42;>8000 N - 35-45 N/mm2;1;017.986.0012.00375;30x60 (C);CATLOGO PAMESA;;;60;90;20;5400;60x90;RHIN;BLANCO;https://www.pamesa.com/ERP/4.0/empresas/151/045/imagenes/t00010602/0179860120375.jpg
17;986;68;375;0179860680375;SI;REC.GLASS;60x90(N)20mm RHIN GRAFITO;A;SI;SI;0.0000;2CM02;PAMESA;PAMESA;G/22/02;8429991973544;;8429991773199;M2;2;1.08;22;23.76;45.00;1,015.00;105.00;95.00;75.00;;20.00;22/10/2024;PAMESA;PAMESA;GRES PORCELNICO ESMALTADO;0179860680375;;PORCELAINGLASS;RHIN;PIEDRA;;PAVIMENTO;BASE;BASE;MATE RECTIFICADO;VARIACION MODERADA;;NO;;;;CLASE 3;R11;C;GRUPO BIa;GL Esmaltado;;36 Low;NO;0.42;>8000 N - 35-45 N/mm2;1;017.986.0068.00375;30x30(7)Malla;CATLOGO PAMESA;;;60;90;20;5400;60x90;RHIN;GRAFITO;https://www.pamesa.com/ERP/4.0/empresas/151/045/imagenes/t00010602/0179860680375.jpg
17;986;2;375;0179860020375;SI;REC.GLASS;60x90(N)20mm RHIN GRIS;A;SI;SI;0.0000;2CM02;PAMESA;PAMESA;G/22/02;8429991973513;;8429991773199;M2;2;1.08;22;23.76;45.00;1,015.00;105.00;95.00;75.00;;20.00;22/10/2024;PAMESA;PAMESA;GRES PORCELNICO ESMALTADO;0179860020375;;PORCELAINGLASS;RHIN;PIEDRA;;PAVIMENTO;BASE;BASE;MATE RECTIFICADO;VARIACION MODERADA;;NO;;;;CLASE 3;R11;C;GRUPO BIa;GL Esmaltado;;36 Low;NO;0.42;>8000 N - 35-45 N/mm2;1;017.986.0002.00375;60x60;CATLOGO PAMESA;;;60;90;20;5400;60x90;RHIN;GRIS;https://www.pamesa.com/ERP/4.0/empresas/151/045/imagenes/t00010602/0179860020375.jpg
17;785;7;375;0177850070375;SI;REC.GLASS;60x60N(20mm) RHIN BEIGE;A;SI;SI;0.0000;2CM01;PAMESA;PAMESA;F/30/02;8429991973483;;8429991773199;M2;2;0.72;30;21.60;28.50;875.00;120.00;80.00;73.50;;20.00;22/10/2024;PAMESA;PAMESA;GRES PORCELNICO ESMALTADO;0177850070375;;PORCELAINGLASS;RHIN;PIEDRA;;PAVIMENTO;BASE;BASE;MATE RECTIFICADO;VARIACION MODERADA;;NO;;;;CLASE 3;R11;C;GRUPO BIa;GL Esmaltado;;36 Low;NO;0.42;>8000 N - 35-45 N/mm2;1;017.785.0007.00375;60x60;CATLOGO PAMESA;;;60;60;20;3600;60x60;RHIN;BEIGE;https://www.pamesa.com/ERP/4.0/empresas/151/045/imagenes/t00010602/0177850070375.jpg
17;840;7;375;0178400070375;SI;REC.GLASS;60x60 RHIN BEIGE;A;SI;SI;24.0000;PGL12;PAMESA;PAMESA;F/30/04 9MM;8429991963187;;8429991773199;M2;4;1.44;30;43.20;29.75;912.50;120.00;80.00;73.50;;9.00;22/05/2024;PAMESA;PAMESA;GRES PORCELNICO ESMALTADO;0178400070375;;PORCELAINGLASS;RHIN;PIEDRA;;POLIVALENTE;BASE;BASE;MATE RECTIFICADO;VARIACION MODERADA;;SI;NO;;;CLASE 1;R9;;GRUPO BIa;GL Esmaltado;;;NO;;1600-2400 N - 35-45 N/mm2;1;017.840.0007.00375;60x60;CATLOGO PAMESA;;;60;60;9;3600;60x60;RHIN;BEIGE;https://www.pamesa.com/ERP/4.0/empresas/151/045/imagenes/t00010602/0178400070375.jpg
17;785;12;375;0177850120375;SI;REC.GLASS;60x60N(20mm) RHIN BLANCO;A;SI;SI;0.0000;2CM01;PAMESA;PAMESA;F/30/02;8429991973490;;8429991773199;M2;2;0.72;30;21.60;28.50;875.00;120.00;80.00;73.50;;20.00;22/10/2024;PAMESA;PAMESA;GRES PORCELNICO ESMALTADO;0177850120375;;PORCELAINGLASS;RHIN;PIEDRA;;PAVIMENTO;BASE;BASE;MATE RECTIFICADO;VARIACION MODERADA;;NO;;;;CLASE 3;R11;C;GRUPO BIa;GL Esmaltado;;36 Low;NO;0.42;>8000 N - 35-45 N/mm2;1;017.785.0012.00375;30x60 (C);CATLOGO PAMESA;;;60;60;20;3600;60x60;RHIN;BLANCO;https://www.pamesa.com/ERP/4.0/empresas/151/045/imagenes/t00010602/0177850120375.jpg
17;840;12;375;0178400120375;SI;REC.GLASS;60x60 RHIN BLANCO;A;SI;SI;24.0000;PGL12;PAMESA;PAMESA;F/30/04 9MM;8429991963194;;8429991773199;M2;4;1.44;30;43.20;29.75;912.50;120.00;80.00;73.50;;9.00;22/05/2024;PAMESA;PAMESA;GRES PORCELNICO ESMALTADO;0178400120375;;PORCELAINGLASS;RHIN;PIEDRA;;POLIVALENTE;BASE;BASE;MATE RECTIFICADO;VARIACION MODERADA;;SI;NO;;;CLASE 1;R9;;GRUPO BIa;GL Esmaltado;;;NO;;1600-2400 N - 35-45 N/mm2;1;017.840.0012.00375;60X120 RF;CATLOGO PAMESA;;;60;60;9;3600;60x60;RHIN;BLANCO;https://www.pamesa.com/ERP/4.0/empresas/151/045/imagenes/t00010602/0178400120375.jpg
17;785;68;375;0177850680375;SI;REC.GLASS;60x60N(20mm) RHIN GRAFITO;A;SI;SI;0.0000;2CM01;PAMESA;PAMESA;F/30/02;8429991973506;;8429991773199;M2;2;0.72;30;21.60;28.50;875.00;120.00;80.00;73.50;;20.00;22/10/2024;PAMESA;PAMESA;GRES PORCELNICO ESMALTADO;0177850680375;;PORCELAINGLASS;RHIN;PIEDRA;;PAVIMENTO;BASE;BASE;MATE RECTIFICADO;VARIACION MODERADA;;NO;;;;CLASE 3;R11;C;GRUPO BIa;GL Esmaltado;;36 Low;NO;0.42;>8000 N - 35-45 N/mm2;1;017.785.0068.00375;60X120 RF;CATLOGO PAMESA;;;60;60;20;3600;60x60;RHIN;GRAFITO;https://www.pamesa.com/ERP/4.0/empresas/151/045/imagenes/t00010602/0177850680375.jpg
17;840;68;375;0178400680375;SI;REC.GLASS;60x60 RHIN GRAFITO;A;SI;SI;24.0000;PGL12;PAMESA;PAMESA;F/30/04 9MM;8429991963200;;8429991773199;M2;4;1.44;30;43.20;29.75;912.50;120.00;80.00;73.50;;9.00;22/05/2024;PAMESA;PAMESA;GRES PORCELNICO ESMALTADO;0178400680375;;PORCELAINGLASS;RHIN;PIEDRA;;POLIVALENTE;BASE;BASE;MATE RECTIFICADO;VARIACION MODERADA;;SI;NO;;;CLASE 1;R9;;GRUPO BIa;GL Esmaltado;;;NO;;1600-2400 N - 35-45 N/mm2;1;017.840.0068.00375;60X120 RF;CATLOGO PAMESA;;;60;60;9;3600;60x60;RHIN;GRAFITO;https://www.pamesa.com/ERP/4.0/empresas/151/045/imagenes/t00010602/0178400680375.jpg
17;785;2;375;0177850020375;SI;REC.GLASS;60x60N(20mm) RHIN GRIS;A;SI;SI;0.0000;2CM01;PAMESA;PAMESA;F/30/02;8429991973476;;8429991773199;M2;2;0.72;30;21.60;28.50;875.00;120.00;80.00;73.50;;20.00;22/10/2024;PAMESA;PAMESA;GRES PORCELNICO ESMALTADO;0177850020375;;PORCELAINGLASS;RHIN;PIEDRA;;PAVIMENTO;BASE;BASE;MATE RECTIFICADO;VARIACION MODERADA;;NO;;;;CLASE 3;R11;C;GRUPO BIa;GL Esmaltado;;36 Low;NO;0.42;>8000 N - 35-45 N/mm2;1;017.785.0002.00375;60x60;CATLOGO PAMESA;;;60;60;20;3600;60x60;RHIN;GRIS;https://www.pamesa.com/ERP/4.0/empresas/151/045/imagenes/t00010602/0177850020375.jpg
17;840;2;375;0178400020375;SI;REC.GLASS;60x60 RHIN GRIS;A;SI;SI;24.0000;PGL12;PAMESA;PAMESA;F/30/04 9MM;8429991963170;;8429991773199;M2;4;1.44;30;43.20;29.75;912.50;120.00;80.00;73.50;;9.00;22/05/2024;PAMESA;PAMESA;GRES PORCELNICO ESMALTADO;0178400020375;;PORCELAINGLASS;RHIN;PIEDRA;;POLIVALENTE;BASE;BASE;MATE RECTIFICADO;VARIACION MODERADA;;SI;NO;;;CLASE 1;R9;;GRUPO BIa;GL Esmaltado;;;NO;;1600-2400 N - 35-45 N/mm2;1;017.840.0002.00375;33,3x33,3;CATLOGO PAMESA;;;60;60;9;3600;60x60;RHIN;GRIS;https://www.pamesa.com/ERP/4.0/empresas/151/045/imagenes/t00010602/0178400020375.jpg
17;450;7;375;0174500070375;SI;REC.GLASS;30x60 (C) RHIN BEIGE;A;SI;SI;0.0000;PGL25;PAMESA;PAMESA;F/48/06 9MM;8429991963149;;8429991773199;M2;6;1.08;48;51.84;22.63;1,106.24;120.00;80.00;74.00;;9.00;06/09/2024;PAMESA;PAMESA;GRES PORCELNICO ESMALTADO;0174500070375;;PORCELAINGLASS;RHIN;PIEDRA;;POLIVALENTE;BASE;BASE;MATE RECTIFICADO;VARIACION MODERADA;;SI;NO;;;CLASE 1;R9;;GRUPO BIa;GL Esmaltado;;;NO;;1600-2400 N - 35-45 N/mm2;1;017.450.0007.00375;120X120;CATLOGO PAMESA;;;30;60;9,5;1800;30x60;RHIN;BEIGE;https://www.pamesa.com/ERP/4.0/empresas/151/045/imagenes/t00010602/0174500070375.jpg
17;450;12;375;0174500120375;SI;REC.GLASS;30x60 (C) RHIN BLANCO;A;SI;SI;0.0000;PGL25;PAMESA;PAMESA;F/48/06 9MM;8429991963156;;8429991773199;M2;6;1.08;48;51.84;22.63;1,106.24;120.00;80.00;74.00;;9.00;06/09/2024;PAMESA;PAMESA;GRES PORCELNICO ESMALTADO;0174500120375;;PORCELAINGLASS;RHIN;PIEDRA;;POLIVALENTE;BASE;BASE;MATE RECTIFICADO;VARIACION MODERADA;;SI;NO;;;CLASE 1;R9;;GRUPO BIa;GL Esmaltado;;;NO;;1600-2400 N - 35-45 N/mm2;1;017.450.0012.00375;60X120 RF;CATLOGO PAMESA;;;30;60;9,5;1800;30x60;RHIN;BLANCO;https://www.pamesa.com/ERP/4.0/empresas/151/045/imagenes/t00010602/0174500120375.jpg
17;450;68;375;0174500680375;SI;REC.GLASS;30x60 (C) RHIN GRAFITO;A;SI;SI;0.0000;PGL25;PAMESA;PAMESA;F/48/06 9MM;8429991963163;;8429991773199;M2;6;1.08;48;51.84;22.63;1,106.24;120.00;80.00;74.00;;9.00;06/09/2024;PAMESA;PAMESA;GRES PORCELNICO ESMALTADO;0174500680375;;PORCELAINGLASS;RHIN;PIEDRA;;POLIVALENTE;BASE;BASE;MATE RECTIFICADO;VARIACION MODERADA;;SI;NO;;;CLASE 1;R9;;GRUPO BIa;GL Esmaltado;;;NO;;1600-2400 N - 35-45 N/mm2;1;017.450.0068.00375;120X120;CATLOGO PAMESA;;;30;60;9,5;1800;30x60;RHIN;GRAFITO;https://www.pamesa.com/ERP/4.0/empresas/151/045/imagenes/t00010602/0174500680375.jpg
17;450;2;375;0174500020375;SI;REC.GLASS;30x60 (C) RHIN GRIS;A;SI;SI;0.0000;PGL25;PAMESA;PAMESA;F/48/06 9MM;8429991963132;;8429991773199;M2;6;1.08;48;51.84;22.63;1,106.24;120.00;80.00;74.00;;9.00;06/09/2024;PAMESA;PAMESA;GRES PORCELNICO ESMALTADO;0174500020375;;PORCELAINGLASS;RHIN;PIEDRA;;POLIVALENTE;BASE;BASE;MATE RECTIFICADO;VARIACION MODERADA;;SI;NO;;;CLASE 1;R9;;GRUPO BIa;GL Esmaltado;;;NO;;1600-2400 N - 35-45 N/mm2;1;017.450.0002.00375;120X120;CATLOGO PAMESA;;;30;60;9,5;1800;30x60;RHIN;GRIS;https://www.pamesa.com/ERP/4.0/empresas/151/045/imagenes/t00010602/0174500020375.jpg
25;590;7;375;0255900070375;SI;PZ.ESP COM-GLAS;30x30(7)Malla RHIN BEIGE;A;SI;SI;57.7500;MOS7;PAMESA;PAMESA;E/42/11;8429991966850;;;M2;11;1.00;42;42.00;23.10;990.20;120.00;80.00;;;;06/09/2024;PAMESA;PAMESA;GRES PORCELNICO ESMALTADO;0255900070375;;PORCELAINGLASS;RHIN;PIEDRA;;POLIVALENTE;MALLA;MOSAICO;MATE RECTIFICADO;VARIACION MODERADA;;SI;;;;CLASE 1;;;GRUPO BIa;GL Esmaltado;;;NO;;;1;025.590.0007.00375;60X120(n);CATLOGO PAMESA;;;30;30;0;900;30x30;RHIN;BEIGE;https://www.pamesa.com/ERP/4.0/empresas/151/045/imagenes/t00010602/0255900070375.jpg
25;590;12;375;0255900120375;SI;PZ.ESP COM-GLAS;30x30(7)Malla RHIN BLANCO;A;SI;SI;57.7500;MOS7;PAMESA;PAMESA;E/42/11;8429991966867;;;M2;11;1.00;42;42.00;23.10;990.20;120.00;80.00;;;;06/09/2024;PAMESA;PAMESA;GRES PORCELNICO ESMALTADO;0255900120375;;PORCELAINGLASS;RHIN;PIEDRA;;POLIVALENTE;MALLA;MOSAICO;MATE RECTIFICADO;VARIACION MODERADA;;SI;;;;CLASE 1;;;GRUPO BIa;GL Esmaltado;;;NO;;;1;025.590.0012.00375;120X120;CATLOGO PAMESA;;;30;30;0;900;30x30;RHIN;BLANCO;https://www.pamesa.com/ERP/4.0/empresas/151/045/imagenes/t00010602/0255900120375.jpg
25;590;68;375;0255900680375;SI;PZ.ESP COM-GLAS;30x30(7)Malla RHIN GRAFITO;A;SI;SI;57.7500;MOS7;PAMESA;PAMESA;E/42/11;8429991966874;;;M2;11;1.00;42;42.00;23.10;990.20;120.00;80.00;;;;06/09/2024;PAMESA;PAMESA;GRES PORCELNICO ESMALTADO;0255900680375;;PORCELAINGLASS;RHIN;PIEDRA;;POLIVALENTE;MALLA;MOSAICO;MATE RECTIFICADO;VARIACION MODERADA;;SI;;;;CLASE 1;;;GRUPO BIa;GL Esmaltado;;;NO;;;1;025.590.0068.00375;30x30(7)Malla;CATLOGO PAMESA;;;30;30;0;900;30x30;RHIN;GRAFITO;https://www.pamesa.com/ERP/4.0/empresas/151/045/imagenes/t00010602/0255900680375.jpg
25;590;2;375;0255900020375;SI;PZ.ESP COM-GLAS;30x30(7)Malla RHIN GRIS;A;SI;SI;57.7500;MOS7;PAMESA;PAMESA;E/42/11;8429991966843;;;M2;11;1.00;42;42.00;23.10;990.20;120.00;80.00;;;;06/09/2024;PAMESA;PAMESA;GRES PORCELNICO ESMALTADO;0255900020375;;PORCELAINGLASS;RHIN;PIEDRA;;POLIVALENTE;MALLA;MOSAICO;MATE RECTIFICADO;VARIACION MODERADA;;SI;;;;CLASE 1;;;GRUPO BIa;GL Esmaltado;;;NO;;;1;025.590.0002.00375;30x30(7)Malla;CATLOGO PAMESA;;;30;30;0;900;30x30;RHIN;GRIS;https://www.pamesa.com/ERP/4.0/empresas/151/045/imagenes/t00010602/0255900020375.jpg
17;840;2;5231;0178400025231;SI;REC.GLASS;60x60 RIGA GRIS;A;SI;SI;20.2500;PGL12;PAMESA;PAMESA;F/30/04 9MM;8429991098605;;8429991773199;M2;4;1.44;30;43.20;29.75;912.50;120.00;80.00;73.50;;9.00;04/06/2015;ATRIUM;SERIE ATRIUM;GRES PORCELNICO ESMALTADO;0178400025231;;PORCELAINGLASS;RIGA;CEMENTO;;PAVIMENTO;BASE;BASE;MATE RECTIFICADO;VARIACION LEVE;;SIN INFORMAR;;;;CLASE 1;R9;;GRUPO BIa;GL Esmaltado;;;NO;;1600-2400 N - 35-45 N/mm2;3;017.840.0002.05231;90X90;CATLOGO PAMESA;;;60;60;9;3600;60x60;RIGA;GRIS;https://www.pamesa.com/ERP/4.0/empresas/151/045/imagenes/t00010602/0178400025231.jpg
17;840;37;5231;0178400375231;SI;REC.GLASS;60x60 RIGA PERLA;A;SI;SI;20.2500;PGL12;PAMESA;PAMESA;F/30/04 9MM;8429991098612;;8429991773199;M2;4;1.44;30;43.20;29.75;912.50;120.00;80.00;73.50;;9.00;04/06/2015;ATRIUM;SERIE ATRIUM;GRES PORCELNICO ESMALTADO;0178400375231;;PORCELAINGLASS;RIGA;CEMENTO;;PAVIMENTO;BASE;BASE;MATE RECTIFICADO;VARIACION LEVE;;SIN INFORMAR;;;;CLASE 1;R9;;GRUPO BIa;GL Esmaltado;;;NO;;1600-2400 N - 35-45 N/mm2;3;017.840.0037.05231;30x30(7)Malla;CATLOGO PAMESA;;;60;60;9;3600;60x60;RIGA;PERLA;https://www.pamesa.com/ERP/4.0/empresas/151/045/imagenes/t00010602/0178400375231.jpg
17;840;24;5231;0178400245231;SI;REC.GLASS;60x60 RIGA VISON;A;SI;SI;20.2500;PGL12;PAMESA;PAMESA;F/30/04 9MM;8429991098629;;8429991773199;M2;4;1.44;30;43.20;29.75;912.50;120.00;80.00;73.50;;9.00;04/06/2015;ATRIUM;SERIE ATRIUM;GRES PORCELNICO ESMALTADO;0178400245231;;PORCELAINGLASS;RIGA;CEMENTO;;PAVIMENTO;BASE;BASE;MATE RECTIFICADO;VARIACION LEVE;;SIN INFORMAR;;;;CLASE 1;R9;;GRUPO BIa;GL Esmaltado;;;NO;;1600-2400 N - 35-45 N/mm2;3;017.840.0024.05231;90X90(N);CATLOGO PAMESA;;;60;60;9;3600;60x60;RIGA;VISON;https://www.pamesa.com/ERP/4.0/empresas/151/045/imagenes/t00010602/0178400245231.jpg
17;986;501;15462;0179860029416;SI;REC.GLASS;60x90(N)20mm SANDSTONE ANTHRACITE;A;SI;SI;0.0000;2CM02;PAMESA;PAMESA;G/22/02;8429991141714;;8429991773199;M2;2;1.08;22;23.76;45.00;1,015.00;105.00;95.00;75.00;;20.00;12/05/2025;PAMESA;PAMESA;GRES PORCELNICO ESMALTADO;0179860029416;;PORCELAINGLASS;SANDSTONE;PIEDRA;;PAVIMENTO;BASE;BASE;MATE RECTIFICADO;VARIACION LEVE;;SI;;;;CLASE 3;R11;C;GRUPO BIa;GL Esmaltado;;36 Low;NO;;>10000 N - 35-45 N/mm2;1;017.986.0501.15462;120X120;CATLOGO PAMESA;;;60;90;20;5400;60x90;SANDSTONE;ANTHRACITE;https://www.pamesa.com/ERP/4.0/empresas/151/045/imagenes/t00010602/0179860029416.jpg
17;986;7;15462;0179860029415;SI;REC.GLASS;60x90(N)20mm SANDSTONE BEIGE;A;SI;SI;0.0000;2CM02;PAMESA;PAMESA;G/22/02;8429991141721;;8429991773199;M2;2;1.08;22;23.76;45.00;1,015.00;105.00;95.00;75.00;;20.00;12/05/2025;PAMESA;PAMESA;GRES PORCELNICO ESMALTADO;0179860029415;;PORCELAINGLASS;SANDSTONE;PIEDRA;;PAVIMENTO;BASE;BASE;MATE RECTIFICADO;VARIACION LEVE;;SI;;;;CLASE 3;R11;C;GRUPO BIa;GL Esmaltado;;36 Low;NO;;>10000 N - 35-45 N/mm2;1;017.986.0007.15462;30x60 (C);CATLOGO PAMESA;;;60;90;20;5400;60x90;SANDSTONE;BEIGE;https://www.pamesa.com/ERP/4.0/empresas/151/045/imagenes/t00010602/0179860029415.jpg
17;986;161;15462;0179860029414;SI;REC.GLASS;60x90(N)20mm SANDSTONE GREY;A;SI;SI;0.0000;2CM02;PAMESA;PAMESA;G/22/02;8429991141738;;8429991773199;M2;2;1.08;22;23.76;45.00;1,015.00;105.00;95.00;75.00;;20.00;12/05/2025;PAMESA;PAMESA;GRES PORCELNICO ESMALTADO;0179860029414;;PORCELAINGLASS;SANDSTONE;PIEDRA;;PAVIMENTO;BASE;BASE;MATE RECTIFICADO;VARIACION LEVE;;SI;;;;CLASE 3;R11;C;GRUPO BIa;GL Esmaltado;;36 Low;NO;;>10000 N - 35-45 N/mm2;1;017.986.0161.15462;30x30(7)Malla;CATLOGO PAMESA;;;60;90;20;5400;60x90;SANDSTONE;GREY;https://www.pamesa.com/ERP/4.0/empresas/151/045/imagenes/t00010602/0179860029414.jpg
17;840;158;14634;0178400023666;SI;REC.GLASS;60x60 TERRAZZO BLU;A;SI;SI;21.7500;PGL12;PAMESA;PAMESA;F/30/04 9MM;8429991941956;;8429991773199;M2;4;1.44;30;43.20;29.75;912.50;120.00;80.00;73.50;;9.00;12/06/2024;PAMESA;PAMESA;GRES PORCELNICO ESMALTADO;0178400023666;;PORCELAINGLASS;TERRAZZO;TERRAZO;;POLIVALENTE;BASE;BASE;MATE RECTIFICADO;VARIACION LEVE;NO;NO;NO;;PEI IV;CLASE 1;;;GRUPO BIa;GL Esmaltado;;;NO;;1600-2400 N - 35-45 N/mm2;1;017.840.0158.14634;120X120;CATLOGO PAMESA;;;60;60;9;3600;60x60;TERRAZZO;BLU;https://www.pamesa.com/ERP/4.0/empresas/151/045/imagenes/t00010602/0178400023666.jpg
17;840;213;14634;0178400023801;SI;REC.GLASS;60x60 TERRAZZO GRIGIO;A;SI;SI;21.7500;PGL12;PAMESA;PAMESA;F/30/04 9MM;8429991975630;;8429991773199;M2;4;1.44;30;43.20;29.75;912.50;120.00;80.00;73.50;;9.00;21/06/2024;PAMESA;PAMESA;GRES PORCELNICO ESMALTADO;0178400023801;;PORCELAINGLASS;TERRAZZO;TERRAZO;;POLIVALENTE;BASE;BASE;MATE RECTIFICADO;VARIACION LEVE;NO;NO;;;PEI IV;CLASE 1;;;GRUPO BIa;GL Esmaltado;;;NO;;1600-2400 N - 35-45 N/mm2;1;017.840.0213.14634;60x60;CATLOGO PAMESA;;;60;60;9;3600;60x60;TERRAZZO;GRIGIO;https://www.pamesa.com/ERP/4.0/empresas/151/045/imagenes/t00010602/0178400023801.jpg
17;840;942;14634;0178400023667;SI;REC.GLASS;60x60 TERRAZZO SAGGIO;A;SI;SI;21.7500;PGL12;PAMESA;PAMESA;F/30/04 9MM;8429991941963;;8429991773199;M2;4;1.44;30;43.20;29.75;912.50;120.00;80.00;73.50;;9.00;12/06/2024;PAMESA;PAMESA;GRES PORCELNICO ESMALTADO;0178400023667;;PORCELAINGLASS;TERRAZZO;TERRAZO;;POLIVALENTE;BASE;BASE;MATE RECTIFICADO;VARIACION LEVE;NO;NO;NO;;PEI IV;CLASE 1;;;GRUPO BIa;GL Esmaltado;;;NO;;1600-2400 N - 35-45 N/mm2;1;017.840.0942.14634;60X90(N)20MM;CATLOGO PAMESA;;;60;60;9;3600;60x60;TERRAZZO;SAGGIO;https://www.pamesa.com/ERP/4.0/empresas/151/045/imagenes/t00010602/0178400023667.jpg
17;840;56;14634;0178400023671;SI;REC.GLASS;60x60 TERRAZZO TERRA;A;SI;SI;21.7500;PGL12;PAMESA;PAMESA;F/30/04 9MM;8429991942137;;8429991773199;M2;4;1.44;30;43.20;29.75;912.50;120.00;80.00;73.50;;9.00;12/06/2024;PAMESA;PAMESA;GRES PORCELNICO ESMALTADO;0178400023671;;PORCELAINGLASS;TERRAZZO;TERRAZO;;POLIVALENTE;BASE;BASE;MATE RECTIFICADO;VARIACION LEVE;NO;NO;NO;;PEI IV;CLASE 1;;;GRUPO BIa;GL Esmaltado;;;NO;;1600-2400 N - 35-45 N/mm2;1;017.840.0056.14634;60X120(n);CATLOGO PAMESA;;;60;60;9;3600;60x60;TERRAZZO;TERRA;https://www.pamesa.com/ERP/4.0/empresas/151/045/imagenes/t00010602/0178400023671.jpg
15;440;2;2023;0154400022023;SI;COM.GL;60,8x60,8 TABOR GRIS;A;SI;SI;17.7500;PGL10;PAMESA;PAMESA;F/30/04 9MM;8429991380717;;8429991773182;M2;4;1.48;30;44.40;29.70;911.00;120.00;80.00;74.00;;9.00;30/05/2018;ATRIUM;SERIE ATRIUM;GRES PORCELNICO ESMALTADO;0154400022023;;PORCELAINGLASS;TRENT;PIEDRA;;PAVIMENTO;;BASE;MATE;VARIACION LEVE;NO;;;10;PEI III;CLASE 1;R9;;GRUPO BIa;GL Esmaltado;;;NO;;1600-2400 N - 35-45 N/mm2;3;015.440.0002.02023;60X120(n);CATLOGO PAMESA;;;60,8;60,8;9;3696,64;60,8x60,8;TABOR;GRIS;https://www.pamesa.com/ERP/4.0/empresas/151/045/imagenes/t00010602/0154400022023.jpg
15;440;37;2023;0154400372023;SI;COM.GL;60,8x60,8 TABOR PERLA;A;SI;SI;17.7500;PGL10;PAMESA;PAMESA;F/30/04 9MM;8429991380724;;8429991773182;M2;4;1.48;30;44.40;29.70;911.00;120.00;80.00;74.00;;9.00;30/05/2018;ATRIUM;SERIE ATRIUM;GRES PORCELNICO ESMALTADO;0154400372023;;PORCELAINGLASS;TRENT;PIEDRA;;PAVIMENTO;;BASE;MATE;VARIACION LEVE;NO;;;10;PEI IV;CLASE 1;R9;;GRUPO BIa;GL Esmaltado;;;NO;;1600-2400 N - 35-45 N/mm2;3;015.440.0037.02023;60X120(n);CATLOGO PAMESA;;;60,8;60,8;9;3696,64;60,8x60,8;TABOR;PERLA;https://www.pamesa.com/ERP/4.0/empresas/151/045/imagenes/t00010602/0154400372023.jpg
15;440;119;2023;0154401192023;SI;COM.GL;60,8x60,8 TABOR SAND;A;SI;SI;17.7500;PGL10;PAMESA;PAMESA;F/30/04 9MM;8429991380731;;8429991773182;M2;4;1.48;30;44.40;29.70;911.00;120.00;80.00;74.00;;9.00;30/05/2018;ATRIUM;SERIE ATRIUM;GRES PORCELNICO ESMALTADO;0154401192023;;PORCELAINGLASS;TRENT;PIEDRA;;PAVIMENTO;;BASE;MATE;VARIACION LEVE;NO;;;10;PEI IV;CLASE 1;R9;;GRUPO BIa;GL Esmaltado;;;NO;;1600-2400 N - 35-45 N/mm2;3;015.440.0119.02023;60X120(n);CATLOGO PAMESA;;;60,8;60,8;9;3696,64;60,8x60,8;TABOR;SAND;https://www.pamesa.com/ERP/4.0/empresas/151/045/imagenes/t00010602/0154401192023.jpg
25;590;2;2023;0255900022023;SI;PZ.ESP COM-GLAS;30x30(7)Malla TABOR GRIS;A;SI;SI;57.7500;MOS7;PAMESA;PAMESA;E/42/11;8429991504571;;;M2;11;1.00;42;42.00;23.10;990.20;120.00;80.00;;;;08/03/2018;ATRIUM;SERIE ATRIUM;GRES PORCELNICO ESMALTADO;0255900022023;;PORCELAINGLASS;TRENT;PIEDRA;;POLIVALENTE;MALLA;;MATE;;NO;SIN INFORMAR;;;;;;;GRUPO BIa;GL Esmaltado;;;NO;;1600-2400 N - 35-45 N/mm2;3;025.590.0002.02023;30x30(7)Malla;CATLOGO PAMESA;;;30;30;0;900;30x30;TABOR;GRIS;https://www.pamesa.com/ERP/4.0/empresas/151/045/imagenes/t00010602/0255900022023.jpg
25;590;37;2023;0255900372023;SI;PZ.ESP COM-GLAS;30x30(7)Malla TABOR PERLA;A;SI;SI;57.7500;MOS7;PAMESA;PAMESA;E/42/11;8429991504588;;;M2;11;1.00;42;42.00;23.10;990.20;120.00;80.00;;;;08/03/2018;ATRIUM;SERIE ATRIUM;GRES PORCELNICO ESMALTADO;0255900372023;;PORCELAINGLASS;TRENT;PIEDRA;;POLIVALENTE;MALLA;;MATE;;NO;SIN INFORMAR;;;;;;;GRUPO BIa;GL Esmaltado;;;NO;;1600-2400 N - 35-45 N/mm2;3;025.590.0037.02023;60X60N(20MM);CATLOGO PAMESA;;;30;30;0;900;30x30;TABOR;PERLA;https://www.pamesa.com/ERP/4.0/empresas/151/045/imagenes/t00010602/0255900372023.jpg
25;590;119;2023;0255901192023;SI;PZ.ESP COM-GLAS;30x30(7)Malla TABOR SAND;A;SI;SI;57.7500;MOS7;PAMESA;PAMESA;E/42/11;8429991504595;;;M2;11;1.00;42;42.00;23.10;990.20;120.00;80.00;;;;08/03/2018;ATRIUM;SERIE ATRIUM;GRES PORCELNICO ESMALTADO;0255901192023;;PORCELAINGLASS;TRENT;PIEDRA;;POLIVALENTE;MALLA;;MATE;;NO;SIN INFORMAR;;;;;;;GRUPO BIa;GL Esmaltado;;;NO;;1600-2400 N - 35-45 N/mm2;3;025.590.0119.02023;90X90(N);CATLOGO PAMESA;;;30;30;0;900;30x30;TABOR;SAND;https://www.pamesa.com/ERP/4.0/empresas/151/045/imagenes/t00010602/0255901192023.jpg
15;845;46;15556;0158450030882;SI;COM.GL;33,3x33,3 UMBRIA COTO;A;SI;SI;0.0000;PGL02;PAMESA;PAMESA;A/48/12 8,5MM;8429991149895;;8429991773182;M2;12;1.33;48;63.84;24.50;1,196.00;126.00;84.00;82.00;;8.50;11/06/2025;PAMESA;PAMESA;GRES PORCELNICO ESMALTADO;0158450030882;;PORCELAINGLASS;UMBRIA;BARRO;;POLIVALENTE;BASE;BASE;MATE;VARIACION MODERADA;;SI;;;;CLASE 1;;;GRUPO BIa;GL Esmaltado;;;NO;;>10000 N - 35-45 N/mm2;1;015.845.0046.15556;60X120(n);CATLOGO PAMESA;;;33,3;33,3;8,5;1108,89;33,3x33,3;UMBRIA;COTO;https://www.pamesa.com/ERP/4.0/empresas/151/045/imagenes/t00010602/0158450030882.jpg
15;845;10;15556;0158450030883;SI;COM.GL;33,3x33,3 UMBRIA TEJA;A;SI;SI;0.0000;PGL02;PAMESA;PAMESA;A/48/12 8,5MM;8429991149901;;8429991773182;M2;12;1.33;48;63.84;24.50;1,196.00;126.00;84.00;82.00;;8.50;11/06/2025;PAMESA;PAMESA;GRES PORCELNICO ESMALTADO;0158450030883;;PORCELAINGLASS;UMBRIA;BARRO;;POLIVALENTE;BASE;BASE;MATE;VARIACION MODERADA;;SI;;;;CLASE 1;;;GRUPO BIa;GL Esmaltado;;;NO;;>10000 N - 35-45 N/mm2;1;015.845.0010.15556;100X100;CATLOGO PAMESA;;;33,3;33,3;8,5;1108,89;33,3x33,3;UMBRIA;TEJA;https://www.pamesa.com/ERP/4.0/empresas/151/045/imagenes/t00010602/0158450030883.jpg
17;696;183;15744;0176960034867;SI;REC.GLASS;60x120(N)20MM UNIQUE SILVER;A;SI;SI;0.0000;2CM04;PAMESA.C.P;PAMESA;30/22/01 S/C;8429991163792;;;M2;1;0.72;33;23.76;29.30;991.90;126.00;70.00;75.00;;20.00;25/07/2025;PAMESA;PAMESA;GRES PORCELNICO ESMALTADO;0176960034867;;PORCELAINGLASS;UNIQUE;PIEDRA;;PAVIMENTO;;BASE;;;;;;;;CLASE 3;R11;C;;;;36 Low;;;;1;017.696.0183.15744;160X160;CATLOGO PAMESA;;;60;120;20;7200;60x120;UNIQUE;SILVER;https://www.pamesa.com/ERP/4.0/empresas/151/045/imagenes/t00010602/0176960034867.jpg
17;986;183;15744;0179860034868;SI;REC.GLASS;60x90(N)20mm UNIQUE SILVER;A;SI;SI;0.0000;2CM02;PAMESA;PAMESA;G/22/02;8429991163808;;8429991773199;M2;2;1.08;22;23.76;45.00;1,015.00;105.00;95.00;75.00;;20.00;25/07/2025;PAMESA;PAMESA;GRES PORCELNICO ESMALTADO;0179860034868;;PORCELAINGLASS;UNIQUE;PIEDRA;;PAVIMENTO;BASE;BASE;MATE RECTIFICADO;VARIACION ALTA;;;;;;CLASE 3;R11;C;GRUPO BIa;GL Esmaltado;;36 Low;NO;;>10000 N - 35-45 N/mm2;1;017.986.0183.15744;160X160;CATLOGO PAMESA;;;60;90;20;5400;60x90;UNIQUE;SILVER;https://www.pamesa.com/ERP/4.0/empresas/151/045/imagenes/t00010602/0179860034868.jpg
17;785;183;15744;0177850034869;SI;REC.GLASS;60x60N(20mm) UNIQUE SILVER;A;SI;SI;0.0000;2CM01;PAMESA;PAMESA;F/30/02;8429991163815;;01001?2000;M2;2;0.72;30;21.60;28.50;875.00;120.00;80.00;73.50;;20.00;25/07/2025;PAMESA;PAMESA;GRES PORCELNICO ESMALTADO;0177850034869;;PORCELAINGLASS;UNIQUE;PIEDRA;;PAVIMENTO;BASE;BASE;MATE RECTIFICADO;VARIACION ALTA;;;;;;CLASE 3;R11;C;;;;36 Low;;;;1;017.785.0183.15744;120X120;CATLOGO PAMESA;;;60;60;20;3600;60x60;UNIQUE;SILVER;https://www.pamesa.com/ERP/4.0/empresas/151/045/imagenes/t00010602/0177850034869.jpg
17;250;17;5780;0172500175780;SI;REC.GLASS;60x120(n) URBEX ARENA;A;SI;SI;21.7500;PGL16;PAMESA;PAMESA;L/36/02 RF;8429991599522;;8429991773199;M2;2;1.44;36;51.84;28.62;1,055.32;122.00;84.00;73.50;;;10/09/2020;PAMESA;PAMESA;GRES PORCELNICO ESMALTADO;0172500175780;;PORCELAINGLASS;URBEX;TERRAZO;;POLIVALENTE;BASE;BASE;MATE RECTIFICADO;VARIACION MODERADA;;NO;;;PEI IV;CLASE 3;R10;B;GRUPO BIa;GL Esmaltado;55 Low;36 Low;NO;;1600-2400 N - 35-45 N/mm2;1;017.250.0017.05780;30x30(7)Malla;CATLOGO PAMESA;;;60;120;9;7200;60x120;URBEX;ARENA;https://www.pamesa.com/ERP/4.0/empresas/151/045/imagenes/t00010602/0172500175780.jpg
17;250;28;5780;0172500285780;SI;REC.GLASS;60x120(n) URBEX MARENGO;A;SI;SI;21.7500;PGL16;PAMESA;PAMESA;L/36/02 RF;8429991599539;;8429991773199;M2;2;1.44;36;51.84;28.62;1,055.32;122.00;84.00;73.50;;;10/09/2020;PAMESA;PAMESA;GRES PORCELNICO ESMALTADO;0172500285780;;PORCELAINGLASS;URBEX;TERRAZO;;POLIVALENTE;BASE;BASE;MATE RECTIFICADO;VARIACION MODERADA;;NO;;;PEI IV;CLASE 3;R10;B;GRUPO BIa;GL Esmaltado;55 Low;36 Low;NO;;1600-2400 N - 35-45 N/mm2;1;017.250.0028.05780;120X120;CATLOGO PAMESA;;;60;120;9;7200;60x120;URBEX;MARENGO;https://www.pamesa.com/ERP/4.0/empresas/151/045/imagenes/t00010602/0172500285780.jpg
17;250;37;5780;0172500375780;SI;REC.GLASS;60x120(n) URBEX PERLA;A;SI;SI;21.7500;PGL16;PAMESA;PAMESA;L/36/02 RF;8429991599546;;8429991773199;M2;2;1.44;36;51.84;28.62;1,055.32;122.00;84.00;73.50;;;10/09/2020;PAMESA;PAMESA;GRES PORCELNICO ESMALTADO;0172500375780;;PORCELAINGLASS;URBEX;TERRAZO;;POLIVALENTE;BASE;BASE;MATE RECTIFICADO;VARIACION MODERADA;;NO;;;PEI IV;CLASE 3;R10;B;GRUPO BIa;GL Esmaltado;55 Low;36 Low;NO;;1600-2400 N - 35-45 N/mm2;1;017.250.0037.05780;60X60N(20MM);CATLOGO PAMESA;;;60;120;9;7200;60x120;URBEX;PERLA;https://www.pamesa.com/ERP/4.0/empresas/151/045/imagenes/t00010602/0172500375780.jpg
17;840;17;5780;0178400175780;SI;REC.GLASS;60x60 URBEX ARENA;A;SI;SI;19.0000;PGL12;PAMESA;PAMESA;F/30/04 9MM;8429991576868;;8429991773199;M2;4;1.44;30;43.20;29.75;912.50;120.00;80.00;73.50;;9.00;10/09/2020;PAMESA;PAMESA;GRES PORCELNICO ESMALTADO;0178400175780;;PORCELAINGLASS;URBEX;TERRAZO;;POLIVALENTE;BASE;BASE;MATE RECTIFICADO;VARIACION MODERADA;;NO;;;PEI IV;CLASE 3;R10;B;GRUPO BIa;GL Esmaltado;55 Low;36 Low;NO;;1600-2400 N - 35-45 N/mm2;1;017.840.0017.05780;120X120;CATLOGO PAMESA;;;60;60;9;3600;60x60;URBEX;ARENA;https://www.pamesa.com/ERP/4.0/empresas/151/045/imagenes/t00010602/0178400175780.jpg
17;785;28;5780;0177850285780;SI;REC.GLASS;60x60N(20mm) URBEX MARENGO;A;SI;SI;0.0000;2CM01;PAMESA;PAMESA;F/30/02;8429991979614;;8429991773199;M2;2;0.72;30;21.60;28.50;875.00;120.00;80.00;73.50;;20.00;22/11/2024;PAMESA;PAMESA;GRES PORCELNICO ESMALTADO;0177850285780;;PORCELAINGLASS;URBEX;TERRAZO;;PAVIMENTO;BASE;BASE;MATE RECTIFICADO;VARIACION MODERADA;;NO;;;;CLASE 3;R11;C;GRUPO BIa;GL Esmaltado;;36 Low;NO;0.42;>8000 N - 35-45 N/mm2;1;017.785.0028.05780;30x60 (C);CATLOGO PAMESA;;;60;60;20;3600;60x60;URBEX;MARENGO;https://www.pamesa.com/ERP/4.0/empresas/151/045/imagenes/t00010602/0177850285780.jpg
17;840;28;5780;0178400285780;SI;REC.GLASS;60x60 URBEX MARENGO;A;SI;SI;19.0000;PGL12;PAMESA;PAMESA;F/30/04 9MM;8429991574772;;8429991773199;M2;4;1.44;30;43.20;29.75;912.50;120.00;80.00;73.50;;9.00;10/09/2020;PAMESA;PAMESA;GRES PORCELNICO ESMALTADO;0178400285780;;PORCELAINGLASS;URBEX;TERRAZO;;POLIVALENTE;BASE;BASE;MATE RECTIFICADO;VARIACION MODERADA;;NO;;;PEI IV;CLASE 3;R10;B;GRUPO BIa;GL Esmaltado;55 Low;36 Low;NO;;1600-2400 N - 35-45 N/mm2;1;017.840.0028.05780;90X90(N);CATLOGO PAMESA;;;60;60;9;3600;60x60;URBEX;MARENGO;https://www.pamesa.com/ERP/4.0/empresas/151/045/imagenes/t00010602/0178400285780.jpg
17;785;37;5780;0177850375780;SI;REC.GLASS;60x60N(20mm) URBEX PERLA;A;SI;SI;0.0000;2CM01;PAMESA;PAMESA;F/30/02;8429991979621;;8429991773199;M2;2;0.72;30;21.60;28.50;875.00;120.00;80.00;73.50;;20.00;22/11/2024;PAMESA;PAMESA;GRES PORCELNICO ESMALTADO;0177850375780;;PORCELAINGLASS;URBEX;TERRAZO;;PAVIMENTO;BASE;BASE;MATE RECTIFICADO;VARIACION MODERADA;;NO;;;;CLASE 3;R11;C;GRUPO BIa;GL Esmaltado;;36 Low;NO;0.42;>8000 N - 35-45 N/mm2;1;017.785.0037.05780;60X120 RF;CATLOGO PAMESA;;;60;60;20;3600;60x60;URBEX;PERLA;https://www.pamesa.com/ERP/4.0/empresas/151/045/imagenes/t00010602/0177850375780.jpg
17;840;37;5780;0178400375780;SI;REC.GLASS;60x60 URBEX PERLA;A;SI;SI;19.0000;PGL12;PAMESA;PAMESA;F/30/04 9MM;8429991574789;;8429991773199;M2;4;1.44;30;43.20;29.75;912.50;120.00;80.00;73.50;;9.00;10/09/2020;PAMESA;PAMESA;GRES PORCELNICO ESMALTADO;0178400375780;;PORCELAINGLASS;URBEX;TERRAZO;;POLIVALENTE;BASE;BASE;MATE RECTIFICADO;VARIACION MODERADA;;NO;;;PEI IV;CLASE 3;R10;B;GRUPO BIa;GL Esmaltado;55 Low;36 Low;NO;;1600-2400 N - 35-45 N/mm2;1;017.840.0037.05780;60X90(N)20MM;CATLOGO PAMESA;;;60;60;9;3600;60x60;URBEX;PERLA;https://www.pamesa.com/ERP/4.0/empresas/151/045/imagenes/t00010602/0178400375780.jpg
17;250;33;10722;0172500011987;SI;REC.GLASS;60x120(n) AT.VERSILIA MARFIL;A;SI;SI;21.7500;PGL16;PAMESA;PAMESA;L/36/02 RF;;;8429991773199;M2;2;1.44;36;51.84;28.62;1,055.32;122.00;84.00;73.50;;;21/10/2021;PAMESA;PAMESA;GRES PORCELNICO ESMALTADO;0172500011987;;PORCELAINGLASS;VERSILIA;MARMOL;;POLIVALENTE;BASE;BASE;MATE;VARIACION MODERADA;;NO;;;PEI IV;CLASE 1;;;GRUPO BIa;GL Esmaltado;;;NO;;1600-2400 N - 35-45 N/mm2;1;017.250.0033.10722;60X120(n);CATLOGO PAMESA;;;60;120;9;7200;60x120;AT.VERSILIA;MARFIL;https://www.pamesa.com/ERP/4.0/empresas/151/045/imagenes/t00010602/0172500011987.jpg
17;250;33;9138;0172500042593;SI;REC.GLASS;60x120(n) VERSILIA MARFIL;A;SI;SI;0.0000;PGL16;PAMESA;PAMESA;L/36/02 RF;8429991673819;;8429991773199;M2;2;1.44;36;51.84;28.62;1,055.32;122.00;84.00;73.50;;;19/11/2025;PAMESA;PAMESA;GRES PORCELNICO ESMALTADO;0172500042593;;PORCELAINGLASS;VERSILIA;MARMOL;;POLIVALENTE;BASE;BASE;MATE;VARIACION MODERADA;;NO;;;PEI IV;CLASE 1;;;GRUPO BIa;GL Esmaltado;;;NO;;1600-2400 N - 35-45 N/mm2;1;017.250.0033.09138;60X120(n);CATLOGO PAMESA;;;60;120;9;7200;60x120;VERSILIA;MARFIL;https://www.pamesa.com/ERP/4.0/empresas/151/045/imagenes/t00010602/0172500042593.jpg
52;961;7;275;0529610070275;SI;SLIM MATE RECTIF.;120x280(6mm) VICTORIA BEIGE;A;SI;SI;0.0000;XXL04;PAMESA;PAMESA;05/20/01;8429991996673;;8429991773199;M2;1;3.36;20;67.20;52.00;1,140.00;290.00;140.00;36.00;;;31/01/2025;PAMESA;PAMESA;GRES PORCELNICO ESMALTADO;0529610070275;;PORCELAINGLASS;VICTORIA;PIEDRA;;POLIVALENTE;BASE;BASE;MATE RECTIFICADO;VARIACION LEVE;;;;;;CLASE 1;R9;;GRUPO BIa;GL Esmaltado;;;NO;;;1;052.961.0007.00275;30x180;CATLOGO PAMESA;;;120;280;6;33600;120x280;VICTORIA;BEIGE;https://www.pamesa.com/ERP/4.0/empresas/151/045/imagenes/t00010602/0529610070275.jpg
52;961;164;275;0529611640275;SI;SLIM MATE RECTIF.;120x280(6mm) VICTORIA IVORY;A;SI;SI;0.0000;XXL04;PAMESA;PAMESA;05/20/01;8429991996680;;8429991773199;M2;1;3.36;20;67.20;52.00;1,140.00;290.00;140.00;36.00;;;31/01/2025;PAMESA;PAMESA;GRES PORCELNICO ESMALTADO;0529611640275;;PORCELAINGLASS;VICTORIA;PIEDRA;;POLIVALENTE;BASE;BASE;MATE RECTIFICADO;VARIACION LEVE;;NO;;;;CLASE 1;R9;;GRUPO BIa;GL Esmaltado;;;NO;;;1;052.961.0164.00275;45X45;CATLOGO PAMESA;;;120;280;6;33600;120x280;VICTORIA;IVORY;https://www.pamesa.com/ERP/4.0/empresas/151/045/imagenes/t00010602/0529611640275.jpg
17;10;7;275;0170100027637;SI;REC.GLASS;100x100 VICTORIA BEIGE;A;SI;SI;0.0000;PGL31;PAMESA;PAMESA;27/27/02;8429991119942;;8429991773199;M2;2;2.00;27;54.00;41.15;1,133.05;107.00;107.00;77.00;;;07/04/2025;PAMESA;PAMESA;GRES PORCELNICO ESMALTADO;0170100027637;;PORCELAINGLASS;VICTORIA;PIEDRA;;POLIVALENTE;BASE;BASE;MATE RECTIFICADO;VARIACION LEVE;;ESTRUCTURANTE;;;;CLASE 1;R9;;GRUPO BIa;GL Esmaltado;;;NO;;1600-2400 N - 35-45 N/mm2;1;017.010.0007.00275;60X60N(20MM);;6;;100;100;9;10000;100x100;VICTORIA;BEIGE;https://www.pamesa.com/ERP/4.0/empresas/151/045/imagenes/t00010602/0170100027637.jpg
17;10;408;275;0170100025812;SI;REC.GLASS;100x100 VICTORIA GREIGE;A;SI;SI;0.0000;PGL31;PAMESA;PAMESA;27/27/02;8429991109837;;8429991773199;M2;2;2.00;27;54.00;41.15;1,133.05;107.00;107.00;77.00;;;06/03/2025;PAMESA;PAMESA;GRES PORCELNICO ESMALTADO;0170100025812;;PORCELAINGLASS;VICTORIA;PIEDRA;;POLIVALENTE;BASE;BASE;MATE RECTIFICADO;VARIACION LEVE;;ESTRUCTURANTE;;;;CLASE 1;R9;;GRUPO BIa;GL Esmaltado;;;NO;;1600-2400 N - 35-45 N/mm2;1;017.010.0408.00275;60x60;CATLOGO PAMESA;;;100;100;9;10000;100x100;VICTORIA;GREIGE;https://www.pamesa.com/ERP/4.0/empresas/151/045/imagenes/t00010602/0170100025812.jpg
17;10;164;275;0170100025810;SI;REC.GLASS;100x100 VICTORIA IVORY;A;SI;SI;0.0000;PGL31;PAMESA;PAMESA;27/27/02;8429991109813;;8429991773199;M2;2;2.00;27;54.00;41.15;1,133.05;107.00;107.00;77.00;;;06/03/2025;PAMESA;PAMESA;GRES PORCELNICO ESMALTADO;0170100025810;;PORCELAINGLASS;VICTORIA;PIEDRA;;POLIVALENTE;BASE;BASE;MATE RECTIFICADO;VARIACION LEVE;;ESTRUCTURANTE;;;;CLASE 1;R9;;GRUPO BIa;GL Esmaltado;;;NO;;1600-2400 N - 35-45 N/mm2;1;017.010.0164.00275;30x60 (C);CATLOGO PAMESA;;;100;100;9;10000;100x100;VICTORIA;IVORY;https://www.pamesa.com/ERP/4.0/empresas/151/045/imagenes/t00010602/0170100025810.jpg
17;10;183;275;0170100025811;SI;REC.GLASS;100x100 VICTORIA SILVER;A;SI;SI;0.0000;PGL31;PAMESA;PAMESA;27/27/02;8429991109820;;8429991773199;M2;2;2.00;27;54.00;41.15;1,133.05;107.00;107.00;77.00;;;06/03/2025;PAMESA;PAMESA;GRES PORCELNICO ESMALTADO;0170100025811;;PORCELAINGLASS;VICTORIA;PIEDRA;;POLIVALENTE;BASE;BASE;MATE RECTIFICADO;VARIACION LEVE;;ESTRUCTURANTE;;;;CLASE 1;R9;;GRUPO BIa;GL Esmaltado;;;NO;;1600-2400 N - 35-45 N/mm2;1;017.010.0183.00275;30x30(7)Malla;CATLOGO PAMESA;;;100;100;9;10000;100x100;VICTORIA;SILVER;https://www.pamesa.com/ERP/4.0/empresas/151/045/imagenes/t00010602/0170100025811.jpg
17;250;7;15100;0172500024993;SI;REC.GLASS;60x120(n) RLV.VICTORIA BEIGE;A;SI;SI;0.0000;PGL20;PAMESA;PAMESA;L/36/02 RF;8429991991470;;8429991773199;M2;2;1.44;36;51.84;28.62;1,055.32;122.00;84.00;73.50;;;17/01/2025;PAMESA;PAMESA;GRES PORCELNICO ESMALTADO;0172500024993;;PORCELAINGLASS;VICTORIA;PIEDRA;;REVESTIMIENTO;DECORADO;RLV DECORADO;MATE RECTIFICADO;VARIACION LEVE;;SI;;;;CLASE 1;R9;;GRUPO BIa;GL Esmaltado;;;NO;;1600-2400 N - 35-45 N/mm2;1;017.250.0007.15100;60X120 RF;CATLOGO PAMESA;;;60;120;9;7200;60x120;RLV.VICTORIA;BEIGE;https://www.pamesa.com/ERP/4.0/empresas/151/045/imagenes/t00010602/0172500024993.jpg
17;250;408;15100;0172500035749;SI;REC.GLASS;60x120(n) RLV.VICTORIA GREIGE;A;SI;SI;0.0000;PGL20;PAMESA;PAMESA;L/36/02 RF;8429991168667;;8429991773199;M2;2;1.44;36;51.84;28.62;1,055.32;122.00;84.00;73.50;;;05/08/2025;PAMESA;PAMESA;GRES PORCELNICO ESMALTADO;0172500035749;;PORCELAINGLASS;VICTORIA;PIEDRA;;REVESTIMIENTO;DECORADO;RLV DECORADO;MATE RECTIFICADO;VARIACION LEVE;;;;;;;;;GRUPO BIa;GL Esmaltado;;;NO;;1600-2400 N - 35-45 N/mm2;1;017.250.0408.15100;60x60;CATLOGO PAMESA;;;60;120;9;7200;60x120;RLV.VICTORIA;GREIGE;https://www.pamesa.com/ERP/4.0/empresas/151/045/imagenes/t00010602/0172500035749.jpg
17;250;164;15100;0172500024994;SI;REC.GLASS;60x120(n) RLV.VICTORIA IVORY;A;SI;SI;0.0000;PGL20;PAMESA;PAMESA;L/36/02 RF;8429991991487;;8429991773199;M2;2;1.44;36;51.84;28.62;1,055.32;122.00;84.00;73.50;;;17/01/2025;PAMESA;PAMESA;GRES PORCELNICO ESMALTADO;0172500024994;;PORCELAINGLASS;VICTORIA;PIEDRA;;REVESTIMIENTO;DECORADO;RLV DECORADO;MATE RECTIFICADO;VARIACION LEVE;;SI;;;;CLASE 1;R9;;GRUPO BIa;GL Esmaltado;;;NO;;1600-2400 N - 35-45 N/mm2;1;017.250.0164.15100;30x60 (C);CATLOGO PAMESA;;;60;120;9;7200;60x120;RLV.VICTORIA;IVORY;https://www.pamesa.com/ERP/4.0/empresas/151/045/imagenes/t00010602/0172500024994.jpg
17;250;183;15100;0172500035748;SI;REC.GLASS;60x120(n) RLV.VICTORIA SILVER;A;SI;SI;0.0000;PGL20;PAMESA;PAMESA;L/36/02 RF;8429991168650;;8429991773199;M2;2;1.44;36;51.84;28.62;1,055.32;122.00;84.00;73.50;;;05/08/2025;PAMESA;PAMESA;GRES PORCELNICO ESMALTADO;0172500035748;;PORCELAINGLASS;VICTORIA;PIEDRA;;REVESTIMIENTO;DECORADO;RLV DECORADO;MATE RECTIFICADO;VARIACION LEVE;;;;;;;;;GRUPO BIa;GL Esmaltado;;;NO;;1600-2400 N - 35-45 N/mm2;1;017.250.0183.15100;90X90(N);CATLOGO PAMESA;;;60;120;9;7200;60x120;RLV.VICTORIA;SILVER;https://www.pamesa.com/ERP/4.0/empresas/151/045/imagenes/t00010602/0172500035748.jpg
17;250;7;275;0172500070275;SI;REC.GLASS;60x120(n) VICTORIA BEIGE;A;SI;SI;0.0000;PGL16;PAMESA;PAMESA;L/36/02 RF;8429991989798;;8429991773199;M2;2;1.44;36;51.84;28.62;1,055.32;122.00;84.00;73.50;;;14/01/2025;PAMESA;PAMESA;GRES PORCELNICO ESMALTADO;0172500070275;;PORCELAINGLASS;VICTORIA;PIEDRA;;POLIVALENTE;BASE;BASE;MATE RECTIFICADO;VARIACION LEVE;;ESTRUCTURANTE;;;;CLASE 1;R9;;GRUPO BIa;GL Esmaltado;;;NO;;1600-2400 N - 35-45 N/mm2;1;017.250.0007.00275;120X120;CATLOGO PAMESA;;;60;120;9;7200;60x120;VICTORIA;BEIGE;https://www.pamesa.com/ERP/4.0/empresas/151/045/imagenes/t00010602/0172500070275.jpg
17;250;408;275;0172500032529;SI;REC.GLASS;60x120(n) VICTORIA GREIGE;A;SI;SI;0.0000;PGL16;PAMESA;PAMESA;L/36/02 RF;8429991153038;;8429991773199;M2;2;1.44;36;51.84;28.62;1,055.32;122.00;84.00;73.50;;;18/06/2025;PAMESA;PAMESA;GRES PORCELNICO ESMALTADO;0172500032529;;PORCELAINGLASS;VICTORIA;PIEDRA;;POLIVALENTE;BASE;BASE;MATE RECTIFICADO;VARIACION LEVE;;NO;;;;CLASE 1;R9;;GRUPO BIa;GL Esmaltado;;;NO;;1600-2400 N - 35-45 N/mm2;1;017.250.0408.00275;60x60;CATLOGO PAMESA;;;60;120;9;7200;60x120;VICTORIA;GREIGE;https://www.pamesa.com/ERP/4.0/empresas/151/045/imagenes/t00010602/0172500032529.jpg
17;250;164;275;0172501640275;SI;REC.GLASS;60x120(n) VICTORIA IVORY;A;SI;SI;0.0000;PGL16;PAMESA;PAMESA;L/36/02 RF;8429991989804;;8429991773199;M2;2;1.44;36;51.84;28.62;1,055.32;122.00;84.00;73.50;;;14/01/2025;PAMESA;PAMESA;GRES PORCELNICO ESMALTADO;0172501640275;;PORCELAINGLASS;VICTORIA;PIEDRA;;POLIVALENTE;BASE;BASE;MATE RECTIFICADO;VARIACION LEVE;;ESTRUCTURANTE;;;;CLASE 1;R9;;GRUPO BIa;GL Esmaltado;;;NO;;1600-2400 N - 35-45 N/mm2;1;017.250.0164.00275;60x60;CATLOGO PAMESA;;;60;120;9;7200;60x120;VICTORIA;IVORY;https://www.pamesa.com/ERP/4.0/empresas/151/045/imagenes/t00010602/0172501640275.jpg
17;250;183;275;0172500032528;SI;REC.GLASS;60x120(n) VICTORIA SILVER;A;SI;SI;0.0000;PGL16;PAMESA;PAMESA;L/36/02 RF;8429991153021;;8429991773199;M2;2;1.44;36;51.84;28.62;1,055.32;122.00;84.00;73.50;;;18/06/2025;PAMESA;PAMESA;GRES PORCELNICO ESMALTADO;0172500032528;;PORCELAINGLASS;VICTORIA;PIEDRA;;POLIVALENTE;BASE;BASE;MATE RECTIFICADO;VARIACION LEVE;;NO;;;;CLASE 1;R9;;GRUPO BIa;GL Esmaltado;;;NO;;1600-2400 N - 35-45 N/mm2;1;017.250.0183.00275;120X120;CATLOGO PAMESA;;;60;120;9;7200;60x120;VICTORIA;SILVER;https://www.pamesa.com/ERP/4.0/empresas/151/045/imagenes/t00010602/0172500032528.jpg
17;77;7;275;0170770070275;SI;REC.GLASS;60x60n(C) VICTORIA BEIGE;A;SI;SI;0.0000;PGL12;PAMESA;PAMESA;F/30/05;8429991102739;;8429991773199;M2;5;1.80;30;54.00;34.50;1,055.00;120.00;80.00;74.00;;9.00;17/02/2025;PAMESA;PAMESA;GRES PORCELNICO ESMALTADO;0170770070275;;PORCELAINGLASS;VICTORIA;PIEDRA;;POLIVALENTE;BASE;BASE;MATE RECTIFICADO;VARIACION LEVE;;ESTRUCTURANTE;;;;CLASE 1;R9;;GRUPO BIa;GL Esmaltado;;;NO;;1600-2400 N - 35-45 N/mm2;1;017.077.0007.00275;33,3x33,3;CATLOGO PAMESA;;;60;60;9;3600;60x60;VICTORIA;BEIGE;https://www.pamesa.com/ERP/4.0/empresas/151/045/imagenes/t00010602/0170770070275.jpg
17;77;408;275;0170770032526;SI;REC.GLASS;60x60n(C) VICTORIA GREIGE;A;SI;SI;0.0000;PGL12;PAMESA;PAMESA;F/30/05;8429991153014;;8429991773199;M2;5;1.80;30;54.00;34.50;1,055.00;120.00;80.00;74.00;;9.00;18/06/2025;PAMESA;PAMESA;GRES PORCELNICO ESMALTADO;0170770032526;;PORCELAINGLASS;VICTORIA;PIEDRA;;POLIVALENTE;BASE;BASE;MATE RECTIFICADO;VARIACION LEVE;;NO;;;;CLASE 1;R9;;GRUPO BIa;GL Esmaltado;;;NO;;1600-2400 N - 35-45 N/mm2;1;017.077.0408.00275;120X280(6MM);CATLOGO PAMESA;;;60;60;9;3600;60x60;VICTORIA;GREIGE;https://www.pamesa.com/ERP/4.0/empresas/151/045/imagenes/t00010602/0170770032526.jpg
17;77;164;275;0170771640275;SI;REC.GLASS;60x60n(C) VICTORIA IVORY;A;SI;SI;0.0000;PGL12;PAMESA;PAMESA;F/30/05;8429991102746;;8429991773199;M2;5;1.80;30;54.00;34.50;1,055.00;120.00;80.00;74.00;;9.00;17/02/2025;PAMESA;PAMESA;GRES PORCELNICO ESMALTADO;0170771640275;;PORCELAINGLASS;VICTORIA;PIEDRA;;POLIVALENTE;BASE;BASE;MATE RECTIFICADO;VARIACION LEVE;;ESTRUCTURANTE;;;;CLASE 1;R9;;GRUPO BIa;GL Esmaltado;;;NO;;1600-2400 N - 35-45 N/mm2;1;017.077.0164.00275;60X120(n);CATLOGO PAMESA;;;60;60;9;3600;60x60;VICTORIA;IVORY;https://www.pamesa.com/ERP/4.0/empresas/151/045/imagenes/t00010602/0170771640275.jpg
17;77;183;275;0170770032525;SI;REC.GLASS;60x60n(C) VICTORIA SILVER;A;SI;SI;0.0000;PGL12;PAMESA;PAMESA;F/30/05;8429991153007;;8429991773199;M2;5;1.80;30;54.00;34.50;1,055.00;120.00;80.00;74.00;;9.00;18/06/2025;PAMESA;PAMESA;GRES PORCELNICO ESMALTADO;0170770032525;;PORCELAINGLASS;VICTORIA;PIEDRA;;POLIVALENTE;BASE;BASE;MATE RECTIFICADO;VARIACION LEVE;;NO;;;;CLASE 1;R9;;GRUPO BIa;GL Esmaltado;;;NO;;1600-2400 N - 35-45 N/mm2;1;017.077.0183.00275;60x60;CATLOGO PAMESA;;;60;60;9;3600;60x60;VICTORIA;SILVER;https://www.pamesa.com/ERP/4.0/empresas/151/045/imagenes/t00010602/0170770032525.jpg
25;590;7;275;0255900039151;SI;PZ.ESP COM-GLAS;30x30(7)Malla VICTORIA BEIGE;A;SI;SI;0.0000;MOS7;PAMESA;PAMESA;E/42/11;;;;M2;11;1.00;42;42.00;23.10;990.20;120.00;80.00;;;;07/10/2025;PAMESA;PAMESA;GRES PORCELNICO ESMALTADO;0255900039151;;PORCELAINGLASS;VICTORIA;PIEDRA;;POLIVALENTE;MALLA;MOSAICO;MATE RECTIFICADO;VARIACION LEVE;;;;;;;;;GRUPO BIa;GL Esmaltado;;;NO;;;1;025.590.0007.00275;90X90(N);CATLOGO PAMESA;;;30;30;0;900;30x30;VICTORIA;BEIGE;https://www.pamesa.com/ERP/4.0/empresas/151/045/imagenes/t00010602/0255900039151.jpg
42;845;17;11876;0428450015476;SI;PORCEL.P.ROJA;33,3x33,3 ADZ.ALCORA ARENA;A;SI;SI;17.0000;RED22;ADZ.ATRIUM;PAMESA;A/48/12 8,5MM;8429991755072;;0100211000;M2;12;1.33;48;63.84;24.50;1,196.00;126.00;84.00;82.00;;8.50;26/07/2022;PAMESA;SERIE ATRIUM;GRES PORCELNICO PASTA ROJA;0428450015476;;PORCELAINRED;ALCORA;BARRO;;ANTIDESLIZANTE;;BASE;ANTIDESLIZANTE;VARIACION MODERADA;NO;SI;;;PEI IV;CLASE 3;R11;C;GRUPO BIa;GL Esmaltado;70 Low;;NO;;1600-2400 N - 35-45 N/mm2;1;042.845.0017.11876;30X60(n)PB;CATLOGO PAMESA;;;33,3;33,3;8,5;1108,89;33,3x33,3;ADZ.ALCORA;ARENA;https://www.pamesa.com/ERP/4.0/empresas/151/045/imagenes/t00010602/0428450015476.jpg
42;845;196;11876;0428450015477;SI;PORCEL.P.ROJA;33,3x33,3 ADZ.ALCORA RUSTICO;A;SI;SI;17.0000;RED22;ADZ.ATRIUM;PAMESA;A/48/12 8,5MM;8429991755089;;0100211000;M2;12;1.33;48;63.84;24.50;1,196.00;126.00;84.00;82.00;;8.50;26/07/2022;PAMESA;SERIE ATRIUM;GRES PORCELNICO PASTA ROJA;0428450015477;;PORCELAINRED;ALCORA;BARRO;;ANTIDESLIZANTE;;BASE;ANTIDESLIZANTE;VARIACION MODERADA;NO;SI;;;PEI IV;CLASE 3;R11;C;GRUPO BIa;GL Esmaltado;70 Low;;NO;;1600-2400 N - 35-45 N/mm2;1;042.845.0196.11876;23X120(N);CATLOGO PAMESA;;;33,3;33,3;8,5;1108,89;33,3x33,3;ADZ.ALCORA;RUSTICO;https://www.pamesa.com/ERP/4.0/empresas/151/045/imagenes/t00010602/0428450015477.jpg
42;845;17;11875;0428450015473;SI;PORCEL.P.ROJA;33,3x33,3 ALCORA ARENA;A;SI;SI;16.0000;RED02;PAMESA;PAMESA;A/48/12 8,5MM;8429991755058;;0100111000;M2;12;1.33;48;63.84;24.50;1,196.00;126.00;84.00;82.00;;8.50;26/07/2022;PAMESA;SERIE ATRIUM;GRES PORCELNICO PASTA ROJA;0428450015473;;PORCELAINRED;ALCORA;BARRO;;POLIVALENTE;;BASE;MATE;VARIACION MODERADA;NO;SI;;;PEI IV;CLASE 1;;;GRUPO BIa;GL Esmaltado;60 Low;25 Moderate;NO;;1600-2400 N - 35-45 N/mm2;1;042.845.0017.11875;30X60(n)PB;CATLOGO PAMESA;;;33,3;33,3;8,5;1108,89;33,3x33,3;ALCORA;ARENA;https://www.pamesa.com/ERP/4.0/empresas/151/045/imagenes/t00010602/0428450015473.jpg
42;845;196;11875;0428450015474;SI;PORCEL.P.ROJA;33,3x33,3 ALCORA RUSTICO;A;SI;SI;16.0000;RED02;PAMESA;PAMESA;A/48/12 8,5MM;8429991755065;;0100111000;M2;12;1.33;48;63.84;24.50;1,196.00;126.00;84.00;82.00;;8.50;26/07/2022;PAMESA;SERIE ATRIUM;GRES PORCELNICO PASTA ROJA;0428450015474;;PORCELAINRED;ALCORA;BARRO;;POLIVALENTE;;BASE;MATE;VARIACION MODERADA;NO;SI;;;PEI IV;CLASE 1;;;GRUPO BIa;GL Esmaltado;60 Low;25 Moderate;NO;;1600-2400 N - 35-45 N/mm2;1;042.845.0196.11875;23X120(N);CATLOGO PAMESA;;;33,3;33,3;8,5;1108,89;33,3x33,3;ALCORA;RUSTICO;https://www.pamesa.com/ERP/4.0/empresas/151/045/imagenes/t00010602/0428450015474.jpg
42;3;154;14024;0420030022069;SI;PORCEL.P.ROJA;33,3x33,3(11mm) ALHAMBRA COTTO;A;SI;SI;13.5000;RED03;PAMESA;PAMESA;A/48/09 11MM;8429991875077;;0100111000;M2;9;1.00;48;48.00;24.57;1,199.36;126.00;84.00;80.00;;11.00;08/01/2024;ATRIUM;SERIE ATRIUM;GRES PORCELNICO PASTA ROJA;0420030022069;;PORCELAINRED;ALHAMBRA;BARRO;;POLIVALENTE;;BASE;;;NO;NO;;;;CLASE 3;;;GRUPO BIa;GL Esmaltado;;36 Low;NO;;1600-2400 N - 35-45 N/mm2;3;042.003.0154.14024;30X90PBCA;CATLOGO PAMESA;;;33,3;33,3;11;1108,89;33,3x33,3;ALHAMBRA;COTTO;https://www.pamesa.com/ERP/4.0/empresas/151/045/imagenes/t00010602/0420030022069.jpg
42;845;7;2904;0428450072904;SI;PORCEL.P.ROJA;33,3x33,3 BOI BEIGE;A;SI;SI;16.0000;RED02;PAMESA;PAMESA;A/48/12 8,5MM;8429991755102;;0100111000;M2;12;1.33;48;63.84;24.50;1,196.00;126.00;84.00;82.00;;8.50;26/07/2022;ATRIUM;SERIE ATRIUM;GRES PORCELNICO PASTA ROJA;0428450072904;;PORCELAINRED;BOI;PIEDRA;;PAVIMENTO;;BASE;MATE;VARIACION LEVE;NO;NO;;;PEI IV;CLASE 3;R11;C;GRUPO BIa;GL Esmaltado;;;NO;;1600-2400 N - 35-45 N/mm2;3;042.845.0007.02904;30X60(n);CATLOGO PAMESA;;;33,3;33,3;8,5;1108,89;33,3x33,3;BOI;BEIGE;https://www.pamesa.com/ERP/4.0/empresas/151/045/imagenes/t00010602/0428450072904.jpg
42;845;46;2904;0428450462904;SI;PORCEL.P.ROJA;33,3x33,3 BOI COTO;A;SI;SI;16.0000;RED02;PAMESA;PAMESA;A/48/12 8,5MM;8429991755119;;0100111000;M2;12;1.33;48;63.84;24.50;1,196.00;126.00;84.00;82.00;;8.50;26/07/2022;ATRIUM;SERIE ATRIUM;GRES PORCELNICO PASTA ROJA;0428450462904;;PORCELAINRED;BOI;PIEDRA;;PAVIMENTO;;BASE;MATE;VARIACION LEVE;NO;NO;;;PEI IV;CLASE 3;R11;C;GRUPO BIa;GL Esmaltado;;;NO;;1600-2400 N - 35-45 N/mm2;3;042.845.0046.02904;30X60(n)PB;CATLOGO PAMESA;;;33,3;33,3;8,5;1108,89;33,3x33,3;BOI;COTO;https://www.pamesa.com/ERP/4.0/empresas/151/045/imagenes/t00010602/0428450462904.jpg
42;845;2;2904;0428450022904;SI;PORCEL.P.ROJA;33,3x33,3 BOI GRIS;A;SI;SI;16.0000;RED02;PAMESA;PAMESA;A/48/12 8,5MM;8429991755096;;0100111000;M2;12;1.33;48;63.84;24.50;1,196.00;126.00;84.00;82.00;;8.50;26/07/2022;ATRIUM;SERIE ATRIUM;GRES PORCELNICO PASTA ROJA;0428450022904;;PORCELAINRED;BOI;PIEDRA;;PAVIMENTO;;BASE;MATE;VARIACION LEVE;NO;NO;;;PEI IV;CLASE 3;R11;C;GRUPO BIa;GL Esmaltado;;;NO;;1600-2400 N - 35-45 N/mm2;3;042.845.0002.02904;30X90PBCA;CATLOGO PAMESA;;;33,3;33,3;8,5;1108,89;33,3x33,3;BOI;GRIS;https://www.pamesa.com/ERP/4.0/empresas/151/045/imagenes/t00010602/0428450022904.jpg
1;302;12;15678;0013020033746;SI;PVTO.;45x45 ALPHA BLANCO;A;SI;SI;0.0000;RED01;PAMESA;PAMESA;F/52/07;8429991082536;;8429991773267;M2;7;1.42;52;73.84;26.00;1,372.00;120.00;80.00;105.00;;;08/07/2025;PAMESA;PAMESA;PAVIMENTO PASTA ROJA;0013020033746;;RED BODY;ALPHA;CEMENTO;;PAVIMENTO;BASE;BASE;MATE;VARIACION LEVE;;NO;;;;CLASE 1;;;GRUPO BIIa;GL Esmaltado;;;NO;;1100-1900 N - 30-40 N/mm2;1;001.302.0012.15678;17X52;CATLOGO PAMESA;;;45;45;9,5;2025;45x45;ALPHA;BLANCO;https://www.pamesa.com/ERP/4.0/empresas/151/045/imagenes/t00010602/0013020033746.jpg
1;302;19;15678;0013020033747;SI;PVTO.;45x45 ALPHA CENIZA;A;SI;SI;0.0000;RED01;PAMESA;PAMESA;F/52/07;8429991082543;;8429991773267;M2;7;1.42;52;73.84;26.00;1,372.00;120.00;80.00;105.00;;;08/07/2025;PAMESA;PAMESA;PAVIMENTO PASTA ROJA;0013020033747;;RED BODY;ALPHA;CEMENTO;;PAVIMENTO;;BASE;;;;NO;;;;CLASE 1;;;GRUPO BIIa;GL Esmaltado;;;NO;;1100-1900 N - 30-40 N/mm2;1;001.302.0019.15678;17X52;CATLOGO PAMESA;;;45;45;9,5;2025;45x45;ALPHA;CENIZA;https://www.pamesa.com/ERP/4.0/empresas/151/045/imagenes/t00010602/0013020033747.jpg
1;302;28;15678;0013020033748;SI;PVTO.;45x45 ALPHA MARENGO;A;SI;SI;0.0000;RED01;PAMESA;PAMESA;F/52/07;8429991082550;;8429991773267;M2;7;1.42;52;73.84;26.00;1,372.00;120.00;80.00;105.00;;;08/07/2025;PAMESA;PAMESA;PAVIMENTO PASTA ROJA;0013020033748;;RED BODY;ALPHA;CEMENTO;;PAVIMENTO;BASE;BASE;MATE;VARIACION LEVE;;NO;;;;CLASE 1;;;GRUPO BIIa;GL Esmaltado;;;NO;;1100-1900 N - 30-40 N/mm2;1;001.302.0028.15678;34x50;CATLOGO PAMESA;;;45;45;9,5;2025;45x45;ALPHA;MARENGO;https://www.pamesa.com/ERP/4.0/empresas/151/045/imagenes/t00010602/0013020033748.jpg
1;302;33;15678;0013020033749;SI;PVTO.;45x45 ALPHA MARFIL;A;SI;SI;0.0000;RED01;PAMESA;PAMESA;F/52/07;8429991082574;;8429991773267;M2;7;1.42;52;73.84;26.00;1,372.00;120.00;80.00;105.00;;;08/07/2025;PAMESA;PAMESA;PAVIMENTO PASTA ROJA;0013020033749;;RED BODY;ALPHA;CEMENTO;;PAVIMENTO;BASE;BASE;MATE;VARIACION LEVE;;NO;;;;CLASE 1;;;GRUPO BIIa;GL Esmaltado;;;NO;;1100-1900 N - 30-40 N/mm2;1;001.302.0033.15678;17X52(n);CATLOGO PAMESA;;;45;45;9,5;2025;45x45;ALPHA;MARFIL;https://www.pamesa.com/ERP/4.0/empresas/151/045/imagenes/t00010602/0013020033749.jpg
1;302;285;15678;0013020033750;SI;PVTO.;45x45 ALPHA TAUPE;A;SI;SI;0.0000;RED01;PAMESA;PAMESA;F/52/07;8429991082567;;8429991773267;M2;7;1.42;52;73.84;26.00;1,372.00;120.00;80.00;105.00;;;08/07/2025;PAMESA;PAMESA;PAVIMENTO PASTA ROJA;0013020033750;;RED BODY;ALPHA;CEMENTO;;PAVIMENTO;BASE;BASE;MATE;VARIACION LEVE;;NO;;;;CLASE 1;;;GRUPO BIIa;GL Esmaltado;;;NO;;1100-1900 N - 30-40 N/mm2;1;001.302.0285.15678;7X28 C.G.;CATLOGO PAMESA;;;45;45;9,5;2025;45x45;ALPHA;TAUPE;https://www.pamesa.com/ERP/4.0/empresas/151/045/imagenes/t00010602/0013020033750.jpg
1;302;12;5202;0013020125202;SI;PVTO.;45x45 AT.ALPHA BLANCO;A;SI;SI;13.5000;RED01;NO ENCAJAR;PAMESA;F/52/07;;;;M2;7;1.42;52;73.84;26.00;1,372.00;120.00;80.00;105.00;;;18/12/2014;PAMESA;PAMESA;PAVIMENTO PASTA ROJA;0013020125202;;RED BODY;ALPHA;CEMENTO;;PAVIMENTO;BASE;BASE;MATE;VARIACION LEVE;;NO;;6;PEI IV;CLASE 1;;;GRUPO BIIa;GL Esmaltado;;;NO;;1100-1900 N - 30-40 N/mm2;1;001.302.0012.05202;34x50;CATLOGO PAMESA;;;45;45;9,5;2025;45x45;AT.ALPHA;BLANCO;https://www.pamesa.com/ERP/4.0/empresas/151/045/imagenes/t00010602/0013020125202.jpg
1;302;19;5202;0013020195202;SI;PVTO.;45x45 AT.ALPHA CENIZA;A;SI;SI;13.5000;RED01;NO ENCAJAR;PAMESA;F/52/07;;;;M2;7;1.42;52;73.84;26.00;1,372.00;120.00;80.00;105.00;;;18/12/2014;PAMESA;PAMESA;PAVIMENTO PASTA ROJA;0013020195202;;RED BODY;ALPHA;CEMENTO;;PAVIMENTO;;BASE;MATE;VARIACION LEVE;;NO;;6;PEI IV;CLASE 1;;;GRUPO BIIa;GL Esmaltado;;;NO;;1100-1900 N - 30-40 N/mm2;1;001.302.0019.05202;17X52;CATLOGO PAMESA;;;45;45;9,5;2025;45x45;AT.ALPHA;CENIZA;https://www.pamesa.com/ERP/4.0/empresas/151/045/imagenes/t00010602/0013020195202.jpg
1;302;28;5202;0013020285202;SI;PVTO.;45x45 AT.ALPHA MARENGO;A;SI;SI;13.5000;RED01;NO ENCAJAR;PAMESA;F/52/07;;;;M2;7;1.42;52;73.84;26.00;1,372.00;120.00;80.00;105.00;;;18/12/2014;PAMESA;PAMESA;PAVIMENTO PASTA ROJA;0013020285202;;RED BODY;ALPHA;CEMENTO;;PAVIMENTO;BASE;BASE;MATE;VARIACION LEVE;;NO;;6;PEI IV;CLASE 1;;;GRUPO BIIa;GL Esmaltado;;;NO;;1100-1900 N - 30-40 N/mm2;1;001.302.0028.05202;34x50;CATLOGO PAMESA;;;45;45;9,5;2025;45x45;AT.ALPHA;MARENGO;https://www.pamesa.com/ERP/4.0/empresas/151/045/imagenes/t00010602/0013020285202.jpg
1;302;33;5202;0013020335202;SI;PVTO.;45x45 AT.ALPHA MARFIL;A;SI;SI;13.5000;RED01;NO ENCAJAR;PAMESA;F/52/07;;;;M2;7;1.42;52;73.84;26.00;1,372.00;120.00;80.00;105.00;;;18/12/2014;PAMESA;PAMESA;PAVIMENTO PASTA ROJA;0013020335202;;RED BODY;ALPHA;CEMENTO;;PAVIMENTO;BASE;BASE;MATE;VARIACION LEVE;;NO;;6;PEI IV;CLASE 1;;;GRUPO BIIa;GL Esmaltado;;;NO;;1100-1900 N - 30-40 N/mm2;1;001.302.0033.05202;17X52(n);CATLOGO PAMESA;;;45;45;9,5;2025;45x45;AT.ALPHA;MARFIL;https://www.pamesa.com/ERP/4.0/empresas/151/045/imagenes/t00010602/0013020335202.jpg
1;302;285;5202;0013022855202;SI;PVTO.;45x45 AT.ALPHA TAUPE;A;SI;SI;13.5000;RED01;NO ENCAJAR;PAMESA;F/52/07;;;;M2;7;1.42;52;73.84;26.00;1,372.00;120.00;80.00;105.00;;;18/12/2014;PAMESA;PAMESA;PAVIMENTO PASTA ROJA;0013022855202;;RED BODY;ALPHA;CEMENTO;;PAVIMENTO;BASE;BASE;MATE;VARIACION LEVE;;NO;;6;PEI IV;CLASE 1;;;GRUPO BIIa;GL Esmaltado;;;NO;;1100-1900 N - 30-40 N/mm2;1;001.302.0285.05202;7X28 C.G.;CATLOGO PAMESA;;;45;45;9,5;2025;45x45;AT.ALPHA;TAUPE;https://www.pamesa.com/ERP/4.0/empresas/151/045/imagenes/t00010602/0013022855202.jpg
1;302;100;9847;0013021009847;SI;PVTO.;45x45 DEC.ALPHA MIX;A;SI;SI;13.5000;RED21;PAMESA;PAMESA;F/52/07;8429991596972;;8429991773267;M2;7;1.42;52;73.84;26.00;1,372.00;120.00;80.00;105.00;;;20/11/2020;PAMESA;PAMESA;PAVIMENTO PASTA ROJA;0013021009847;;RED BODY;ALPHA;CEMENTO;;PAVIMENTO;BASE;BASE;MATE;VARIACION LEVE;;SI;;;PEI IV;CLASE 1;;;GRUPO BIIa;GL Esmaltado;;;NO;;1100-1900 N - 30-40 N/mm2;1;001.302.0100.09847;30X30 (5)MALLA;CATLOGO PAMESA;;;45;45;9,5;2025;45x45;DEC.ALPHA;MIX;https://www.pamesa.com/ERP/4.0/empresas/151/045/imagenes/t00010602/0013021009847.jpg
2;185;12;15678;0021850033751;SI;RVTO.;25x70 ALPHA BLANCO;A;SI;SI;0.0000;RED08;PAMESA;PAMESA;S/64/09;8429991079635;;8429991773281;M2;9;1.58;64;101.12;24.64;1,596.96;110.00;110.00;114.00;3;8.50;08/07/2025;PAMESA;PAMESA;REVESTIMIENTO PASTA ROJA;0021850033751;;RED BODY;ALPHA;CEMENTO;;REVESTIMIENTO;BASE;BASE;MATE;VARIACION MODERADA;;NO;;;;SIN CLASE;;;GRUPO BIII;GL Esmaltado;;;NO;;600-900 N - 15-25 N/mm2;1;002.185.0012.15678;33,3X33,3P.BCO;CATLOGO PAMESA;;;25;70;8,5;1750;25x70;ALPHA;BLANCO;https://www.pamesa.com/ERP/4.0/empresas/151/045/imagenes/t00010602/0021850033751.jpg
2;185;19;15678;0021850033752;SI;RVTO.;25x70 ALPHA CENIZA;A;SI;SI;0.0000;RED08;PAMESA;PAMESA;S/64/09;8429991079659;;8429991773281;M2;9;1.58;64;101.12;24.64;1,596.96;110.00;110.00;114.00;3;8.50;08/07/2025;PAMESA;PAMESA;REVESTIMIENTO PASTA ROJA;0021850033752;;RED BODY;ALPHA;CEMENTO;;REVESTIMIENTO;BASE;BASE;MATE;VARIACION MODERADA;;NO;;;;SIN CLASE;;;GRUPO BIII;GL Esmaltado;;;NO;;600-900 N - 15-25 N/mm2;1;002.185.0019.15678;7,5X30 P.B.RVTO;CATLOGO PAMESA;;;25;70;8,5;1750;25x70;ALPHA;CENIZA;https://www.pamesa.com/ERP/4.0/empresas/151/045/imagenes/t00010602/0021850033752.jpg
2;185;28;15678;0021850033753;SI;RVTO.;25x70 ALPHA MARENGO;A;SI;SI;0.0000;RED08;PAMESA;PAMESA;S/64/09;8429991079642;;8429991773281;M2;9;1.58;64;101.12;24.64;1,596.96;110.00;110.00;114.00;3;8.50;08/07/2025;PAMESA;PAMESA;REVESTIMIENTO PASTA ROJA;0021850033753;;RED BODY;ALPHA;CEMENTO;;REVESTIMIENTO;BASE;BASE;MATE;VARIACION MODERADA;;NO;;;;SIN CLASE;;;GRUPO BIII;GL Esmaltado;;;NO;;600-900 N - 15-25 N/mm2;1;002.185.0028.15678;7,5X30 P.B.RVTO;CATLOGO PAMESA;;;25;70;8,5;1750;25x70;ALPHA;MARENGO;https://www.pamesa.com/ERP/4.0/empresas/151/045/imagenes/t00010602/0021850033753.jpg
2;185;285;15678;0021850033754;SI;RVTO.;25x70 ALPHA TAUPE;A;SI;SI;0.0000;RED08;PAMESA;PAMESA;S/64/09;8429991079666;;8429991773281;M2;9;1.58;64;101.12;24.64;1,596.96;110.00;110.00;114.00;3;8.50;08/07/2025;PAMESA;PAMESA;REVESTIMIENTO PASTA ROJA;0021850033754;;RED BODY;ALPHA;CEMENTO;;REVESTIMIENTO;BASE;BASE;MATE;VARIACION MODERADA;;NO;;;;SIN CLASE;;;GRUPO BIII;GL Esmaltado;;;NO;;600-900 N - 15-25 N/mm2;1;002.185.0285.15678;6,5x20;CATLOGO PAMESA;;;25;70;8,5;1750;25x70;ALPHA;TAUPE;https://www.pamesa.com/ERP/4.0/empresas/151/045/imagenes/t00010602/0021850033754.jpg
2;185;28;5209;0021850285209;SI;RVTO.;25x70 ALPHA.BAND MARENGO;A;SI;SI;14.5000;RED07;PAMESA;PAMESA;S/64/09;8429991081645;;8429991773281;M2;9;1.58;64;101.12;24.64;1,596.96;110.00;110.00;114.00;3;8.50;04/12/2014;PAMESA;PAMESA;REVESTIMIENTO PASTA ROJA;0021850285209;;RED BODY;ALPHA;CEMENTO;;REVESTIMIENTO;BASE;BASE;MATE;VARIACION MODERADA;;SI;;4;;SIN CLASE;;;GRUPO BIII;GL Esmaltado;;;NO;;600-900 N - 15-25 N/mm2;1;002.185.0028.05209;7,5X30 P.B.RVTO;CATLOGO PAMESA;;;25;70;8,5;1750;25x70;ALPHA.BAND;MARENGO;https://www.pamesa.com/ERP/4.0/empresas/151/045/imagenes/t00010602/0021850285209.jpg
2;185;285;5209;0021852855209;SI;RVTO.;25x70 ALPHA.BAND TAUPE;A;SI;SI;14.5000;RED07;PAMESA;PAMESA;S/64/09;8429991081652;;8429991773281;M2;9;1.58;64;101.12;24.64;1,596.96;110.00;110.00;114.00;3;8.50;04/12/2014;PAMESA;PAMESA;REVESTIMIENTO PASTA ROJA;0021852855209;;RED BODY;ALPHA;CEMENTO;;REVESTIMIENTO;BASE;BASE;MATE;VARIACION MODERADA;;SI;;4;;SIN CLASE;;;GRUPO BIII;GL Esmaltado;;;NO;;600-900 N - 15-25 N/mm2;1;002.185.0285.05209;7,5X30 P.B.RVTO;CATLOGO PAMESA;;;25;70;8,5;1750;25x70;ALPHA.BAND;TAUPE;https://www.pamesa.com/ERP/4.0/empresas/151/045/imagenes/t00010602/0021852855209.jpg
2;185;28;5207;0021850285207;SI;RVTO.;25x70 ALPHA.CUBIC MARENGO;A;SI;SI;14.5000;RED07;PAMESA;PAMESA;S/64/09;8429991081607;;8429991773281;M2;9;1.58;64;101.12;24.64;1,596.96;110.00;110.00;114.00;3;8.50;04/12/2014;PAMESA;PAMESA;REVESTIMIENTO PASTA ROJA;0021850285207;;RED BODY;ALPHA;CEMENTO;;REVESTIMIENTO;BASE;BASE;MATE;VARIACION MODERADA;;SI;;4;;SIN CLASE;;;GRUPO BIII;GL Esmaltado;;;NO;;600-900 N - 15-25 N/mm2;1;002.185.0028.05207;7,5X30 P.B.RVTO;CATLOGO PAMESA;;;25;70;8,5;1750;25x70;ALPHA.CUBIC;MARENGO;https://www.pamesa.com/ERP/4.0/empresas/151/045/imagenes/t00010602/0021850285207.jpg
2;185;285;5207;0021852855207;SI;RVTO.;25x70 ALPHA.CUBIC TAUPE;A;SI;SI;14.5000;RED07;PAMESA;PAMESA;S/64/09;8429991081614;;8429991773281;M2;9;1.58;64;101.12;24.64;1,596.96;110.00;110.00;114.00;3;8.50;04/12/2014;PAMESA;PAMESA;REVESTIMIENTO PASTA ROJA;0021852855207;;RED BODY;ALPHA;CEMENTO;;REVESTIMIENTO;BASE;BASE;MATE;VARIACION MODERADA;;SI;;4;;SIN CLASE;;;GRUPO BIII;GL Esmaltado;;;NO;;600-900 N - 15-25 N/mm2;1;002.185.0285.05207;7,5X30 P.B.RVTO;CATLOGO PAMESA;;;25;70;8,5;1750;25x70;ALPHA.CUBIC;TAUPE;https://www.pamesa.com/ERP/4.0/empresas/151/045/imagenes/t00010602/0021852855207.jpg
2;185;12;5202;0021850125202;SI;RVTO.;25x70 AT.ALPHA BLANCO;A;SI;SI;14.5000;RED08;ATRIUM;PAMESA;S/64/09;;;8429991773397;M2;9;1.58;64;101.12;24.64;1,596.96;110.00;110.00;114.00;3;8.50;21/11/2014;PAMESA;PAMESA;REVESTIMIENTO PASTA ROJA;0021850125202;;RED BODY;ALPHA;CEMENTO;;REVESTIMIENTO;BASE;BASE;MATE;VARIACION MODERADA;;NO;;9;;SIN CLASE;;;GRUPO BIII;GL Esmaltado;;;NO;;600-900 N - 15-25 N/mm2;1;002.185.0012.05202;22,3X22,3;CATLOGO PAMESA;;;25;70;8,5;1750;25x70;AT.ALPHA;BLANCO;https://www.pamesa.com/ERP/4.0/empresas/151/045/imagenes/t00010602/0021850125202.jpg
2;185;19;5202;0021850195202;SI;RVTO.;25x70 AT.ALPHA CENIZA;A;SI;SI;14.5000;RED08;ATRIUM;PAMESA;S/64/09;;;8429991773397;M2;9;1.58;64;101.12;24.64;1,596.96;110.00;110.00;114.00;3;8.50;21/11/2014;PAMESA;PAMESA;REVESTIMIENTO PASTA ROJA;0021850195202;;RED BODY;ALPHA;CEMENTO;;REVESTIMIENTO;BASE;BASE;MATE;VARIACION MODERADA;;NO;;9;;SIN CLASE;;;GRUPO BIII;GL Esmaltado;;;NO;;600-900 N - 15-25 N/mm2;1;002.185.0019.05202;7,5X30 P.B.RVTO;CATLOGO PAMESA;;;25;70;8,5;1750;25x70;AT.ALPHA;CENIZA;https://www.pamesa.com/ERP/4.0/empresas/151/045/imagenes/t00010602/0021850195202.jpg
2;185;28;5202;0021850285202;SI;RVTO.;25x70 AT.ALPHA MARENGO;A;SI;SI;14.5000;RED08;ATRIUM;PAMESA;S/64/09;;;8429991773397;M2;9;1.58;64;101.12;24.64;1,596.96;110.00;110.00;114.00;3;8.50;21/11/2014;PAMESA;PAMESA;REVESTIMIENTO PASTA ROJA;0021850285202;;RED BODY;ALPHA;CEMENTO;;REVESTIMIENTO;BASE;BASE;MATE;VARIACION MODERADA;;NO;;9;;SIN CLASE;;;GRUPO BIII;GL Esmaltado;;;NO;;600-900 N - 15-25 N/mm2;1;002.185.0028.05202;7,5X30 P.B.RVTO;CATLOGO PAMESA;;;25;70;8,5;1750;25x70;AT.ALPHA;MARENGO;https://www.pamesa.com/ERP/4.0/empresas/151/045/imagenes/t00010602/0021850285202.jpg
2;185;285;5202;0021852855202;SI;RVTO.;25x70 AT.ALPHA TAUPE;A;SI;SI;14.5000;RED08;ATRIUM;PAMESA;S/64/09;;;8429991773397;M2;9;1.58;64;101.12;24.64;1,596.96;110.00;110.00;114.00;3;8.50;21/11/2014;PAMESA;PAMESA;REVESTIMIENTO PASTA ROJA;0021852855202;;RED BODY;ALPHA;CEMENTO;;REVESTIMIENTO;BASE;BASE;MATE;VARIACION MODERADA;;NO;;9;;SIN CLASE;;;GRUPO BIII;GL Esmaltado;;;NO;;600-900 N - 15-25 N/mm2;1;002.185.0285.05202;7,5X30 P.B.RVTO;CATLOGO PAMESA;;;25;70;8,5;1750;25x70;AT.ALPHA;TAUPE;https://www.pamesa.com/ERP/4.0/empresas/151/045/imagenes/t00010602/0021852855202.jpg
2;185;17;5237;0021850175237;SI;RVTO.;25x70 ANDROS ARENA;A;SI;SI;14.5000;RED08;PAMESA;PAMESA;S/64/09;8429991250225;;8429991773281;M2;9;1.58;64;101.12;24.64;1,596.96;110.00;110.00;114.00;3;8.50;04/12/2015;ATRIUM;SERIE ATRIUM;REVESTIMIENTO PASTA ROJA;0021850175237;;RED BODY;ANDROS;CEMENTO;;REVESTIMIENTO;BASE;BASE;MATE;VARIACION LEVE;;NO;;6;;SIN CLASE;;;GRUPO BIII;GL Esmaltado;;;NO;;600-900 N - 15-25 N/mm2;3;002.185.0017.05237;33,3X33,3P.BCO;CATLOGO PAMESA;;;25;70;8,5;1750;25x70;ANDROS;ARENA;https://www.pamesa.com/ERP/4.0/empresas/151/045/imagenes/t00010602/0021850175237.jpg
2;185;2;5237;0021850025237;SI;RVTO.;25x70 ANDROS GRIS;A;SI;SI;14.5000;RED08;PAMESA;PAMESA;S/64/09;8429991250256;;8429991773281;M2;9;1.58;64;101.12;24.64;1,596.96;110.00;110.00;114.00;3;8.50;04/12/2015;ATRIUM;SERIE ATRIUM;REVESTIMIENTO PASTA ROJA;0021850025237;;RED BODY;ANDROS;CEMENTO;;REVESTIMIENTO;BASE;BASE;MATE;VARIACION LEVE;;NO;;6;;SIN CLASE;;;GRUPO BIII;GL Esmaltado;;;NO;;600-900 N - 15-25 N/mm2;3;002.185.0002.05237;22,3X22,3;CATLOGO PAMESA;;;25;70;8,5;1750;25x70;ANDROS;GRIS;https://www.pamesa.com/ERP/4.0/empresas/151/045/imagenes/t00010602/0021850025237.jpg
2;185;37;5237;0021850375237;SI;RVTO.;25x70 ANDROS PERLA;A;SI;SI;14.5000;RED08;PAMESA;PAMESA;S/64/09;8429991250249;;8429991773281;M2;9;1.58;64;101.12;24.64;1,596.96;110.00;110.00;114.00;3;8.50;04/12/2015;ATRIUM;SERIE ATRIUM;REVESTIMIENTO PASTA ROJA;0021850375237;;RED BODY;ANDROS;CEMENTO;;REVESTIMIENTO;BASE;BASE;MATE;VARIACION LEVE;;NO;;6;;SIN CLASE;;;GRUPO BIII;GL Esmaltado;;;NO;;600-900 N - 15-25 N/mm2;3;002.185.0037.05237;7,5X30 P.B.RVTO;CATLOGO PAMESA;;;25;70;8,5;1750;25x70;ANDROS;PERLA;https://www.pamesa.com/ERP/4.0/empresas/151/045/imagenes/t00010602/0021850375237.jpg
2;185;285;5237;0021852855237;SI;RVTO.;25x70 ANDROS TAUPE;A;SI;SI;14.5000;RED08;PAMESA;PAMESA;S/64/09;8429991250232;;8429991773281;M2;9;1.58;64;101.12;24.64;1,596.96;110.00;110.00;114.00;3;8.50;04/12/2015;ATRIUM;SERIE ATRIUM;REVESTIMIENTO PASTA ROJA;0021852855237;;RED BODY;ANDROS;CEMENTO;;REVESTIMIENTO;BASE;BASE;MATE;VARIACION LEVE;;NO;;6;;SIN CLASE;;;GRUPO BIII;GL Esmaltado;;;NO;;600-900 N - 15-25 N/mm2;3;002.185.0285.05237;7,5X30 P.B.RVTO;CATLOGO PAMESA;;;25;70;8,5;1750;25x70;ANDROS;TAUPE;https://www.pamesa.com/ERP/4.0/empresas/151/045/imagenes/t00010602/0021852855237.jpg
2;185;2;5238;0021850025238;SI;RVTO.;25x70 RLV.ANDROS GRIS;A;SI;SI;14.5000;RED07;PAMESA;PAMESA;S/64/09;8429991250270;;8429991773281;M2;9;1.58;64;101.12;24.64;1,596.96;110.00;110.00;114.00;3;8.50;04/12/2015;ATRIUM;SERIE ATRIUM;REVESTIMIENTO PASTA ROJA;0021850025238;;RED BODY;ANDROS;CEMENTO;;REVESTIMIENTO;DECORADO;DECORADO;MATE;VARIACION ALTA;;SI;;4;;SIN CLASE;;;GRUPO BIII;GL Esmaltado;;;NO;;600-900 N - 15-25 N/mm2;3;002.185.0002.05238;22,3X22,3;CATLOGO PAMESA;;;25;70;8,5;1750;25x70;RLV.ANDROS;GRIS;https://www.pamesa.com/ERP/4.0/empresas/151/045/imagenes/t00010602/0021850025238.jpg
2;185;285;5238;0021852855238;SI;RVTO.;25x70 RLV.ANDROS TAUPE;A;SI;SI;14.5000;RED07;PAMESA;PAMESA;S/64/09;8429991250263;;8429991773281;M2;9;1.58;64;101.12;24.64;1,596.96;110.00;110.00;114.00;3;8.50;04/12/2015;ATRIUM;SERIE ATRIUM;REVESTIMIENTO PASTA ROJA;0021852855238;;RED BODY;ANDROS;CEMENTO;;REVESTIMIENTO;DECORADO;DECORADO;MATE;VARIACION ALTA;;SI;;4;;SIN CLASE;;;GRUPO BIII;GL Esmaltado;;;NO;;600-900 N - 15-25 N/mm2;3;002.185.0285.05238;6,5x20;CATLOGO PAMESA;;;25;70;8,5;1750;25x70;RLV.ANDROS;TAUPE;https://www.pamesa.com/ERP/4.0/empresas/151/045/imagenes/t00010602/0021852855238.jpg
2;655;4;16163;0026550042502;SI;RVTO.;31,6x60 ARTCRAFT AZUL;A;SI;SI;0.0000;RED09;PAMESA;PAMESA;F/48/08;8429991197087;;8429991773281;M2;8;1.52;48;72.96;26.00;1,268.00;120.00;80.00;109.00;3;9.50;18/11/2025;PAMESA;PAMESA;REVESTIMIENTO PASTA ROJA;0026550042502;;RED BODY;ARTCRAFT-ARTISAN;BASICO;;REVESTIMIENTO;BASE;BASE;BRILLO;VARIACION ALTA;;;;;;;;;GRUPO BIII;GL Esmaltado;;;NO;;600-900 N - 15-25 N/mm2;1;002.655.0004.16163;6,5x20;CATLOGO PAMESA;;;31,6;60;9,5;1896;31,6x60;ARTCRAFT;AZUL;https://www.pamesa.com/ERP/4.0/empresas/151/045/imagenes/t00010602/0026550042502.jpg
2;655;12;16163;0026550042504;SI;RVTO.;31,6x60 ARTCRAFT BLANCO;A;SI;SI;0.0000;RED09;PAMESA;PAMESA;F/48/08;8429991197100;;8429991773281;M2;8;1.52;48;72.96;26.00;1,268.00;120.00;80.00;109.00;3;9.50;18/11/2025;PAMESA;PAMESA;REVESTIMIENTO PASTA ROJA;0026550042504;;RED BODY;ARTCRAFT-ARTISAN;BASICO;;REVESTIMIENTO;BASE;BASE;BRILLO;VARIACION ALTA;;;;;;;;;GRUPO BIII;GL Esmaltado;;;NO;;600-900 N - 15-25 N/mm2;1;002.655.0012.16163;7,5X30 P.B.RVTO;CATLOGO PAMESA;;;31,6;60;9,5;1896;31,6x60;ARTCRAFT;BLANCO;https://www.pamesa.com/ERP/4.0/empresas/151/045/imagenes/t00010602/0026550042504.jpg
2;655;40;16163;0026550042505;SI;RVTO.;31,6x60 ARTCRAFT CORAL;A;SI;SI;0.0000;RED09;PAMESA;PAMESA;F/48/08;8429991197117;;8429991773281;M2;8;1.52;48;72.96;26.00;1,268.00;120.00;80.00;109.00;3;9.50;18/11/2025;PAMESA;PAMESA;REVESTIMIENTO PASTA ROJA;0026550042505;;RED BODY;ARTCRAFT-ARTISAN;BASICO;;REVESTIMIENTO;BASE;BASE;BRILLO;VARIACION ALTA;;;;;;;;;GRUPO BIII;GL Esmaltado;;;NO;;600-900 N - 15-25 N/mm2;1;002.655.0040.16163;7,5X30 P.B.RVTO;CATLOGO PAMESA;;;31,6;60;9,5;1896;31,6x60;ARTCRAFT;CORAL;https://www.pamesa.com/ERP/4.0/empresas/151/045/imagenes/t00010602/0026550042505.jpg
2;655;96;16163;0026550042506;SI;RVTO.;31,6x60 ARTCRAFT CREMA;A;SI;SI;0.0000;RED09;PAMESA;PAMESA;F/48/08;8429991197124;;8429991773281;M2;8;1.52;48;72.96;26.00;1,268.00;120.00;80.00;109.00;3;9.50;18/11/2025;PAMESA;PAMESA;REVESTIMIENTO PASTA ROJA;0026550042506;;RED BODY;ARTCRAFT-ARTISAN;BASICO;;REVESTIMIENTO;BASE;BASE;BRILLO;VARIACION ALTA;;;;;;;;;GRUPO BIII;GL Esmaltado;;;NO;;600-900 N - 15-25 N/mm2;1;002.655.0096.16163;7,5X30 P.B.RVTO;CATLOGO PAMESA;;;31,6;60;9,5;1896;31,6x60;ARTCRAFT;CREMA;https://www.pamesa.com/ERP/4.0/empresas/151/045/imagenes/t00010602/0026550042506.jpg
2;655;408;16163;0026550042507;SI;RVTO.;31,6x60 ARTCRAFT GREIGE;A;SI;SI;0.0000;RED09;PAMESA;PAMESA;F/48/08;8429991197131;;8429991773281;M2;8;1.52;48;72.96;26.00;1,268.00;120.00;80.00;109.00;3;9.50;18/11/2025;PAMESA;PAMESA;REVESTIMIENTO PASTA ROJA;0026550042507;;RED BODY;ARTCRAFT-ARTISAN;BASICO;;REVESTIMIENTO;BASE;BASE;BRILLO;VARIACION ALTA;;;;;;;;;GRUPO BIII;GL Esmaltado;;;NO;;600-900 N - 15-25 N/mm2;1;002.655.0408.16163;7X28 C.G.;CATLOGO PAMESA;;;31,6;60;9,5;1896;31,6x60;ARTCRAFT;GREIGE;https://www.pamesa.com/ERP/4.0/empresas/151/045/imagenes/t00010602/0026550042507.jpg
2;655;5;16163;0026550042503;SI;RVTO.;31,6x60 ARTCRAFT VERDE;A;SI;SI;0.0000;RED09;PAMESA;PAMESA;F/48/08;8429991197094;;8429991773281;M2;8;1.52;48;72.96;26.00;1,268.00;120.00;80.00;109.00;3;9.50;18/11/2025;PAMESA;PAMESA;REVESTIMIENTO PASTA ROJA;0026550042503;;RED BODY;ARTCRAFT-ARTISAN;BASICO;;REVESTIMIENTO;BASE;BASE;BRILLO;VARIACION ALTA;;;;;;;;;GRUPO BIII;GL Esmaltado;;;NO;;600-900 N - 15-25 N/mm2;1;002.655.0005.16163;6,5x20;CATLOGO PAMESA;;;31,6;60;9,5;1896;31,6x60;ARTCRAFT;VERDE;https://www.pamesa.com/ERP/4.0/empresas/151/045/imagenes/t00010602/0026550042503.jpg
2;655;4;11172;0026550013330;SI;RVTO.;31,6x60 PRE.ARTISAN AZUL;A;SI;SI;18.0000;RED10;PAMESA;PAMESA;F/48/08;8429991676995;;8429991773281;M2;8;1.52;48;72.96;26.00;1,268.00;120.00;80.00;109.00;3;9.50;18/01/2022;PAMESA;PAMESA;REVESTIMIENTO PASTA ROJA;0026550013330;;RED BODY;ARTCRAFT-ARTISAN;BASICO;;REVESTIMIENTO;BASE;BASE;BRILLO;VARIACION ALTA;;SI;;;;SIN CLASE;;;GRUPO BIII;GL Esmaltado;;;NO;;600-900 N - 15-25 N/mm2;1;002.655.0004.11172;6,5x20;CATLOGO PAMESA;;;31,6;60;9,5;1896;31,6x60;PRE.ARTISAN;AZUL;https://www.pamesa.com/ERP/4.0/empresas/151/045/imagenes/t00010602/0026550013330.jpg
2;655;12;11172;0026550013332;SI;RVTO.;31,6x60 PRE.ARTISAN BLANCO;A;SI;SI;18.0000;RED10;PAMESA;PAMESA;F/48/08;8429991676971;;8429991773281;M2;8;1.52;48;72.96;26.00;1,268.00;120.00;80.00;109.00;3;9.50;03/11/2021;PAMESA;PAMESA;REVESTIMIENTO PASTA ROJA;0026550013332;;RED BODY;ARTCRAFT-ARTISAN;BASICO;;REVESTIMIENTO;BASE;BASE;BRILLO;VARIACION ALTA;;SI;;;;SIN CLASE;;;GRUPO BIII;GL Esmaltado;;;NO;;600-900 N - 15-25 N/mm2;1;002.655.0012.11172;7,5X30 P.B.RVTO;CATLOGO PAMESA;;;31,6;60;9,5;1896;31,6x60;PRE.ARTISAN;BLANCO;https://www.pamesa.com/ERP/4.0/empresas/151/045/imagenes/t00010602/0026550013332.jpg
2;655;40;11172;0026550013334;SI;RVTO.;31,6x60 PRE.ARTISAN CORAL;A;SI;SI;18.0000;RED10;PAMESA;PAMESA;F/48/08;8429991677008;;8429991773281;M2;8;1.52;48;72.96;26.00;1,268.00;120.00;80.00;109.00;3;9.50;03/11/2021;PAMESA;PAMESA;REVESTIMIENTO PASTA ROJA;0026550013334;;RED BODY;ARTCRAFT-ARTISAN;BASICO;;REVESTIMIENTO;BASE;BASE;BRILLO;VARIACION ALTA;;SI;;;;SIN CLASE;;;GRUPO BIII;GL Esmaltado;;;NO;;600-900 N - 15-25 N/mm2;1;002.655.0040.11172;7,5X30 P.B.RVTO;CATLOGO PAMESA;;;31,6;60;9,5;1896;31,6x60;PRE.ARTISAN;CORAL;https://www.pamesa.com/ERP/4.0/empresas/151/045/imagenes/t00010602/0026550013334.jpg
2;655;96;11172;0026550013338;SI;RVTO.;31,6x60 PRE.ARTISAN CREMA;A;SI;SI;18.0000;RED10;PAMESA;PAMESA;F/48/08;8429991676988;;8429991773281;M2;8;1.52;48;72.96;26.00;1,268.00;120.00;80.00;109.00;3;9.50;03/11/2021;PAMESA;PAMESA;REVESTIMIENTO PASTA ROJA;0026550013338;;RED BODY;ARTCRAFT-ARTISAN;BASICO;;REVESTIMIENTO;BASE;BASE;BRILLO;VARIACION ALTA;;SI;;;;SIN CLASE;;;GRUPO BIII;GL Esmaltado;;;NO;;600-900 N - 15-25 N/mm2;1;002.655.0096.11172;7,5X30 P.B.RVTO;CATLOGO PAMESA;;;31,6;60;9,5;1896;31,6x60;PRE.ARTISAN;CREMA;https://www.pamesa.com/ERP/4.0/empresas/151/045/imagenes/t00010602/0026550013338.jpg
2;655;408;11172;0026550013339;SI;RVTO.;31,6x60 PRE.ARTISAN GREIGE;A;SI;SI;18.0000;RED10;PAMESA;PAMESA;F/48/08;8429991677022;;8429991773281;M2;8;1.52;48;72.96;26.00;1,268.00;120.00;80.00;109.00;3;9.50;03/11/2021;PAMESA;PAMESA;REVESTIMIENTO PASTA ROJA;0026550013339;;RED BODY;ARTCRAFT-ARTISAN;BASICO;;REVESTIMIENTO;BASE;BASE;BRILLO;VARIACION ALTA;;SI;;;;SIN CLASE;;;GRUPO BIII;GL Esmaltado;;;NO;;600-900 N - 15-25 N/mm2;1;002.655.0408.11172;15x15;CATLOGO PAMESA;;;31,6;60;9,5;1896;31,6x60;PRE.ARTISAN;GREIGE;https://www.pamesa.com/ERP/4.0/empresas/151/045/imagenes/t00010602/0026550013339.jpg
2;655;5;11172;0026550013331;SI;RVTO.;31,6x60 PRE.ARTISAN VERDE;A;SI;SI;18.0000;RED10;PAMESA;PAMESA;F/48/08;8429991677015;;8429991773281;M2;8;1.52;48;72.96;26.00;1,268.00;120.00;80.00;109.00;3;9.50;03/11/2021;PAMESA;PAMESA;REVESTIMIENTO PASTA ROJA;0026550013331;;RED BODY;ARTCRAFT-ARTISAN;BASICO;;REVESTIMIENTO;BASE;BASE;BRILLO;VARIACION ALTA;;SI;;;;SIN CLASE;;;GRUPO BIII;GL Esmaltado;;;NO;;600-900 N - 15-25 N/mm2;1;002.655.0005.11172;6,5x20;CATLOGO PAMESA;;;31,6;60;9,5;1896;31,6x60;PRE.ARTISAN;VERDE;https://www.pamesa.com/ERP/4.0/empresas/151/045/imagenes/t00010602/0026550013331.jpg
2;655;382;12077;0026550016164;SI;RVTO.;31,6x60 ARTLINE AMBER;A;SI;SI;15.7500;RED09;PAMESA;PAMESA;F/48/08;8429991771249;;8429991773281;M2;8;1.52;48;72.96;26.00;1,268.00;120.00;80.00;109.00;3;9.50;10/10/2022;PAMESA;PAMESA;REVESTIMIENTO PASTA ROJA;0026550016164;;RED BODY;ARTLINE-ARTSQUARE;BASICO;;REVESTIMIENTO;BASE;BASE;BRILLO;VARIACION ALTA;;SI;;;;SIN CLASE;;;GRUPO BIII;GL Esmaltado;;;NO;;600-900 N - 15-25 N/mm2;1;002.655.0382.12077;7,5X30 P.B.RVTO;CATLOGO PAMESA;;;31,6;60;9,5;1896;31,6x60;ARTLINE;AMBER;https://www.pamesa.com/ERP/4.0/empresas/151/045/imagenes/t00010602/0026550016164.jpg
2;655;498;12077;0026550016151;SI;RVTO.;31,6x60 ARTLINE AQUA;A;SI;SI;15.7500;RED09;PAMESA;PAMESA;F/48/08;8429991770846;;8429991773281;M2;8;1.52;48;72.96;26.00;1,268.00;120.00;80.00;109.00;3;9.50;07/10/2022;PAMESA;PAMESA;REVESTIMIENTO PASTA ROJA;0026550016151;;RED BODY;ARTLINE-ARTSQUARE;BASICO;;REVESTIMIENTO;BASE;BASE;BRILLO;VARIACION ALTA;;SI;;;;SIN CLASE;;;GRUPO BIII;GL Esmaltado;;;NO;;600-900 N - 15-25 N/mm2;1;002.655.0498.12077;7X28 C.G.;CATLOGO PAMESA;;;31,6;60;9,5;1896;31,6x60;ARTLINE;AQUA;https://www.pamesa.com/ERP/4.0/empresas/151/045/imagenes/t00010602/0026550016151.jpg
2;655;150;12077;0026550016160;SI;RVTO.;31,6x60 ARTLINE BIANCO;A;SI;SI;15.7500;RED09;PAMESA;PAMESA;F/48/08;8429991770976;;8429991773281;M2;8;1.52;48;72.96;26.00;1,268.00;120.00;80.00;109.00;3;9.50;07/10/2022;PAMESA;PAMESA;REVESTIMIENTO PASTA ROJA;0026550016160;;RED BODY;ARTLINE-ARTSQUARE;BASICO;;REVESTIMIENTO;BASE;BASE;BRILLO;VARIACION ALTA;;SI;;;;SIN CLASE;;;GRUPO BIII;GL Esmaltado;;;NO;;600-900 N - 15-25 N/mm2;1;002.655.0150.12077;7,5X30 P.B.RVTO;CATLOGO PAMESA;;;31,6;60;9,5;1896;31,6x60;ARTLINE;BIANCO;https://www.pamesa.com/ERP/4.0/empresas/151/045/imagenes/t00010602/0026550016160.jpg
2;655;158;12077;0026550016159;SI;RVTO.;31,6x60 ARTLINE BLU;A;SI;SI;15.7500;RED09;PAMESA;PAMESA;F/48/08;8429991770969;;8429991773281;M2;8;1.52;48;72.96;26.00;1,268.00;120.00;80.00;109.00;3;9.50;07/10/2022;PAMESA;PAMESA;REVESTIMIENTO PASTA ROJA;0026550016159;;RED BODY;ARTLINE-ARTSQUARE;BASICO;;REVESTIMIENTO;BASE;BASE;BRILLO;VARIACION ALTA;;SI;;;;SIN CLASE;;;GRUPO BIII;GL Esmaltado;;;NO;;600-900 N - 15-25 N/mm2;1;002.655.0158.12077;7,5X30 P.B.RVTO;CATLOGO PAMESA;;;31,6;60;9,5;1896;31,6x60;ARTLINE;BLU;https://www.pamesa.com/ERP/4.0/empresas/151/045/imagenes/t00010602/0026550016159.jpg
2;655;408;12077;0026550016165;SI;RVTO.;31,6x60 ARTLINE GREIGE;A;SI;SI;15.7500;RED09;PAMESA;PAMESA;F/48/08;8429991771256;;8429991773281;M2;8;1.52;48;72.96;26.00;1,268.00;120.00;80.00;109.00;3;9.50;10/10/2022;PAMESA;PAMESA;REVESTIMIENTO PASTA ROJA;0026550016165;;RED BODY;ARTLINE-ARTSQUARE;BASICO;;REVESTIMIENTO;BASE;BASE;BRILLO;VARIACION ALTA;;SI;;;;SIN CLASE;;;GRUPO BIII;GL Esmaltado;;;NO;;600-900 N - 15-25 N/mm2;1;002.655.0408.12077;15x15;CATLOGO PAMESA;;;31,6;60;9,5;1896;31,6x60;ARTLINE;GREIGE;https://www.pamesa.com/ERP/4.0/empresas/151/045/imagenes/t00010602/0026550016165.jpg
2;655;382;13317;0026550019561;SI;RVTO.;31,6x60 PRE.ARTSQUARE AMBER;A;SI;SI;18.0000;RED10;PAMESA;PAMESA;F/48/08;8429991812423;;8429991773281;M2;8;1.52;48;72.96;26.00;1,268.00;120.00;80.00;109.00;3;9.50;20/03/2023;PAMESA;PAMESA;REVESTIMIENTO PASTA ROJA;0026550019561;;RED BODY;ARTLINE-ARTSQUARE;BASICO;;REVESTIMIENTO;BASE;BASE;BRILLO;VARIACION ALTA;;SI;;;;SIN CLASE;;;GRUPO BIII;GL Esmaltado;;;NO;;600-900 N - 15-25 N/mm2;1;002.655.0382.13317;15x15;CATLOGO PAMESA;;;31,6;60;9,5;1896;31,6x60;PRE.ARTSQUARE;AMBER;https://www.pamesa.com/ERP/4.0/empresas/151/045/imagenes/t00010602/0026550019561.jpg
2;655;498;13317;0026550019565;SI;RVTO.;31,6x60 PRE.ARTSQUARE AQUA;A;SI;SI;18.0000;RED10;PAMESA;PAMESA;F/48/08;8429991812447;;8429991773281;M2;8;1.52;48;72.96;26.00;1,268.00;120.00;80.00;109.00;3;9.50;20/03/2023;PAMESA;PAMESA;REVESTIMIENTO PASTA ROJA;0026550019565;;RED BODY;ARTLINE-ARTSQUARE;BASICO;;REVESTIMIENTO;BASE;BASE;BRILLO;VARIACION ALTA;;SI;;;;SIN CLASE;;;GRUPO BIII;GL Esmaltado;;;NO;;600-900 N - 15-25 N/mm2;1;002.655.0498.13317;33,3x33,3;CATLOGO PAMESA;;;31,6;60;9,5;1896;31,6x60;PRE.ARTSQUARE;AQUA;https://www.pamesa.com/ERP/4.0/empresas/151/045/imagenes/t00010602/0026550019565.jpg
2;655;150;13317;0026550019555;SI;RVTO.;31,6x60 PRE.ARTSQUARE BIANCO;A;SI;SI;18.0000;RED10;PAMESA;PAMESA;F/48/08;8429991812393;;8429991773281;M2;8;1.52;48;72.96;26.00;1,268.00;120.00;80.00;109.00;3;9.50;20/03/2023;PAMESA;PAMESA;REVESTIMIENTO PASTA ROJA;0026550019555;;RED BODY;ARTLINE-ARTSQUARE;BASICO;;REVESTIMIENTO;BASE;BASE;BRILLO;VARIACION ALTA;;SI;;;;SIN CLASE;;;GRUPO BIII;GL Esmaltado;;;NO;;600-900 N - 15-25 N/mm2;1;002.655.0150.13317;7,5X30 P.B.RVTO;CATLOGO PAMESA;;;31,6;60;9,5;1896;31,6x60;PRE.ARTSQUARE;BIANCO;https://www.pamesa.com/ERP/4.0/empresas/151/045/imagenes/t00010602/0026550019555.jpg
2;655;158;13317;0026550019560;SI;RVTO.;31,6x60 PRE.ARTSQUARE BLU;A;SI;SI;18.0000;RED10;PAMESA;PAMESA;F/48/08;8429991812416;;8429991773281;M2;8;1.52;48;72.96;26.00;1,268.00;120.00;80.00;109.00;3;9.50;20/03/2023;PAMESA;PAMESA;REVESTIMIENTO PASTA ROJA;0026550019560;;RED BODY;ARTLINE-ARTSQUARE;BASICO;;REVESTIMIENTO;BASE;BASE;BRILLO;VARIACION ALTA;;SI;;;;SIN CLASE;;;GRUPO BIII;GL Esmaltado;;;NO;;600-900 N - 15-25 N/mm2;1;002.655.0158.13317;7,5X30 P.B.RVTO;CATLOGO PAMESA;;;31,6;60;9,5;1896;31,6x60;PRE.ARTSQUARE;BLU;https://www.pamesa.com/ERP/4.0/empresas/151/045/imagenes/t00010602/0026550019560.jpg
2;655;408;13317;0026550019564;SI;RVTO.;31,6x60 PRE.ARTSQUARE GREIGE;A;SI;SI;18.0000;RED10;PAMESA;PAMESA;F/48/08;8429991812430;;8429991773281;M2;8;1.52;48;72.96;26.00;1,268.00;120.00;80.00;109.00;3;9.50;20/03/2023;PAMESA;PAMESA;REVESTIMIENTO PASTA ROJA;0026550019564;;RED BODY;ARTLINE-ARTSQUARE;BASICO;;REVESTIMIENTO;BASE;BASE;BRILLO;VARIACION ALTA;;SI;;;;SIN CLASE;;;GRUPO BIII;GL Esmaltado;;;NO;;600-900 N - 15-25 N/mm2;1;002.655.0408.13317;7X28 C.G.;CATLOGO PAMESA;;;31,6;60;9,5;1896;31,6x60;PRE.ARTSQUARE;GREIGE;https://www.pamesa.com/ERP/4.0/empresas/151/045/imagenes/t00010602/0026550019564.jpg
1;302;37;4077;0013020374077;SI;PVTO.;45x45 BADEM PERLA;A;SI;SI;13.5000;RED01;PAMESA;PAMESA;F/52/07;8429991081454;;8429991773267;M2;7;1.42;52;73.84;26.00;1,372.00;120.00;80.00;105.00;;;04/12/2014;ATRIUM;SERIE ATRIUM;PAVIMENTO PASTA ROJA;0013020374077;;RED BODY;BADEM;CEMENTO;;PAVIMENTO;BASE;BASE;BRILLO;VARIACION LEVE;;NO;;6;PEI IV;;;;GRUPO BIIa;GL Esmaltado;;;NO;;1100-1900 N - 30-40 N/mm2;3;001.302.0037.04077;17X52(n);CATLOGO PAMESA;;;45;45;9,5;2025;45x45;BADEM;PERLA;https://www.pamesa.com/ERP/4.0/empresas/151/045/imagenes/t00010602/0013020374077.jpg
2;870;37;4077;0028700374077;SI;RVTO.;33,3x55 BADEM PERLA;A;SI;SI;14.0000;RED14;PAMESA;PAMESA;F/48/10;8429991077235;;8429991773281;M2;10;1.84;48;88.32;28.00;1,364.00;120.00;80.00;115.00;3;8.80;22/10/2014;ATRIUM;SERIE ATRIUM;REVESTIMIENTO PASTA ROJA;0028700374077;;RED BODY;BADEM;CEMENTO;;REVESTIMIENTO;BASE;BASE;BRILLO;VARIACION LEVE;;NO;;8;;SIN CLASE;;;GRUPO BIII;GL Esmaltado;;;NO;;600-900 N - 15-25 N/mm2;3;002.870.0037.04077;90X90(N);CATLOGO PAMESA;;;33,3;55;8,8;1831,5;33,3x55;BADEM;PERLA;https://www.pamesa.com/ERP/4.0/empresas/151/045/imagenes/t00010602/0028700374077.jpg
2;870;37;4091;0028700374091;SI;RVTO.;33,3x55 ONDAS BADEM PERLA;A;SI;SI;14.7500;RED13;PAMESA;PAMESA;F/48/10;8429991077273;;8429991773281;M2;10;1.84;48;88.32;28.00;1,364.00;120.00;80.00;115.00;3;8.80;22/10/2014;ATRIUM;SERIE ATRIUM;REVESTIMIENTO PASTA ROJA;0028700374091;;RED BODY;BADEM;CEMENTO;;REVESTIMIENTO;DECORADO;DECORADO;BRILLO;VARIACION LEVE;;SI;;4;;SIN CLASE;;;GRUPO BIII;GL Esmaltado;;;NO;;600-900 N - 15-25 N/mm2;3;002.870.0037.04091;60X120 RF;CATLOGO PAMESA;;;33,3;55;8,8;1831,5;33,3x55;ONDAS BADEM;PERLA;https://www.pamesa.com/ERP/4.0/empresas/151/045/imagenes/t00010602/0028700374091.jpg
2;870;37;4090;0028700374090;SI;RVTO.;33,3x55 RLV.BADEM PERLA;A;SI;SI;14.7500;RED13;PAMESA;PAMESA;F/48/10;8429991077259;;8429991773281;M2;10;1.84;48;88.32;28.00;1,364.00;120.00;80.00;115.00;3;8.80;22/10/2014;ATRIUM;SERIE ATRIUM;REVESTIMIENTO PASTA ROJA;0028700374090;;RED BODY;BADEM;CEMENTO;;REVESTIMIENTO;DECORADO;DECORADO;BRILLO;VARIACION ALTA;;SI;;4;;SIN CLASE;;;GRUPO BIII;GL Esmaltado;;;NO;;600-900 N - 15-25 N/mm2;3;002.870.0037.04090;60X120 RF;CATLOGO PAMESA;;;33,3;55;8,8;1831,5;33,3x55;RLV.BADEM;PERLA;https://www.pamesa.com/ERP/4.0/empresas/151/045/imagenes/t00010602/0028700374090.jpg
2;870;12;4078;0028700124078;SI;RVTO.;33,3x55 BRILLO BLANCO;A;SI;SI;14.0000;RED14;PAMESA;PAMESA;F/48/10;8429991075637;;8429991773281;M2;10;1.84;48;88.32;28.00;1,364.00;120.00;80.00;115.00;3;8.80;01/10/2014;ATRIUM;SERIE ATRIUM;REVESTIMIENTO PASTA ROJA;0028700124078;;RED BODY;BLANCO-BYBLOS-EGEO;;;REVESTIMIENTO;BASE;BASE;BRILLO;ASPECTO UNIFORME;NO;NO;;;;SIN CLASE;;;GRUPO BIII;GL Esmaltado;;;NO;;600-900 N - 15-25 N/mm2;3;002.870.0012.04078;30X60 (C);CATLOGO PAMESA;;;33,3;55;8,8;1831,5;33,3x55;BRILLO;BLANCO;https://www.pamesa.com/ERP/4.0/empresas/151/045/imagenes/t00010602/0028700124078.jpg
2;870;174;4086;0028701744086;SI;RVTO.;33,3x55 BYBLOS BCO.MATE;A;SI;SI;14.7500;RED13;PAMESA;PAMESA;F/48/10;8429991236205;;8429991773281;M2;10;1.84;48;88.32;28.00;1,364.00;120.00;80.00;115.00;3;8.80;14/08/2015;ATRIUM;SERIE ATRIUM;REVESTIMIENTO PASTA ROJA;0028701744086;;RED BODY;BLANCO-BYBLOS-EGEO;RELIEVES NO USAR;;REVESTIMIENTO;BASE;BASE;MATE;ASPECTO UNIFORME;NO;SI;;;;SIN CLASE;;;GRUPO BIII;GL Esmaltado;;;NO;;600-900 N - 15-25 N/mm2;3;002.870.0174.04086;60X120 RF;CATLOGO PAMESA;;;33,3;55;8,8;1831,5;33,3x55;BYBLOS;BCO.MATE;https://www.pamesa.com/ERP/4.0/empresas/151/045/imagenes/t00010602/0028701744086.jpg
2;870;12;4086;0028700124086;SI;RVTO.;33,3x55 BYBLOS BLANCO;A;SI;SI;14.7500;RED13;PAMESA;PAMESA;F/48/10;8429991076733;;8429991773281;M2;10;1.84;48;88.32;28.00;1,364.00;120.00;80.00;115.00;3;8.80;14/10/2014;ATRIUM;SERIE ATRIUM;REVESTIMIENTO PASTA ROJA;0028700124086;;RED BODY;BLANCO-BYBLOS-EGEO;RELIEVES NO USAR;;REVESTIMIENTO;BASE;BASE;BRILLO;ASPECTO UNIFORME;NO;SI;;;;SIN CLASE;;;GRUPO BIII;GL Esmaltado;;;NO;;600-900 N - 15-25 N/mm2;3;002.870.0012.04086;30X60 (C);CATLOGO PAMESA;;;33,3;55;8,8;1831,5;33,3x55;BYBLOS;BLANCO;https://www.pamesa.com/ERP/4.0/empresas/151/045/imagenes/t00010602/0028700124086.jpg
2;870;174;4087;0028701744087;SI;RVTO.;33,3x55 EGEO BCO.MATE;A;SI;SI;14.7500;RED13;PAMESA;PAMESA;F/48/10;8429991236212;;8429991773281;M2;10;1.84;48;88.32;28.00;1,364.00;120.00;80.00;115.00;3;8.80;14/08/2015;ATRIUM;SERIE ATRIUM;REVESTIMIENTO PASTA ROJA;0028701744087;;RED BODY;BLANCO-BYBLOS-EGEO;RELIEVES NO USAR;;REVESTIMIENTO;BASE;BASE;MATE;ASPECTO UNIFORME;NO;SI;;;;SIN CLASE;;;GRUPO BIII;GL Esmaltado;;;NO;;600-900 N - 15-25 N/mm2;3;002.870.0174.04087;60X60;CATLOGO PAMESA;;;33,3;55;8,8;1831,5;33,3x55;EGEO;BCO.MATE;https://www.pamesa.com/ERP/4.0/empresas/151/045/imagenes/t00010602/0028701744087.jpg
2;870;12;4087;0028700124087;SI;RVTO.;33,3x55 EGEO BLANCO;A;SI;SI;14.7500;RED13;PAMESA;PAMESA;F/48/10;8429991076740;;8429991773281;M2;10;1.84;48;88.32;28.00;1,364.00;120.00;80.00;115.00;3;8.80;14/10/2014;ATRIUM;SERIE ATRIUM;REVESTIMIENTO PASTA ROJA;0028700124087;;RED BODY;BLANCO-BYBLOS-EGEO;RELIEVES NO USAR;;REVESTIMIENTO;BASE;BASE;BRILLO;ASPECTO UNIFORME;NO;SI;;;;SIN CLASE;;;GRUPO BIII;GL Esmaltado;;;NO;;600-900 N - 15-25 N/mm2;3;002.870.0012.04087;30X60 (C);CATLOGO PAMESA;;;33,3;55;8,8;1831,5;33,3x55;EGEO;BLANCO;https://www.pamesa.com/ERP/4.0/empresas/151/045/imagenes/t00010602/0028700124087.jpg
2;870;12;5018;0028700033814;SI;RVTO.;33,3x55 MATE BLANCO;A;SI;SI;0.0000;RED14;PAMESA;PAMESA;F/48/10;8429991075644;;8429991773281;M2;10;1.84;48;88.32;28.00;1,364.00;120.00;80.00;115.00;3;8.80;08/07/2025;PAMESA;PAMESA;REVESTIMIENTO PASTA ROJA;0028700033814;;RED BODY;BLANCO-BYBLOS-EGEO;BASICO;;REVESTIMIENTO;BASE;;MATE;ASPECTO UNIFORME;;NO;;;;SIN CLASE;;;GRUPO BIII;GL Esmaltado;;;NO;;600-900 N - 15-25 N/mm2;1;002.870.0012.05018;30x30(7)Malla;CATLOGO PAMESA;;;33,3;55;8,8;1831,5;33,3x55;MATE;BLANCO;https://www.pamesa.com/ERP/4.0/empresas/151/045/imagenes/t00010602/0028700033814.jpg
1;302;12;3677;0013020123677;SI;PVTO.;45x45 BLAZE BLANCO;A;SI;SI;13.5000;RED01;PAMESA;PAMESA;F/52/07;8429991288006;;8429991773267;M2;7;1.42;52;73.84;26.00;1,372.00;120.00;80.00;105.00;;;25/11/2016;ATRIUM;SERIE ATRIUM;PAVIMENTO PASTA ROJA;0013020123677;;RED BODY;BLAZE;CEMENTO;;PAVIMENTO;BASE;BASE;MATE;VARIACION LEVE;;NO;;9;PEI IV;SIN CLASE;;;GRUPO BIIa;GL Esmaltado;;;NO;;1100-1900 N - 30-40 N/mm2;3;001.302.0012.03677;34x50;CATLOGO PAMESA;;;45;45;9,5;2025;45x45;BLAZE;BLANCO;https://www.pamesa.com/ERP/4.0/empresas/151/045/imagenes/t00010602/0013020123677.jpg
1;302;37;3677;0013020373677;SI;PVTO.;45x45 BLAZE PERLA;A;SI;SI;13.5000;RED01;PAMESA;PAMESA;F/52/07;8429991288020;;8429991773267;M2;7;1.42;52;73.84;26.00;1,372.00;120.00;80.00;105.00;;;25/11/2016;ATRIUM;SERIE ATRIUM;PAVIMENTO PASTA ROJA;0013020373677;;RED BODY;BLAZE;CEMENTO;;PAVIMENTO;BASE;BASE;MATE;VARIACION LEVE;;NO;;9;PEI IV;SIN CLASE;;;GRUPO BIIa;GL Esmaltado;;;NO;;1100-1900 N - 30-40 N/mm2;3;001.302.0037.03677;17X52(n);CATLOGO PAMESA;;;45;45;9,5;2025;45x45;BLAZE;PERLA;https://www.pamesa.com/ERP/4.0/empresas/151/045/imagenes/t00010602/0013020373677.jpg
1;302;297;3677;0013022973677;SI;PVTO.;45x45 BLAZE TORTORA;A;SI;SI;13.5000;RED01;PAMESA;PAMESA;F/52/07;8429991288013;;8429991773267;M2;7;1.42;52;73.84;26.00;1,372.00;120.00;80.00;105.00;;;25/11/2016;ATRIUM;SERIE ATRIUM;PAVIMENTO PASTA ROJA;0013022973677;;RED BODY;BLAZE;CEMENTO;;PAVIMENTO;BASE;BASE;MATE;VARIACION LEVE;;NO;;9;PEI III;SIN CLASE;;;GRUPO BIIa;GL Esmaltado;;;NO;;1100-1900 N - 30-40 N/mm2;3;001.302.0297.03677;7X28 C.G.;CATLOGO PAMESA;;;45;45;9,5;2025;45x45;BLAZE;TORTORA;https://www.pamesa.com/ERP/4.0/empresas/151/045/imagenes/t00010602/0013022973677.jpg
2;870;12;3677;0028700123677;SI;RVTO.;33,3x55 BLAZE BLANCO;A;SI;SI;14.0000;RED14;PAMESA;PAMESA;F/48/10;8429991288129;;8429991773281;M2;10;1.84;48;88.32;28.00;1,364.00;120.00;80.00;115.00;3;8.80;25/11/2016;ATRIUM;SERIE ATRIUM;REVESTIMIENTO PASTA ROJA;0028700123677;;RED BODY;BLAZE;CEMENTO;;REVESTIMIENTO;BASE;BASE;MATE;VARIACION LEVE;;NO;;9;;SIN CLASE;;;GRUPO BIII;GL Esmaltado;;;NO;;600-900 N - 15-25 N/mm2;3;002.870.0012.03677;60X60;CATLOGO PAMESA;;;33,3;55;8,8;1831,5;33,3x55;BLAZE;BLANCO;https://www.pamesa.com/ERP/4.0/empresas/151/045/imagenes/t00010602/0028700123677.jpg
2;870;37;3677;0028700373677;SI;RVTO.;33,3x55 BLAZE PERLA;A;SI;SI;14.0000;RED14;PAMESA;PAMESA;F/48/10;8429991288136;;8429991773281;M2;10;1.84;48;88.32;28.00;1,364.00;120.00;80.00;115.00;3;8.80;25/11/2016;ATRIUM;SERIE ATRIUM;REVESTIMIENTO PASTA ROJA;0028700373677;;RED BODY;BLAZE;CEMENTO;;REVESTIMIENTO;BASE;BASE;MATE;VARIACION LEVE;;NO;;9;;SIN CLASE;;;GRUPO BIII;GL Esmaltado;;;NO;;600-900 N - 15-25 N/mm2;3;002.870.0037.03677;30x30(7)Malla;CATLOGO PAMESA;;;33,3;55;8,8;1831,5;33,3x55;BLAZE;PERLA;https://www.pamesa.com/ERP/4.0/empresas/151/045/imagenes/t00010602/0028700373677.jpg
2;870;297;3677;0028702973677;SI;RVTO.;33,3x55 BLAZE TORTORA;A;SI;SI;14.0000;RED14;PAMESA;PAMESA;F/48/10;8429991288143;;8429991773281;M2;10;1.84;48;88.32;28.00;1,364.00;120.00;80.00;115.00;3;8.80;25/11/2016;ATRIUM;SERIE ATRIUM;REVESTIMIENTO PASTA ROJA;0028702973677;;RED BODY;BLAZE;CEMENTO;;REVESTIMIENTO;BASE;BASE;MATE;VARIACION LEVE;;NO;;9;;SIN CLASE;;;GRUPO BIII;GL Esmaltado;;;NO;;600-900 N - 15-25 N/mm2;3;002.870.0297.03677;30x60 (C);CATLOGO PAMESA;;;33,3;55;8,8;1831,5;33,3x55;BLAZE;TORTORA;https://www.pamesa.com/ERP/4.0/empresas/151/045/imagenes/t00010602/0028702973677.jpg
2;870;12;3694;0028700123694;SI;RVTO.;33,3x55 BLAZE ONDAS BLANCO;A;SI;SI;14.7500;RED13;PAMESA;PAMESA;F/48/10;8429991288181;;8429991773281;M2;10;1.84;48;88.32;28.00;1,364.00;120.00;80.00;115.00;3;8.80;25/11/2016;ATRIUM;SERIE ATRIUM;REVESTIMIENTO PASTA ROJA;0028700123694;;RED BODY;BLAZE;CEMENTO;;REVESTIMIENTO;DECORADO;RLV DECORADO;MATE;VARIACION LEVE;;SI;;4;;SIN CLASE;;;GRUPO BIII;GL Esmaltado;;;NO;;600-900 N - 15-25 N/mm2;3;002.870.0012.03694;60X60;CATLOGO PAMESA;;;33,3;55;8,8;1831,5;33,3x55;BLAZE ONDAS;BLANCO;https://www.pamesa.com/ERP/4.0/empresas/151/045/imagenes/t00010602/0028700123694.jpg
2;870;37;3694;0028700373694;SI;RVTO.;33,3x55 BLAZE ONDAS PERLA;A;SI;SI;14.7500;RED13;PAMESA;PAMESA;F/48/10;8429991288198;;8429991773281;M2;10;1.84;48;88.32;28.00;1,364.00;120.00;80.00;115.00;3;8.80;25/11/2016;ATRIUM;SERIE ATRIUM;REVESTIMIENTO PASTA ROJA;0028700373694;;RED BODY;BLAZE;CEMENTO;;REVESTIMIENTO;DECORADO;RLV DECORADO;MATE;VARIACION LEVE;;SI;;4;;SIN CLASE;;;GRUPO BIII;GL Esmaltado;;;NO;;600-900 N - 15-25 N/mm2;3;002.870.0037.03694;30x30(7)Malla;CATLOGO PAMESA;;;33,3;55;8,8;1831,5;33,3x55;BLAZE ONDAS;PERLA;https://www.pamesa.com/ERP/4.0/empresas/151/045/imagenes/t00010602/0028700373694.jpg
2;870;297;3694;0028702973694;SI;RVTO.;33,3x55 BLAZE ONDAS TORTORA;A;SI;SI;14.7500;RED13;PAMESA;PAMESA;F/48/10;8429991288204;;8429991773281;M2;10;1.84;48;88.32;28.00;1,364.00;120.00;80.00;115.00;3;8.80;25/11/2016;ATRIUM;SERIE ATRIUM;REVESTIMIENTO PASTA ROJA;0028702973694;;RED BODY;BLAZE;CEMENTO;;REVESTIMIENTO;DECORADO;RLV DECORADO;MATE;VARIACION LEVE;;SI;;4;;SIN CLASE;;;GRUPO BIII;GL Esmaltado;;;NO;;600-900 N - 15-25 N/mm2;3;002.870.0297.03694;30x30(7)Malla;CATLOGO PAMESA;;;33,3;55;8,8;1831,5;33,3x55;BLAZE ONDAS;TORTORA;https://www.pamesa.com/ERP/4.0/empresas/151/045/imagenes/t00010602/0028702973694.jpg
2;870;12;3695;0028700123695;SI;RVTO.;33,3x55 RLV.BLAZE BLANCO;A;SI;SI;14.7500;RED13;PAMESA;PAMESA;F/48/10;8429991288150;;8429991773281;M2;10;1.84;48;88.32;28.00;1,364.00;120.00;80.00;115.00;3;8.80;25/11/2016;ATRIUM;SERIE ATRIUM;REVESTIMIENTO PASTA ROJA;0028700123695;;RED BODY;BLAZE;CEMENTO;;REVESTIMIENTO;DECORADO;DECORADO;MATE;VARIACION LEVE;;SI;;4;;SIN CLASE;;;GRUPO BIII;GL Esmaltado;;;NO;;600-900 N - 15-25 N/mm2;3;002.870.0012.03695;30X60 (C);CATLOGO PAMESA;;;33,3;55;8,8;1831,5;33,3x55;RLV.BLAZE;BLANCO;https://www.pamesa.com/ERP/4.0/empresas/151/045/imagenes/t00010602/0028700123695.jpg
2;870;37;3695;0028700373695;SI;RVTO.;33,3x55 RLV.BLAZE PERLA;A;SI;SI;14.7500;RED13;PAMESA;PAMESA;F/48/10;8429991288167;;8429991773281;M2;10;1.84;48;88.32;28.00;1,364.00;120.00;80.00;115.00;3;8.80;25/11/2016;ATRIUM;SERIE ATRIUM;REVESTIMIENTO PASTA ROJA;0028700373695;;RED BODY;BLAZE;CEMENTO;;REVESTIMIENTO;DECORADO;DECORADO;MATE;VARIACION LEVE;;SI;;4;;SIN CLASE;;;GRUPO BIII;GL Esmaltado;;;NO;;600-900 N - 15-25 N/mm2;3;002.870.0037.03695;120X120;CATLOGO PAMESA;;;33,3;55;8,8;1831,5;33,3x55;RLV.BLAZE;PERLA;https://www.pamesa.com/ERP/4.0/empresas/151/045/imagenes/t00010602/0028700373695.jpg
2;870;297;3695;0028702973695;SI;RVTO.;33,3x55 RLV.BLAZE TORTORA;A;SI;SI;14.7500;RED13;PAMESA;PAMESA;F/48/10;8429991288174;;8429991773281;M2;10;1.84;48;88.32;28.00;1,364.00;120.00;80.00;115.00;3;8.80;25/11/2016;ATRIUM;SERIE ATRIUM;REVESTIMIENTO PASTA ROJA;0028702973695;;RED BODY;BLAZE;CEMENTO;;REVESTIMIENTO;DECORADO;DECORADO;MATE;VARIACION LEVE;;SI;;4;;SIN CLASE;;;GRUPO BIII;GL Esmaltado;;;NO;;600-900 N - 15-25 N/mm2;3;002.870.0297.03695;30x30(7)Malla;CATLOGO PAMESA;;;33,3;55;8,8;1831,5;33,3x55;RLV.BLAZE;TORTORA;https://www.pamesa.com/ERP/4.0/empresas/151/045/imagenes/t00010602/0028702973695.jpg
2;185;12;5018;0021850033813;SI;RVTO.;25x70 MATE BLANCO;A;SI;SI;0.0000;RED08;PAMESA;PAMESA;S/64/09;8429991078621;;8429991773281;M2;9;1.58;64;101.12;24.64;1,596.96;110.00;110.00;114.00;3;8.50;08/07/2025;PAMESA;PAMESA;REVESTIMIENTO PASTA ROJA;0021850033813;;RED BODY;BRILLO-MATE;BASICO;;REVESTIMIENTO;BASE;;MATE;ASPECTO UNIFORME;;NO;;;;SIN CLASE;;;GRUPO BIII;GL Esmaltado;;;NO;;600-900 N - 15-25 N/mm2;1;002.185.0012.05018;22,3X22,3;CATLOGO PAMESA;;;25;70;8,5;1750;25x70;MATE;BLANCO;https://www.pamesa.com/ERP/4.0/empresas/151/045/imagenes/t00010602/0021850033813.jpg
2;870;17;4504;0028700174504;SI;RVTO.;33,3x55 DAIN ARENA;A;SI;SI;14.0000;RED14;PAMESA;PAMESA;F/48/10;8429991479916;;8429991773281;M2;10;1.84;48;88.32;28.00;1,364.00;120.00;80.00;115.00;3;8.80;29/11/2019;ATRIUM;SERIE ATRIUM;REVESTIMIENTO PASTA ROJA;0028700174504;;RED BODY;DAIN;CEMENTO;;REVESTIMIENTO;BASE;BASE;MATE;VARIACION LEVE;;SI;;12;;SIN CLASE;;;GRUPO BIII;GL Esmaltado;;;NO;;600-900 N - 15-25 N/mm2;3;002.870.0017.04504;30X60 (C);CATLOGO PAMESA;;;33,3;55;8,8;1831,5;33,3x55;DAIN;ARENA;https://www.pamesa.com/ERP/4.0/empresas/151/045/imagenes/t00010602/0028700174504.jpg
2;870;2;4504;0028700024504;SI;RVTO.;33,3x55 DAIN GRIS;A;SI;SI;14.0000;RED14;PAMESA;PAMESA;F/48/10;8429991479909;;8429991773281;M2;10;1.84;48;88.32;28.00;1,364.00;120.00;80.00;115.00;3;8.80;29/11/2019;ATRIUM;SERIE ATRIUM;REVESTIMIENTO PASTA ROJA;0028700024504;;RED BODY;DAIN;CEMENTO;;REVESTIMIENTO;BASE;BASE;MATE;VARIACION LEVE;;SI;;12;;SIN CLASE;;;GRUPO BIII;GL Esmaltado;;;NO;;600-900 N - 15-25 N/mm2;3;002.870.0002.04504;60X120 RF;CATLOGO PAMESA;;;33,3;55;8,8;1831,5;33,3x55;DAIN;GRIS;https://www.pamesa.com/ERP/4.0/empresas/151/045/imagenes/t00010602/0028700024504.jpg
2;870;37;4504;0028700374504;SI;RVTO.;33,3x55 DAIN PERLA;A;SI;SI;14.0000;RED14;PAMESA;PAMESA;F/48/10;8429991479893;;8429991773281;M2;10;1.84;48;88.32;28.00;1,364.00;120.00;80.00;115.00;3;8.80;29/11/2019;ATRIUM;SERIE ATRIUM;REVESTIMIENTO PASTA ROJA;0028700374504;;RED BODY;DAIN;CEMENTO;;REVESTIMIENTO;BASE;BASE;MATE;VARIACION LEVE;;SI;;12;;SIN CLASE;;;GRUPO BIII;GL Esmaltado;;;NO;;600-900 N - 15-25 N/mm2;3;002.870.0037.04504;60X60;CATLOGO PAMESA;;;33,3;55;8,8;1831,5;33,3x55;DAIN;PERLA;https://www.pamesa.com/ERP/4.0/empresas/151/045/imagenes/t00010602/0028700374504.jpg
2;870;17;4522;0028700174522;SI;RVTO.;33,3x55 RLV.DAIN ARENA;A;SI;SI;14.7500;RED13;PAMESA;PAMESA;F/48/10;8429991479947;;8429991773281;M2;10;1.84;48;88.32;28.00;1,364.00;120.00;80.00;115.00;3;8.80;29/11/2019;ATRIUM;SERIE ATRIUM;REVESTIMIENTO PASTA ROJA;0028700174522;;RED BODY;DAIN;CEMENTO;;REVESTIMIENTO;DECORADO;DECORADO;MATE;VARIACION LEVE;;SI;;4;;SIN CLASE;;;GRUPO BIII;GL Esmaltado;;;NO;;600-900 N - 15-25 N/mm2;3;002.870.0017.04522;30X60 (C);CATLOGO PAMESA;;;33,3;55;8,8;1831,5;33,3x55;RLV.DAIN;ARENA;https://www.pamesa.com/ERP/4.0/empresas/151/045/imagenes/t00010602/0028700174522.jpg
2;870;2;4522;0028700024522;SI;RVTO.;33,3x55 RLV.DAIN GRIS;A;SI;SI;14.7500;RED13;PAMESA;PAMESA;F/48/10;8429991506216;;8429991773281;M2;10;1.84;48;88.32;28.00;1,364.00;120.00;80.00;115.00;3;8.80;13/02/2020;ATRIUM;SERIE ATRIUM;REVESTIMIENTO PASTA ROJA;0028700024522;;RED BODY;DAIN;CEMENTO;;REVESTIMIENTO;DECORADO;DECORADO;MATE;VARIACION LEVE;;SI;;4;;SIN CLASE;;;GRUPO BIII;GL Esmaltado;;;NO;;600-900 N - 15-25 N/mm2;3;002.870.0002.04522;60X120 RF;CATLOGO PAMESA;;;33,3;55;8,8;1831,5;33,3x55;RLV.DAIN;GRIS;https://www.pamesa.com/ERP/4.0/empresas/151/045/imagenes/t00010602/0028700024522.jpg
2;870;37;4522;0028700374522;SI;RVTO.;33,3x55 RLV.DAIN PERLA;A;SI;SI;14.7500;RED13;PAMESA;PAMESA;F/48/10;8429991479930;;8429991773281;M2;10;1.84;48;88.32;28.00;1,364.00;120.00;80.00;115.00;3;8.80;29/11/2019;ATRIUM;SERIE ATRIUM;REVESTIMIENTO PASTA ROJA;0028700374522;;RED BODY;DAIN;CEMENTO;;REVESTIMIENTO;DECORADO;DECORADO;MATE;VARIACION LEVE;;SI;;4;;SIN CLASE;;;GRUPO BIII;GL Esmaltado;;;NO;;600-900 N - 15-25 N/mm2;3;002.870.0037.04522;30x30(7)Malla;CATLOGO PAMESA;;;33,3;55;8,8;1831,5;33,3x55;RLV.DAIN;PERLA;https://www.pamesa.com/ERP/4.0/empresas/151/045/imagenes/t00010602/0028700374522.jpg
1;302;28;2633;0013020282633;SI;PVTO.;45x45 DREAM MARENGO;A;SI;SI;14.0000;RED01;PAMESA;PAMESA;F/52/07;8429991126414;;8429991773267;M2;7;1.42;52;73.84;26.00;1,372.00;120.00;80.00;105.00;;;21/07/2011;PAMESA;PAMESA;PAVIMENTO PASTA ROJA;0013020282633;;RED BODY;DREAM;PIEDRA;;PAVIMENTO;BASE;BASE;MATE;VARIACION LEVE;;NO;;9;PEI III;CLASE 1;R9;;GRUPO BIIa;GL Esmaltado;60 Low;15 High;NO;;1100-1900 N - 30-40 N/mm2;1;001.302.0028.02633;34x50;CATLOGO PAMESA;;;45;45;9,5;2025;45x45;DREAM;MARENGO;https://www.pamesa.com/ERP/4.0/empresas/151/045/imagenes/t00010602/0013020282633.jpg
1;302;33;2633;0013020332633;SI;PVTO.;45x45 DREAM MARFIL;A;SI;SI;14.0000;RED01;PAMESA;PAMESA;F/52/07;8429991126421;;8429991773267;M2;7;1.42;52;73.84;26.00;1,372.00;120.00;80.00;105.00;;;21/07/2011;PAMESA;PAMESA;PAVIMENTO PASTA ROJA;0013020332633;;RED BODY;DREAM;PIEDRA;;PAVIMENTO;BASE;BASE;MATE;VARIACION LEVE;;NO;;7;PEI IV;CLASE 1;R9;;GRUPO BIIa;GL Esmaltado;60 Low;15 High;NO;;1100-1900 N - 30-40 N/mm2;1;001.302.0033.02633;17X52(n);CATLOGO PAMESA;;;45;45;9,5;2025;45x45;DREAM;MARFIL;https://www.pamesa.com/ERP/4.0/empresas/151/045/imagenes/t00010602/0013020332633.jpg
1;302;37;2633;0013020372633;SI;PVTO.;45x45 DREAM PERLA;A;SI;SI;14.0000;RED01;PAMESA;PAMESA;F/52/07;8429991126438;;8429991773267;M2;7;1.42;52;73.84;26.00;1,372.00;120.00;80.00;105.00;;;21/07/2011;PAMESA;PAMESA;PAVIMENTO PASTA ROJA;0013020372633;;RED BODY;DREAM;PIEDRA;;PAVIMENTO;BASE;BASE;MATE;VARIACION LEVE;;NO;;9;PEI IV;CLASE 1;R9;;GRUPO BIIa;GL Esmaltado;60 Low;15 High;NO;;1100-1900 N - 30-40 N/mm2;1;001.302.0037.02633;17X52(n);CATLOGO PAMESA;;;45;45;9,5;2025;45x45;DREAM;PERLA;https://www.pamesa.com/ERP/4.0/empresas/151/045/imagenes/t00010602/0013020372633.jpg
1;302;24;2633;0013020242633;SI;PVTO.;45x45 DREAM VISON;A;SI;SI;14.0000;RED01;PAMESA;PAMESA;F/52/07;8429991126407;;8429991773267;M2;7;1.42;52;73.84;26.00;1,372.00;120.00;80.00;105.00;;;21/07/2011;PAMESA;PAMESA;PAVIMENTO PASTA ROJA;0013020242633;;RED BODY;DREAM;PIEDRA;;PAVIMENTO;BASE;BASE;MATE;VARIACION LEVE;;NO;;9;PEI IV;CLASE 1;R9;;GRUPO BIIa;GL Esmaltado;60 Low;15 High;NO;;1100-1900 N - 30-40 N/mm2;1;001.302.0024.02633;34x50;CATLOGO PAMESA;;;45;45;9,5;2025;45x45;DREAM;VISON;https://www.pamesa.com/ERP/4.0/empresas/151/045/imagenes/t00010602/0013020242633.jpg
2;870;12;9730;0028700129730;SI;RVTO.;33,3x55 GAIA BLANCO;A;SI;SI;14.0000;RED14;PAMESA;PAMESA;F/48/10;8429991415532;;8429991773281;M2;10;1.84;48;88.32;28.00;1,364.00;120.00;80.00;115.00;3;8.80;18/12/2018;ATRIUM;SERIE ATRIUM;REVESTIMIENTO PASTA ROJA;0028700129730;;RED BODY;GAIA;CEMENTO;;REVESTIMIENTO;BASE;BASE;MATE;VARIACION LEVE;;SI;;8;;SIN CLASE;;;GRUPO BIII;GL Esmaltado;;;NO;;600-900 N - 15-25 N/mm2;3;002.870.0012.09730;30x30(7)Malla;CATLOGO PAMESA;;;33,3;55;8,8;1831,5;33,3x55;GAIA;BLANCO;https://www.pamesa.com/ERP/4.0/empresas/151/045/imagenes/t00010602/0028700129730.jpg
2;870;12;9731;0028700129731;SI;RVTO.;33,3x55 RLV.GAIA BLANCO;A;SI;SI;14.7500;RED13;PAMESA;PAMESA;F/48/10;8429991415563;;8429991773281;M2;10;1.84;48;88.32;28.00;1,364.00;120.00;80.00;115.00;3;8.80;18/12/2018;ATRIUM;SERIE ATRIUM;REVESTIMIENTO PASTA ROJA;0028700129731;;RED BODY;GAIA;CEMENTO;;REVESTIMIENTO;DECORADO;DECORADO;MATE;VARIACION LEVE;;SI;;4;;SIN CLASE;;;GRUPO BIII;GL Esmaltado;;;NO;;600-900 N - 15-25 N/mm2;3;002.870.0012.09731;30x30(7)Malla;CATLOGO PAMESA;;;33,3;55;8,8;1831,5;33,3x55;RLV.GAIA;BLANCO;https://www.pamesa.com/ERP/4.0/empresas/151/045/imagenes/t00010602/0028700129731.jpg
2;870;2;13386;0028700019709;SI;RVTO.;33,3x55 HAZEL GRIS;A;SI;SI;14.0000;RED14;PAMESA;PAMESA;F/48/10;8429991935917;;8429991773281;M2;10;1.84;48;88.32;28.00;1,364.00;120.00;80.00;115.00;3;8.80;31/05/2024;PAMESA;PAMESA;REVESTIMIENTO PASTA ROJA;0028700019709;;RED BODY;HAZEL;CEMENTO;;REVESTIMIENTO;BASE;BASE;MATE;VARIACION LEVE;;NO;NO;;;SIN CLASE;;;GRUPO BIII;GL Esmaltado;;;NO;;600-900 N - 15-25 N/mm2;1;002.870.0002.13386;30x30(7)Malla;CATLOGO PAMESA;;;33,3;55;8,8;1831,5;33,3x55;HAZEL;GRIS;https://www.pamesa.com/ERP/4.0/empresas/151/045/imagenes/t00010602/0028700019709.jpg
2;870;33;13386;0028700019706;SI;RVTO.;33,3x55 HAZEL MARFIL;A;SI;SI;14.0000;RED14;PAMESA;PAMESA;F/48/10;8429991935924;;8429991773281;M2;10;1.84;48;88.32;28.00;1,364.00;120.00;80.00;115.00;3;8.80;31/05/2024;PAMESA;PAMESA;REVESTIMIENTO PASTA ROJA;0028700019706;;RED BODY;HAZEL;CEMENTO;;REVESTIMIENTO;BASE;BASE;MATE;VARIACION LEVE;;NO;NO;;;SIN CLASE;;;GRUPO BIII;GL Esmaltado;;;NO;;600-900 N - 15-25 N/mm2;1;002.870.0033.13386;120X120;CATLOGO PAMESA;;;33,3;55;8,8;1831,5;33,3x55;HAZEL;MARFIL;https://www.pamesa.com/ERP/4.0/empresas/151/045/imagenes/t00010602/0028700019706.jpg
2;870;37;13386;0028700019708;SI;RVTO.;33,3x55 HAZEL PERLA;A;SI;SI;14.0000;RED14;PAMESA;PAMESA;F/48/10;8429991935931;;8429991773281;M2;10;1.84;48;88.32;28.00;1,364.00;120.00;80.00;115.00;3;8.80;31/05/2024;PAMESA;PAMESA;REVESTIMIENTO PASTA ROJA;0028700019708;;RED BODY;HAZEL;CEMENTO;;REVESTIMIENTO;BASE;BASE;MATE;VARIACION LEVE;;NO;NO;;;SIN CLASE;;;GRUPO BIII;GL Esmaltado;;;NO;;600-900 N - 15-25 N/mm2;1;002.870.0037.13386;120X120;CATLOGO PAMESA;;;33,3;55;8,8;1831,5;33,3x55;HAZEL;PERLA;https://www.pamesa.com/ERP/4.0/empresas/151/045/imagenes/t00010602/0028700019708.jpg
2;870;108;13386;0028700019707;SI;RVTO.;33,3x55 HAZEL WHITE;A;SI;SI;14.0000;RED14;PAMESA;PAMESA;F/48/10;8429991935948;;8429991773281;M2;10;1.84;48;88.32;28.00;1,364.00;120.00;80.00;115.00;3;8.80;31/05/2024;PAMESA;PAMESA;REVESTIMIENTO PASTA ROJA;0028700019707;;RED BODY;HAZEL;CEMENTO;;REVESTIMIENTO;BASE;BASE;MATE;VARIACION LEVE;;NO;NO;;;SIN CLASE;;;GRUPO BIII;GL Esmaltado;;;NO;;600-900 N - 15-25 N/mm2;1;002.870.0108.13386;60X60;CATLOGO PAMESA;;;33,3;55;8,8;1831,5;33,3x55;HAZEL;WHITE;https://www.pamesa.com/ERP/4.0/empresas/151/045/imagenes/t00010602/0028700019707.jpg
2;870;2;14023;0028700021818;SI;RVTO.;33,3x55 RLV.HAZEL GRIS;A;SI;SI;14.7500;RED13;PAMESA;PAMESA;F/48/10;8429991935955;;8429991773281;M2;10;1.84;48;88.32;28.00;1,364.00;120.00;80.00;115.00;3;8.80;31/05/2024;PAMESA;PAMESA;REVESTIMIENTO PASTA ROJA;0028700021818;;RED BODY;HAZEL;CEMENTO;;REVESTIMIENTO;BASE;BASE;MATE;VARIACION LEVE;;SI;NO;;;SIN CLASE;;;GRUPO BIII;GL Esmaltado;;;NO;;600-900 N - 15-25 N/mm2;1;002.870.0002.14023;120X120;CATLOGO PAMESA;;;33,3;55;8,8;1831,5;33,3x55;RLV.HAZEL;GRIS;https://www.pamesa.com/ERP/4.0/empresas/151/045/imagenes/t00010602/0028700021818.jpg
2;870;33;14023;0028700021820;SI;RVTO.;33,3x55 RLV.HAZEL MARFIL;A;SI;SI;14.7500;RED13;PAMESA;PAMESA;F/48/10;8429991935962;;8429991773281;M2;10;1.84;48;88.32;28.00;1,364.00;120.00;80.00;115.00;3;8.80;31/05/2024;PAMESA;PAMESA;REVESTIMIENTO PASTA ROJA;0028700021820;;RED BODY;HAZEL;CEMENTO;;REVESTIMIENTO;BASE;BASE;MATE;VARIACION LEVE;;SI;NO;;;SIN CLASE;;;GRUPO BIII;GL Esmaltado;;;NO;;600-900 N - 15-25 N/mm2;1;002.870.0033.14023;60X120 RF;CATLOGO PAMESA;;;33,3;55;8,8;1831,5;33,3x55;RLV.HAZEL;MARFIL;https://www.pamesa.com/ERP/4.0/empresas/151/045/imagenes/t00010602/0028700021820.jpg
2;870;37;14023;0028700021819;SI;RVTO.;33,3x55 RLV.HAZEL PERLA;A;SI;SI;14.7500;RED13;PAMESA;PAMESA;F/48/10;8429991935979;;8429991773281;M2;10;1.84;48;88.32;28.00;1,364.00;120.00;80.00;115.00;3;8.80;31/05/2024;PAMESA;PAMESA;REVESTIMIENTO PASTA ROJA;0028700021819;;RED BODY;HAZEL;CEMENTO;;REVESTIMIENTO;BASE;BASE;MATE;VARIACION LEVE;;SI;NO;;;SIN CLASE;;;GRUPO BIII;GL Esmaltado;;;NO;;600-900 N - 15-25 N/mm2;1;002.870.0037.14023;60X120 RF;CATLOGO PAMESA;;;33,3;55;8,8;1831,5;33,3x55;RLV.HAZEL;PERLA;https://www.pamesa.com/ERP/4.0/empresas/151/045/imagenes/t00010602/0028700021819.jpg
2;870;108;14023;0028700021817;SI;RVTO.;33,3x55 RLV.HAZEL WHITE;A;SI;SI;14.7500;RED13;PAMESA;PAMESA;F/48/10;8429991935986;;8429991773281;M2;10;1.84;48;88.32;28.00;1,364.00;120.00;80.00;115.00;3;8.80;31/05/2024;PAMESA;PAMESA;REVESTIMIENTO PASTA ROJA;0028700021817;;RED BODY;HAZEL;CEMENTO;;REVESTIMIENTO;BASE;BASE;MATE;VARIACION LEVE;;SI;NO;;;SIN CLASE;;;GRUPO BIII;GL Esmaltado;;;NO;;600-900 N - 15-25 N/mm2;1;002.870.0108.14023;60X60;CATLOGO PAMESA;;;33,3;55;8,8;1831,5;33,3x55;RLV.HAZEL;WHITE;https://www.pamesa.com/ERP/4.0/empresas/151/045/imagenes/t00010602/0028700021817.jpg
2;870;17;4075;0028700174075;SI;RVTO.;33,3x55 KIEL ARENA;A;SI;SI;14.0000;RED14;PAMESA;PAMESA;F/48/10;8429991075576;;8429991773281;M2;10;1.84;48;88.32;28.00;1,364.00;120.00;80.00;115.00;3;8.80;01/10/2014;ATRIUM;SERIE ATRIUM;REVESTIMIENTO PASTA ROJA;0028700174075;;RED BODY;KIEL;CEMENTO;;REVESTIMIENTO;BASE;BASE;MATE;VARIACION LEVE;NO;NO;;8;;SIN CLASE;;;GRUPO BIII;GL Esmaltado;;;NO;;600-900 N - 15-25 N/mm2;3;002.870.0017.04075;60X60;CATLOGO PAMESA;;;33,3;55;8,8;1831,5;33,3x55;KIEL;ARENA;https://www.pamesa.com/ERP/4.0/empresas/151/045/imagenes/t00010602/0028700174075.jpg
2;870;28;4075;0028700284075;SI;RVTO.;33,3x55 KIEL MARENGO;A;SI;SI;14.0000;RED14;PAMESA;PAMESA;F/48/10;8429991075583;;8429991773281;M2;10;1.84;48;88.32;28.00;1,364.00;120.00;80.00;115.00;3;8.80;01/10/2014;ATRIUM;SERIE ATRIUM;REVESTIMIENTO PASTA ROJA;0028700284075;;RED BODY;KIEL;CEMENTO;;REVESTIMIENTO;BASE;BASE;MATE;VARIACION LEVE;NO;NO;;5;;SIN CLASE;;;GRUPO BIII;GL Esmaltado;;;NO;;600-900 N - 15-25 N/mm2;3;002.870.0028.04075;30X30 (5)MALLA;CATLOGO PAMESA;;;33,3;55;8,8;1831,5;33,3x55;KIEL;MARENGO;https://www.pamesa.com/ERP/4.0/empresas/151/045/imagenes/t00010602/0028700284075.jpg
2;870;37;4075;0028700374075;SI;RVTO.;33,3x55 KIEL PERLA;A;SI;SI;14.0000;RED14;PAMESA;PAMESA;F/48/10;8429991075590;;8429991773281;M2;10;1.84;48;88.32;28.00;1,364.00;120.00;80.00;115.00;3;8.80;01/10/2014;ATRIUM;SERIE ATRIUM;REVESTIMIENTO PASTA ROJA;0028700374075;;RED BODY;KIEL;CEMENTO;;REVESTIMIENTO;BASE;BASE;MATE;VARIACION LEVE;NO;NO;;8;;SIN CLASE;;;GRUPO BIII;GL Esmaltado;;;NO;;600-900 N - 15-25 N/mm2;3;002.870.0037.04075;90X90(N);CATLOGO PAMESA;;;33,3;55;8,8;1831,5;33,3x55;KIEL;PERLA;https://www.pamesa.com/ERP/4.0/empresas/151/045/imagenes/t00010602/0028700374075.jpg
2;870;1;4076;0028700014076;SI;RVTO.;33,3x55 RLV.KIEL 1.;A;SI;SI;14.7500;RED13;PAMESA;PAMESA;F/48/10;8429991075606;;8429991773281;M2;10;1.84;48;88.32;28.00;1,364.00;120.00;80.00;115.00;3;8.80;01/10/2014;ATRIUM;SERIE ATRIUM;REVESTIMIENTO PASTA ROJA;0028700014076;;RED BODY;KIEL;CEMENTO;;REVESTIMIENTO;DECORADO;DECORADO;MATE;VARIACION ALTA;NO;SI;;4;;SIN CLASE;;;GRUPO BIII;GL Esmaltado;;;NO;;600-900 N - 15-25 N/mm2;3;002.870.0001.04076;120X120;CATLOGO PAMESA;;;33,3;55;8,8;1831,5;33,3x55;RLV.KIEL;1.;https://www.pamesa.com/ERP/4.0/empresas/151/045/imagenes/t00010602/0028700014076.jpg
2;870;2;4076;0028700024076;SI;RVTO.;33,3x55 RLV.KIEL GRIS;A;SI;SI;14.7500;RED13;PAMESA;PAMESA;F/48/10;8429991077280;;8429991773281;M2;10;1.84;48;88.32;28.00;1,364.00;120.00;80.00;115.00;3;8.80;22/10/2014;ATRIUM;SERIE ATRIUM;REVESTIMIENTO PASTA ROJA;0028700024076;;RED BODY;KIEL;CEMENTO;;REVESTIMIENTO;DECORADO;DECORADO;MATE;VARIACION ALTA;NO;SI;;4;;SIN CLASE;;;GRUPO BIII;GL Esmaltado;;;NO;;600-900 N - 15-25 N/mm2;3;002.870.0002.04076;90X90(N);CATLOGO PAMESA;;;33,3;55;8,8;1831,5;33,3x55;RLV.KIEL;GRIS;https://www.pamesa.com/ERP/4.0/empresas/151/045/imagenes/t00010602/0028700024076.jpg
2;185;524;8846;0021850034245;SI;RVTO.;25x70 IRWELL SKY;A;SI;SI;0.0000;RED07;PAMESA;PAMESA;S/64/09;8429991160791;;8429991773281;M2;9;1.58;64;101.12;24.64;1,596.96;110.00;110.00;114.00;3;8.50;15/07/2025;PAMESA;PAMESA;REVESTIMIENTO PASTA ROJA;0021850034245;;RED BODY;LOWRY;DECORADOS;;REVESTIMIENTO;BASE;BASE;MATE;ASPECTO UNIFORME;;;;;;;;;GRUPO BIII;GL Esmaltado;;;NO;;600-900 N - 15-25 N/mm2;1;002.185.0524.08846;6,5x20;CATLOGO PAMESA;;;25;70;8,5;1750;25x70;IRWELL;SKY;https://www.pamesa.com/ERP/4.0/empresas/151/045/imagenes/t00010602/0021850034245.jpg
2;185;12;1906;0021850034243;SI;RVTO.;25x70 LOWRY BLANCO;A;SI;SI;0.0000;RED08;PAMESA;PAMESA;S/64/09;8429991160777;;8429991773281;M2;9;1.58;64;101.12;24.64;1,596.96;110.00;110.00;114.00;3;8.50;15/07/2025;PAMESA;PAMESA;REVESTIMIENTO PASTA ROJA;0021850034243;;RED BODY;LOWRY;DECORADOS;;REVESTIMIENTO;BASE;BASE;MATE;ASPECTO UNIFORME;;NO;;;;SIN CLASE;;;GRUPO BIII;GL Esmaltado;;;NO;;600-900 N - 15-25 N/mm2;1;002.185.0012.01906;22,3X22,3;CATLOGO PAMESA;;;25;70;8,5;1750;25x70;LOWRY;BLANCO;https://www.pamesa.com/ERP/4.0/empresas/151/045/imagenes/t00010602/0021850034243.jpg
2;185;524;1906;0021850034244;SI;RVTO.;25x70 LOWRY SKY;A;SI;SI;0.0000;RED08;PAMESA;PAMESA;S/64/09;8429991160784;;8429991773281;M2;9;1.58;64;101.12;24.64;1,596.96;110.00;110.00;114.00;3;8.50;15/07/2025;PAMESA;PAMESA;REVESTIMIENTO PASTA ROJA;0021850034244;;RED BODY;LOWRY;DECORADOS;;REVESTIMIENTO;BASE;BASE;MATE;ASPECTO UNIFORME;;NO;;;;SIN CLASE;;;GRUPO BIII;GL Esmaltado;;;NO;;600-900 N - 15-25 N/mm2;1;002.185.0524.01906;6,5x20;CATLOGO PAMESA;;;25;70;8,5;1750;25x70;LOWRY;SKY;https://www.pamesa.com/ERP/4.0/empresas/151/045/imagenes/t00010602/0021850034244.jpg
2;185;12;8845;0021850034246;SI;RVTO.;25x70 RLV.LOWRY BLANCO;A;SI;SI;0.0000;RED07;PAMESA;PAMESA;S/64/09;8429991160807;;8429991773281;M2;9;1.58;64;101.12;24.64;1,596.96;110.00;110.00;114.00;3;8.50;15/07/2025;PAMESA;PAMESA;REVESTIMIENTO PASTA ROJA;0021850034246;;RED BODY;LOWRY;DECORADOS;;REVESTIMIENTO;BASE;BASE;MATE;ASPECTO UNIFORME;;SI;;;;SIN CLASE;;;GRUPO BIII;GL Esmaltado;;;NO;;600-900 N - 15-25 N/mm2;1;002.185.0012.08845;33,3X33,3P.BCO;CATLOGO PAMESA;;;25;70;8,5;1750;25x70;RLV.LOWRY;BLANCO;https://www.pamesa.com/ERP/4.0/empresas/151/045/imagenes/t00010602/0021850034246.jpg
2;185;204;3679;0021852043679;SI;RVTO.;25x70 MIST LIGHT;A;SI;SI;14.5000;RED08;PAMESA;PAMESA;S/64/09;8429991288075;;8429991773281;M2;9;1.58;64;101.12;24.64;1,596.96;110.00;110.00;114.00;3;8.50;25/11/2016;ATRIUM;SERIE ATRIUM;REVESTIMIENTO PASTA ROJA;0021852043679;;RED BODY;MIST;CEMENTO;;REVESTIMIENTO;BASE;BASE;MATE;VARIACION LEVE;;NO;;14;;SIN CLASE;;;GRUPO BIII;GL Esmaltado;;;NO;;600-900 N - 15-25 N/mm2;3;002.185.0204.03679;7X28 C.G.;CATLOGO PAMESA;;;25;70;8,5;1750;25x70;MIST;LIGHT;https://www.pamesa.com/ERP/4.0/empresas/151/045/imagenes/t00010602/0021852043679.jpg
2;185;37;3679;0021850373679;SI;RVTO.;25x70 MIST PERLA;A;SI;SI;14.5000;RED08;PAMESA;PAMESA;S/64/09;8429991288068;;8429991773281;M2;9;1.58;64;101.12;24.64;1,596.96;110.00;110.00;114.00;3;8.50;25/11/2016;ATRIUM;SERIE ATRIUM;REVESTIMIENTO PASTA ROJA;0021850373679;;RED BODY;MIST;CEMENTO;;REVESTIMIENTO;BASE;BASE;MATE;VARIACION LEVE;;NO;;11;;SIN CLASE;;;GRUPO BIII;GL Esmaltado;;;NO;;600-900 N - 15-25 N/mm2;3;002.185.0037.03679;7,5X30 P.B.RVTO;CATLOGO PAMESA;;;25;70;8,5;1750;25x70;MIST;PERLA;https://www.pamesa.com/ERP/4.0/empresas/151/045/imagenes/t00010602/0021850373679.jpg
2;185;297;3679;0021852973679;SI;RVTO.;25x70 MIST TORTORA;A;SI;SI;14.5000;RED08;PAMESA;PAMESA;S/64/09;8429991288082;;8429991773281;M2;9;1.58;64;101.12;24.64;1,596.96;110.00;110.00;114.00;3;8.50;25/11/2016;ATRIUM;SERIE ATRIUM;REVESTIMIENTO PASTA ROJA;0021852973679;;RED BODY;MIST;CEMENTO;;REVESTIMIENTO;BASE;BASE;MATE;VARIACION LEVE;;NO;;10;;SIN CLASE;;;GRUPO BIII;GL Esmaltado;;;NO;;600-900 N - 15-25 N/mm2;3;002.185.0297.03679;6,5x20;CATLOGO PAMESA;;;25;70;8,5;1750;25x70;MIST;TORTORA;https://www.pamesa.com/ERP/4.0/empresas/151/045/imagenes/t00010602/0021852973679.jpg
2;185;204;3696;0021852043696;SI;RVTO.;25x70 MIST.DUNA LIGHT;A;SI;SI;14.5000;RED07;PAMESA;PAMESA;S/64/09;8429991288105;;8429991773281;M2;9;1.58;64;101.12;24.64;1,596.96;110.00;110.00;114.00;3;8.50;25/11/2016;ATRIUM;SERIE ATRIUM;REVESTIMIENTO PASTA ROJA;0021852043696;;RED BODY;MIST;CEMENTO;;REVESTIMIENTO;DECORADO;RLV DECORADO;MATE;VARIACION LEVE;;SI;;6;;SIN CLASE;;;GRUPO BIII;GL Esmaltado;;;NO;;600-900 N - 15-25 N/mm2;3;002.185.0204.03696;7X28 C.G.;CATLOGO PAMESA;;;25;70;8,5;1750;25x70;MIST.DUNA;LIGHT;https://www.pamesa.com/ERP/4.0/empresas/151/045/imagenes/t00010602/0021852043696.jpg
2;185;37;3696;0021850373696;SI;RVTO.;25x70 MIST.DUNA PERLA;A;SI;SI;14.5000;RED07;PAMESA;PAMESA;S/64/09;8429991288099;;8429991773281;M2;9;1.58;64;101.12;24.64;1,596.96;110.00;110.00;114.00;3;8.50;25/11/2016;ATRIUM;SERIE ATRIUM;REVESTIMIENTO PASTA ROJA;0021850373696;;RED BODY;MIST;CEMENTO;;REVESTIMIENTO;DECORADO;RLV DECORADO;MATE;VARIACION LEVE;;SI;;6;;SIN CLASE;;;GRUPO BIII;GL Esmaltado;;;NO;;600-900 N - 15-25 N/mm2;3;002.185.0037.03696;7,5X30 P.B.RVTO;CATLOGO PAMESA;;;25;70;8,5;1750;25x70;MIST.DUNA;PERLA;https://www.pamesa.com/ERP/4.0/empresas/151/045/imagenes/t00010602/0021850373696.jpg
2;185;297;3696;0021852973696;SI;RVTO.;25x70 MIST.DUNA TORTORA;A;SI;SI;14.5000;RED07;PAMESA;PAMESA;S/64/09;8429991288112;;8429991773281;M2;9;1.58;64;101.12;24.64;1,596.96;110.00;110.00;114.00;3;8.50;25/11/2016;ATRIUM;SERIE ATRIUM;REVESTIMIENTO PASTA ROJA;0021852973696;;RED BODY;MIST;CEMENTO;;REVESTIMIENTO;DECORADO;RLV DECORADO;MATE;VARIACION LEVE;;SI;;6;;SIN CLASE;;;GRUPO BIII;GL Esmaltado;;;NO;;600-900 N - 15-25 N/mm2;3;002.185.0297.03696;6,5x20;CATLOGO PAMESA;;;25;70;8,5;1750;25x70;MIST.DUNA;TORTORA;https://www.pamesa.com/ERP/4.0/empresas/151/045/imagenes/t00010602/0021852973696.jpg
2;870;498;15802;0028700036310;SI;RVTO.;33,3x55 MOSS AQUA;A;SI;SI;0.0000;RED14;PAMESA;PAMESA;F/48/10;8429991171339;;8429991773281;M2;10;1.84;48;88.32;28.00;1,364.00;120.00;80.00;115.00;3;8.80;04/09/2025;PAMESA;PAMESA;REVESTIMIENTO PASTA ROJA;0028700036310;;RED BODY;MOSS;BASICO;;REVESTIMIENTO;BASE;BASE;MATE;ASPECTO UNIFORME;;NO;;;;SIN CLASE;;;GRUPO BIII;GL Esmaltado;;;NO;;600-900 N - 15-25 N/mm2;1;002.870.0498.15802;120X120;CATLOGO PAMESA;;;33,3;55;8,8;1831,5;33,3x55;MOSS;AQUA;https://www.pamesa.com/ERP/4.0/empresas/151/045/imagenes/t00010602/0028700036310.jpg
2;870;7;15802;0028700036312;SI;RVTO.;33,3x55 MOSS BEIGE;A;SI;SI;0.0000;RED14;PAMESA;PAMESA;F/48/10;8429991171353;;8429991773281;M2;10;1.84;48;88.32;28.00;1,364.00;120.00;80.00;115.00;3;8.80;04/09/2025;PAMESA;PAMESA;REVESTIMIENTO PASTA ROJA;0028700036312;;RED BODY;MOSS;BASICO;;REVESTIMIENTO;BASE;BASE;MATE;ASPECTO UNIFORME;;NO;;;;SIN CLASE;;;GRUPO BIII;GL Esmaltado;;;NO;;600-900 N - 15-25 N/mm2;1;002.870.0007.15802;60X120 RF;CATLOGO PAMESA;;;33,3;55;8,8;1831,5;33,3x55;MOSS;BEIGE;https://www.pamesa.com/ERP/4.0/empresas/151/045/imagenes/t00010602/0028700036312.jpg
2;870;12;15802;0028700036316;SI;RVTO.;33,3x55 MOSS BLANCO;A;SI;SI;0.0000;RED14;PAMESA;PAMESA;F/48/10;8429991171391;;8429991773281;M2;10;1.84;48;88.32;28.00;1,364.00;120.00;80.00;115.00;3;8.80;04/09/2025;PAMESA;PAMESA;REVESTIMIENTO PASTA ROJA;0028700036316;;RED BODY;MOSS;BASICO;;REVESTIMIENTO;BASE;BASE;MATE;ASPECTO UNIFORME;;NO;;;;SIN CLASE;;;GRUPO BIII;GL Esmaltado;;;NO;;600-900 N - 15-25 N/mm2;1;002.870.0012.15802;120X120;CATLOGO PAMESA;;;33,3;55;8,8;1831,5;33,3x55;MOSS;BLANCO;https://www.pamesa.com/ERP/4.0/empresas/151/045/imagenes/t00010602/0028700036316.jpg
2;870;110;15802;0028700036308;SI;RVTO.;33,3x55 MOSS GREEN;A;SI;SI;0.0000;RED14;PAMESA;PAMESA;F/48/10;8429991171315;;8429991773281;M2;10;1.84;48;88.32;28.00;1,364.00;120.00;80.00;115.00;3;8.80;04/09/2025;PAMESA;PAMESA;REVESTIMIENTO PASTA ROJA;0028700036308;;RED BODY;MOSS;BASICO;;REVESTIMIENTO;BASE;BASE;MATE;ASPECTO UNIFORME;;NO;;;;SIN CLASE;;;GRUPO BIII;GL Esmaltado;;;NO;;600-900 N - 15-25 N/mm2;1;002.870.0110.15802;160X160;CATLOGO PAMESA;;;33,3;55;8,8;1831,5;33,3x55;MOSS;GREEN;https://www.pamesa.com/ERP/4.0/empresas/151/045/imagenes/t00010602/0028700036308.jpg
2;870;3;15802;0028700036318;SI;RVTO.;33,3x55 MOSS NEGRO;A;SI;SI;0.0000;RED14;PAMESA;PAMESA;F/48/10;8429991171414;;8429991773281;M2;10;1.84;48;88.32;28.00;1,364.00;120.00;80.00;115.00;3;8.80;04/09/2025;PAMESA;PAMESA;REVESTIMIENTO PASTA ROJA;0028700036318;;RED BODY;MOSS;BASICO;;REVESTIMIENTO;BASE;BASE;MATE;ASPECTO UNIFORME;;NO;;;;SIN CLASE;;;GRUPO BIII;GL Esmaltado;;;NO;;600-900 N - 15-25 N/mm2;1;002.870.0003.15802;75x150;CATLOGO PAMESA;;;33,3;55;8,8;1831,5;33,3x55;MOSS;NEGRO;https://www.pamesa.com/ERP/4.0/empresas/151/045/imagenes/t00010602/0028700036318.jpg
2;870;37;15802;0028700036314;SI;RVTO.;33,3x55 MOSS PERLA;A;SI;SI;0.0000;RED14;PAMESA;PAMESA;F/48/10;8429991171377;;8429991773281;M2;10;1.84;48;88.32;28.00;1,364.00;120.00;80.00;115.00;3;8.80;04/09/2025;PAMESA;PAMESA;REVESTIMIENTO PASTA ROJA;0028700036314;;RED BODY;MOSS;BASICO;;REVESTIMIENTO;BASE;BASE;MATE;ASPECTO UNIFORME;;NO;;;;SIN CLASE;;;GRUPO BIII;GL Esmaltado;;;NO;;600-900 N - 15-25 N/mm2;1;002.870.0037.15802;120X120;CATLOGO PAMESA;;;33,3;55;8,8;1831,5;33,3x55;MOSS;PERLA;https://www.pamesa.com/ERP/4.0/empresas/151/045/imagenes/t00010602/0028700036314.jpg
2;870;498;16024;0028700040255;SI;RVTO.;33,3x55 MOSS BRILLO AQUA;A;SI;SI;0.0000;RED14;PAMESA;PAMESA;F/48/10;8429991186708;;8429991773281;M2;10;1.84;48;88.32;28.00;1,364.00;120.00;80.00;115.00;3;8.80;20/10/2025;PAMESA;PAMESA;REVESTIMIENTO PASTA ROJA;0028700040255;;RED BODY;MOSS;BASICO;;REVESTIMIENTO;BASE;BASE;BRILLO;ASPECTO UNIFORME;;NO;;;;SIN CLASE;;;GRUPO BIII;GL Esmaltado;;;NO;;600-900 N - 15-25 N/mm2;1;002.870.0498.16024;30x30(7)Malla;CATLOGO PAMESA;;;33,3;55;8,8;1831,5;33,3x55;MOSS BRILLO;AQUA;https://www.pamesa.com/ERP/4.0/empresas/151/045/imagenes/t00010602/0028700040255.jpg
2;870;7;16024;0028700040252;SI;RVTO.;33,3x55 MOSS BRILLO BEIGE;A;SI;SI;0.0000;RED14;PAMESA;PAMESA;F/48/10;8429991186678;;8429991773281;M2;10;1.84;48;88.32;28.00;1,364.00;120.00;80.00;115.00;3;8.80;20/10/2025;PAMESA;PAMESA;REVESTIMIENTO PASTA ROJA;0028700040252;;RED BODY;MOSS;BASICO;;REVESTIMIENTO;BASE;BASE;BRILLO;ASPECTO UNIFORME;;NO;;;;SIN CLASE;;;GRUPO BIII;GL Esmaltado;;;NO;;600-900 N - 15-25 N/mm2;1;002.870.0007.16024;60X60;CATLOGO PAMESA;;;33,3;55;8,8;1831,5;33,3x55;MOSS BRILLO;BEIGE;https://www.pamesa.com/ERP/4.0/empresas/151/045/imagenes/t00010602/0028700040252.jpg
2;870;12;16024;0028700040254;SI;RVTO.;33,3x55 MOSS BRILLO BLANCO;A;SI;SI;0.0000;RED14;PAMESA;PAMESA;F/48/10;8429991186692;;8429991773281;M2;10;1.84;48;88.32;28.00;1,364.00;120.00;80.00;115.00;3;8.80;20/10/2025;PAMESA;PAMESA;REVESTIMIENTO PASTA ROJA;0028700040254;;RED BODY;MOSS;BASICO;;REVESTIMIENTO;BASE;BASE;BRILLO;ASPECTO UNIFORME;;NO;;;;SIN CLASE;;;GRUPO BIII;GL Esmaltado;;;NO;;600-900 N - 15-25 N/mm2;1;002.870.0012.16024;60X120 RF;CATLOGO PAMESA;;;33,3;55;8,8;1831,5;33,3x55;MOSS BRILLO;BLANCO;https://www.pamesa.com/ERP/4.0/empresas/151/045/imagenes/t00010602/0028700040254.jpg
2;870;110;16024;0028700040256;SI;RVTO.;33,3x55 MOSS BRILLO GREEN;A;SI;SI;0.0000;RED14;PAMESA;PAMESA;F/48/10;8429991186715;;8429991773281;M2;10;1.84;48;88.32;28.00;1,364.00;120.00;80.00;115.00;3;8.80;20/10/2025;PAMESA;PAMESA;REVESTIMIENTO PASTA ROJA;0028700040256;;RED BODY;MOSS;BASICO;;REVESTIMIENTO;BASE;BASE;BRILLO;ASPECTO UNIFORME;;NO;;;;SIN CLASE;;;GRUPO BIII;GL Esmaltado;;;NO;;600-900 N - 15-25 N/mm2;1;002.870.0110.16024;120X120;CATLOGO PAMESA;;;33,3;55;8,8;1831,5;33,3x55;MOSS BRILLO;GREEN;https://www.pamesa.com/ERP/4.0/empresas/151/045/imagenes/t00010602/0028700040256.jpg
2;870;3;16024;0028700040253;SI;RVTO.;33,3x55 MOSS BRILLO NEGRO;A;SI;SI;0.0000;RED14;PAMESA;PAMESA;F/48/10;8429991186685;;8429991773281;M2;10;1.84;48;88.32;28.00;1,364.00;120.00;80.00;115.00;3;8.80;20/10/2025;PAMESA;PAMESA;REVESTIMIENTO PASTA ROJA;0028700040253;;RED BODY;MOSS;BASICO;;REVESTIMIENTO;BASE;BASE;BRILLO;ASPECTO UNIFORME;;NO;;;;SIN CLASE;;;GRUPO BIII;GL Esmaltado;;;NO;;600-900 N - 15-25 N/mm2;1;002.870.0003.16024;75x150;CATLOGO PAMESA;;;33,3;55;8,8;1831,5;33,3x55;MOSS BRILLO;NEGRO;https://www.pamesa.com/ERP/4.0/empresas/151/045/imagenes/t00010602/0028700040253.jpg
2;870;37;16024;0028700040250;SI;RVTO.;33,3x55 MOSS BRILLO PERLA;A;SI;SI;0.0000;RED14;PAMESA;PAMESA;F/48/10;8429991186661;;8429991773281;M2;10;1.84;48;88.32;28.00;1,364.00;120.00;80.00;115.00;3;8.80;20/10/2025;PAMESA;PAMESA;REVESTIMIENTO PASTA ROJA;0028700040250;;RED BODY;MOSS;BASICO;;REVESTIMIENTO;BASE;BASE;BRILLO;ASPECTO UNIFORME;;NO;;;;SIN CLASE;;;GRUPO BIII;GL Esmaltado;;;NO;;600-900 N - 15-25 N/mm2;1;002.870.0037.16024;120X120;CATLOGO PAMESA;;;33,3;55;8,8;1831,5;33,3x55;MOSS BRILLO;PERLA;https://www.pamesa.com/ERP/4.0/empresas/151/045/imagenes/t00010602/0028700040250.jpg
2;870;498;15804;0028700036311;SI;RVTO.;33,3x55 RLV.MOSS AQUA;A;SI;SI;0.0000;RED13;PAMESA;PAMESA;F/48/10;8429991171346;;8429991773281;M2;10;1.84;48;88.32;28.00;1,364.00;120.00;80.00;115.00;3;8.80;04/09/2025;PAMESA;PAMESA;REVESTIMIENTO PASTA ROJA;0028700036311;;RED BODY;MOSS;BASICO;;REVESTIMIENTO;DECORADO;RLV DECORADO;MATE;ASPECTO UNIFORME;;SI;;;;SIN CLASE;;;GRUPO BIII;GL Esmaltado;;;NO;;600-900 N - 15-25 N/mm2;1;002.870.0498.15804;60X120 RF;CATLOGO PAMESA;;;33,3;55;8,8;1831,5;33,3x55;RLV.MOSS;AQUA;https://www.pamesa.com/ERP/4.0/empresas/151/045/imagenes/t00010602/0028700036311.jpg
2;870;7;15804;0028700036313;SI;RVTO.;33,3x55 RLV.MOSS BEIGE;A;SI;SI;0.0000;RED13;PAMESA;PAMESA;F/48/10;8429991171360;;8429991773281;M2;10;1.84;48;88.32;28.00;1,364.00;120.00;80.00;115.00;3;8.80;04/09/2025;PAMESA;PAMESA;REVESTIMIENTO PASTA ROJA;0028700036313;;RED BODY;MOSS;BASICO;;REVESTIMIENTO;DECORADO;RLV DECORADO;MATE;ASPECTO UNIFORME;;SI;;;;SIN CLASE;;;GRUPO BIII;GL Esmaltado;;;NO;;600-900 N - 15-25 N/mm2;1;002.870.0007.15804;60X120 RF;CATLOGO PAMESA;;;33,3;55;8,8;1831,5;33,3x55;RLV.MOSS;BEIGE;https://www.pamesa.com/ERP/4.0/empresas/151/045/imagenes/t00010602/0028700036313.jpg
2;870;12;15804;0028700036317;SI;RVTO.;33,3x55 RLV.MOSS BLANCO;A;SI;SI;0.0000;RED13;PAMESA;PAMESA;F/48/10;8429991171407;;8429991773281;M2;10;1.84;48;88.32;28.00;1,364.00;120.00;80.00;115.00;3;8.80;04/09/2025;PAMESA;PAMESA;REVESTIMIENTO PASTA ROJA;0028700036317;;RED BODY;MOSS;BASICO;;REVESTIMIENTO;DECORADO;RLV DECORADO;MATE;ASPECTO UNIFORME;;SI;;;;SIN CLASE;;;GRUPO BIII;GL Esmaltado;;;NO;;600-900 N - 15-25 N/mm2;1;002.870.0012.15804;60X120 RF;CATLOGO PAMESA;;;33,3;55;8,8;1831,5;33,3x55;RLV.MOSS;BLANCO;https://www.pamesa.com/ERP/4.0/empresas/151/045/imagenes/t00010602/0028700036317.jpg
2;870;110;15804;0028700036309;SI;RVTO.;33,3x55 RLV.MOSS GREEN;A;SI;SI;0.0000;RED13;PAMESA;PAMESA;F/48/10;8429991171322;;8429991773281;M2;10;1.84;48;88.32;28.00;1,364.00;120.00;80.00;115.00;3;8.80;04/09/2025;PAMESA;PAMESA;REVESTIMIENTO PASTA ROJA;0028700036309;;RED BODY;MOSS;BASICO;;REVESTIMIENTO;DECORADO;RLV DECORADO;MATE;ASPECTO UNIFORME;;SI;;;;SIN CLASE;;;GRUPO BIII;GL Esmaltado;;;NO;;600-900 N - 15-25 N/mm2;1;002.870.0110.15804;120X120;CATLOGO PAMESA;;;33,3;55;8,8;1831,5;33,3x55;RLV.MOSS;GREEN;https://www.pamesa.com/ERP/4.0/empresas/151/045/imagenes/t00010602/0028700036309.jpg
2;870;3;15804;0028700036319;SI;RVTO.;33,3x55 RLV.MOSS NEGRO;A;SI;SI;0.0000;RED13;PAMESA;PAMESA;F/48/10;8429991171421;;8429991773281;M2;10;1.84;48;88.32;28.00;1,364.00;120.00;80.00;115.00;3;8.80;04/09/2025;PAMESA;PAMESA;REVESTIMIENTO PASTA ROJA;0028700036319;;RED BODY;MOSS;BASICO;;REVESTIMIENTO;DECORADO;RLV DECORADO;MATE;ASPECTO UNIFORME;;SI;;;;SIN CLASE;;;GRUPO BIII;GL Esmaltado;;;NO;;600-900 N - 15-25 N/mm2;1;002.870.0003.15804;75x150;CATLOGO PAMESA;;;33,3;55;8,8;1831,5;33,3x55;RLV.MOSS;NEGRO;https://www.pamesa.com/ERP/4.0/empresas/151/045/imagenes/t00010602/0028700036319.jpg
2;870;37;15804;0028700036315;SI;RVTO.;33,3x55 RLV.MOSS PERLA;A;SI;SI;0.0000;RED13;PAMESA;PAMESA;F/48/10;8429991171384;;8429991773281;M2;10;1.84;48;88.32;28.00;1,364.00;120.00;80.00;115.00;3;8.80;04/09/2025;PAMESA;PAMESA;REVESTIMIENTO PASTA ROJA;0028700036315;;RED BODY;MOSS;BASICO;;REVESTIMIENTO;DECORADO;RLV DECORADO;MATE;ASPECTO UNIFORME;;SI;;;;SIN CLASE;;;GRUPO BIII;GL Esmaltado;;;NO;;600-900 N - 15-25 N/mm2;1;002.870.0037.15804;120X120;CATLOGO PAMESA;;;33,3;55;8,8;1831,5;33,3x55;RLV.MOSS;PERLA;https://www.pamesa.com/ERP/4.0/empresas/151/045/imagenes/t00010602/0028700036315.jpg
2;870;498;16025;0028700040291;SI;RVTO.;33,3x55 RLV.MOSS BRILLO AQUA;A;SI;SI;0.0000;RED13;PAMESA;PAMESA;F/48/10;8429991186951;;8429991773281;M2;10;1.84;48;88.32;28.00;1,364.00;120.00;80.00;115.00;3;8.80;21/10/2025;PAMESA;PAMESA;REVESTIMIENTO PASTA ROJA;0028700040291;;RED BODY;MOSS;BASICO;;REVESTIMIENTO;DECORADO;RLV DECORADO;BRILLO;ASPECTO UNIFORME;;;;;;SIN CLASE;;;GRUPO BIII;GL Esmaltado;;;NO;;600-900 N - 15-25 N/mm2;1;002.870.0498.16025;120X280(6MM);CATLOGO PAMESA;;;33,3;55;8,8;1831,5;33,3x55;RLV.MOSS BRILLO;AQUA;https://www.pamesa.com/ERP/4.0/empresas/151/045/imagenes/t00010602/0028700040291.jpg
2;870;7;16025;0028700040288;SI;RVTO.;33,3x55 RLV.MOSS BRILLO BEIGE;A;SI;SI;0.0000;RED13;PAMESA;PAMESA;F/48/10;8429991186937;;8429991773281;M2;10;1.84;48;88.32;28.00;1,364.00;120.00;80.00;115.00;3;8.80;21/10/2025;PAMESA;PAMESA;REVESTIMIENTO PASTA ROJA;0028700040288;;RED BODY;MOSS;BASICO;;REVESTIMIENTO;DECORADO;RLV DECORADO;BRILLO;ASPECTO UNIFORME;;;;;;SIN CLASE;;;GRUPO BIII;GL Esmaltado;;;NO;;600-900 N - 15-25 N/mm2;1;002.870.0007.16025;60X60;CATLOGO PAMESA;;;33,3;55;8,8;1831,5;33,3x55;RLV.MOSS BRILLO;BEIGE;https://www.pamesa.com/ERP/4.0/empresas/151/045/imagenes/t00010602/0028700040288.jpg
2;870;12;16025;0028700040289;SI;RVTO.;33,3x55 RLV.MOSS BRILLO BLANCO;A;SI;SI;0.0000;RED13;PAMESA;PAMESA;F/48/10;8429991186944;;8429991773281;M2;10;1.84;48;88.32;28.00;1,364.00;120.00;80.00;115.00;3;8.80;21/10/2025;PAMESA;PAMESA;REVESTIMIENTO PASTA ROJA;0028700040289;;RED BODY;MOSS;BASICO;;REVESTIMIENTO;DECORADO;RLV DECORADO;BRILLO;ASPECTO UNIFORME;;;;;;SIN CLASE;;;GRUPO BIII;GL Esmaltado;;;NO;;600-900 N - 15-25 N/mm2;1;002.870.0012.16025;60X120 RF;CATLOGO PAMESA;;;33,3;55;8,8;1831,5;33,3x55;RLV.MOSS BRILLO;BLANCO;https://www.pamesa.com/ERP/4.0/empresas/151/045/imagenes/t00010602/0028700040289.jpg
2;870;110;16025;0028700040292;SI;RVTO.;33,3x55 RLV.MOSS BRILLO GREEN;A;SI;SI;0.0000;RED13;PAMESA;PAMESA;F/48/10;8429991186968;;8429991773281;M2;10;1.84;48;88.32;28.00;1,364.00;120.00;80.00;115.00;3;8.80;21/10/2025;PAMESA;PAMESA;REVESTIMIENTO PASTA ROJA;0028700040292;;RED BODY;MOSS;BASICO;;REVESTIMIENTO;DECORADO;RLV DECORADO;BRILLO;ASPECTO UNIFORME;;;;;;SIN CLASE;;;GRUPO BIII;GL Esmaltado;;;NO;;600-900 N - 15-25 N/mm2;1;002.870.0110.16025;60X120 RF;CATLOGO PAMESA;;;33,3;55;8,8;1831,5;33,3x55;RLV.MOSS BRILLO;GREEN;https://www.pamesa.com/ERP/4.0/empresas/151/045/imagenes/t00010602/0028700040292.jpg
2;870;3;16025;0028700040286;SI;RVTO.;33,3x55 RLV.MOSS BRILLO NEGRO;A;SI;SI;0.0000;RED13;PAMESA;PAMESA;F/48/10;8429991186913;;8429991773281;M2;10;1.84;48;88.32;28.00;1,364.00;120.00;80.00;115.00;3;8.80;21/10/2025;PAMESA;PAMESA;REVESTIMIENTO PASTA ROJA;0028700040286;;RED BODY;MOSS;BASICO;;REVESTIMIENTO;BASE;BASE;BRILLO;ASPECTO UNIFORME;;;;;;SIN CLASE;;;GRUPO BIII;GL Esmaltado;;;NO;;600-900 N - 15-25 N/mm2;1;002.870.0003.16025;60X120 RF;CATLOGO PAMESA;;;33,3;55;8,8;1831,5;33,3x55;RLV.MOSS BRILLO;NEGRO;https://www.pamesa.com/ERP/4.0/empresas/151/045/imagenes/t00010602/0028700040286.jpg
2;870;37;16025;0028700040287;SI;RVTO.;33,3x55 RLV.MOSS BRILLO PERLA;A;SI;SI;0.0000;RED13;PAMESA;PAMESA;F/48/10;8429991186920;;8429991773281;M2;10;1.84;48;88.32;28.00;1,364.00;120.00;80.00;115.00;3;8.80;21/10/2025;PAMESA;PAMESA;REVESTIMIENTO PASTA ROJA;0028700040287;;RED BODY;MOSS;BASICO;;REVESTIMIENTO;DECORADO;RLV DECORADO;BRILLO;ASPECTO UNIFORME;;;;;;SIN CLASE;;;GRUPO BIII;GL Esmaltado;;;NO;;600-900 N - 15-25 N/mm2;1;002.870.0037.16025;120X120;CATLOGO PAMESA;;;33,3;55;8,8;1831,5;33,3x55;RLV.MOSS BRILLO;PERLA;https://www.pamesa.com/ERP/4.0/empresas/151/045/imagenes/t00010602/0028700040287.jpg
2;870;2;6550;0028700026550;SI;RVTO.;33,3x55 AT.MURANO GRIS;A;SI;SI;14.0000;RED14;ATRIUM;PAMESA;F/48/10;;;8429991773397;M2;10;1.84;48;88.32;28.00;1,364.00;120.00;80.00;115.00;3;8.80;11/05/2021;PAMESA;PAMESA;REVESTIMIENTO PASTA ROJA;0028700026550;;RED BODY;MURANO REVESTIMIENTO;MARMOL;;REVESTIMIENTO;BASE;BASE;BRILLO;VARIACION MODERADA;;NO;;12;;SIN CLASE;;;GRUPO BIII;GL Esmaltado;;;NO;;600-900 N - 15-25 N/mm2;1;002.870.0002.06550;60X60;CATLOGO PAMESA;;;33,3;55;8,8;1831,5;33,3x55;AT.MURANO;GRIS;https://www.pamesa.com/ERP/4.0/empresas/151/045/imagenes/t00010602/0028700026550.jpg
2;870;33;6550;0028700336550;SI;RVTO.;33,3x55 AT.MURANO MARFIL;A;SI;SI;14.0000;RED14;ATRIUM;PAMESA;F/48/10;;;8429991773397;M2;10;1.84;48;88.32;28.00;1,364.00;120.00;80.00;115.00;3;8.80;11/05/2021;PAMESA;PAMESA;REVESTIMIENTO PASTA ROJA;0028700336550;;RED BODY;MURANO REVESTIMIENTO;MARMOL;;REVESTIMIENTO;BASE;BASE;BRILLO;VARIACION MODERADA;;NO;;12;;SIN CLASE;;;GRUPO BIII;GL Esmaltado;;;NO;;600-900 N - 15-25 N/mm2;1;002.870.0033.06550;120X120;CATLOGO PAMESA;;;33,3;55;8,8;1831,5;33,3x55;AT.MURANO;MARFIL;https://www.pamesa.com/ERP/4.0/empresas/151/045/imagenes/t00010602/0028700336550.jpg
2;870;37;6550;0028700376550;SI;RVTO.;33,3x55 AT.MURANO PERLA;A;SI;SI;14.0000;RED14;ATRIUM;PAMESA;F/48/10;;;8429991773397;M2;10;1.84;48;88.32;28.00;1,364.00;120.00;80.00;115.00;3;8.80;11/05/2021;PAMESA;PAMESA;REVESTIMIENTO PASTA ROJA;0028700376550;;RED BODY;MURANO REVESTIMIENTO;MARMOL;;REVESTIMIENTO;BASE;BASE;BRILLO;VARIACION MODERADA;;NO;;12;;SIN CLASE;;;GRUPO BIII;GL Esmaltado;;;NO;;600-900 N - 15-25 N/mm2;1;002.870.0037.06550;120X280(6MM);CATLOGO PAMESA;;;33,3;55;8,8;1831,5;33,3x55;AT.MURANO;PERLA;https://www.pamesa.com/ERP/4.0/empresas/151/045/imagenes/t00010602/0028700376550.jpg
2;870;33;14654;0028700023538;SI;RVTO.;33,3x55 AT.MURANO MATE MARFIL;A;SI;SI;14.0000;RED14;ATRIUM;PAMESA;F/48/10;;;8429991773397;M2;10;1.84;48;88.32;28.00;1,364.00;120.00;80.00;115.00;3;8.80;07/06/2024;PAMESA;PAMESA;REVESTIMIENTO PASTA ROJA;0028700023538;;RED BODY;MURANO REVESTIMIENTO;MARMOL;;REVESTIMIENTO;BASE;BASE;MATE;VARIACION MODERADA;;NO;;;;SIN CLASE;;;GRUPO BIII;GL Esmaltado;;;NO;;600-900 N - 15-25 N/mm2;1;002.870.0033.14654;60X60;CATLOGO PAMESA;;;33,3;55;8,8;1831,5;33,3x55;AT.MURANO MATE;MARFIL;https://www.pamesa.com/ERP/4.0/empresas/151/045/imagenes/t00010602/0028700023538.jpg
2;870;37;14654;0028700023540;SI;RVTO.;33,3x55 AT.MURANO MATE PERLA;A;SI;SI;14.0000;RED14;ATRIUM;PAMESA;F/48/10;;;8429991773397;M2;10;1.84;48;88.32;28.00;1,364.00;120.00;80.00;115.00;3;8.80;07/06/2024;PAMESA;PAMESA;REVESTIMIENTO PASTA ROJA;0028700023540;;RED BODY;MURANO REVESTIMIENTO;MARMOL;;REVESTIMIENTO;BASE;BASE;MATE;VARIACION MODERADA;;NO;;;;SIN CLASE;;;GRUPO BIII;GL Esmaltado;;;NO;;600-900 N - 15-25 N/mm2;1;002.870.0037.14654;60X60;CATLOGO PAMESA;;;33,3;55;8,8;1831,5;33,3x55;AT.MURANO MATE;PERLA;https://www.pamesa.com/ERP/4.0/empresas/151/045/imagenes/t00010602/0028700023540.jpg
2;870;2;5035;0028700033820;SI;RVTO.;33,3x55 MURANO GRIS;A;SI;SI;0.0000;RED14;PAMESA;PAMESA;F/48/10;8429991640743;;8429991773281;M2;10;1.84;48;88.32;28.00;1,364.00;120.00;80.00;115.00;3;8.80;08/07/2025;PAMESA;PAMESA;REVESTIMIENTO PASTA ROJA;0028700033820;;RED BODY;MURANO REVESTIMIENTO;MARMOL;;REVESTIMIENTO;BASE;BASE;BRILLO;VARIACION MODERADA;;NO;;;;SIN CLASE;;;GRUPO BIII;GL Esmaltado;;;NO;;600-900 N - 15-25 N/mm2;1;002.870.0002.05035;60X60;CATLOGO PAMESA;;;33,3;55;8,8;1831,5;33,3x55;MURANO;GRIS;https://www.pamesa.com/ERP/4.0/empresas/151/045/imagenes/t00010602/0028700033820.jpg
2;870;33;5035;0028700033821;SI;RVTO.;33,3x55 MURANO MARFIL;A;SI;SI;0.0000;RED14;PAMESA;PAMESA;F/48/10;8429991640767;;8429991773281;M2;10;1.84;48;88.32;28.00;1,364.00;120.00;80.00;115.00;3;8.80;08/07/2025;PAMESA;PAMESA;REVESTIMIENTO PASTA ROJA;0028700033821;;RED BODY;MURANO REVESTIMIENTO;MARMOL;;REVESTIMIENTO;BASE;BASE;BRILLO;VARIACION MODERADA;;NO;;;;SIN CLASE;;;GRUPO BIII;GL Esmaltado;;;NO;;600-900 N - 15-25 N/mm2;1;002.870.0033.05035;30x30(7)Malla;CATLOGO PAMESA;;;33,3;55;8,8;1831,5;33,3x55;MURANO;MARFIL;https://www.pamesa.com/ERP/4.0/empresas/151/045/imagenes/t00010602/0028700033821.jpg
2;870;37;5035;0028700033822;SI;RVTO.;33,3x55 MURANO PERLA;A;SI;SI;0.0000;RED14;PAMESA;PAMESA;F/48/10;8429991640774;;8429991773281;M2;10;1.84;48;88.32;28.00;1,364.00;120.00;80.00;115.00;3;8.80;08/07/2025;PAMESA;PAMESA;REVESTIMIENTO PASTA ROJA;0028700033822;;RED BODY;MURANO REVESTIMIENTO;MARMOL;;REVESTIMIENTO;BASE;BASE;BRILLO;VARIACION MODERADA;;NO;;;;SIN CLASE;;;GRUPO BIII;GL Esmaltado;;;NO;;600-900 N - 15-25 N/mm2;1;002.870.0037.05035;120X280(6MM);CATLOGO PAMESA;;;33,3;55;8,8;1831,5;33,3x55;MURANO;PERLA;https://www.pamesa.com/ERP/4.0/empresas/151/045/imagenes/t00010602/0028700033822.jpg
2;870;33;2636;0028700033824;SI;RVTO.;33,3x55 MURANO MATE MARFIL;A;SI;SI;0.0000;RED14;PAMESA;PAMESA;F/48/10;8429991939373;;8429991773281;M2;10;1.84;48;88.32;28.00;1,364.00;120.00;80.00;115.00;3;8.80;08/07/2025;PAMESA;PAMESA;REVESTIMIENTO PASTA ROJA;0028700033824;;RED BODY;MURANO REVESTIMIENTO;MARMOL;;REVESTIMIENTO;BASE;BASE;MATE;VARIACION MODERADA;;;;;;SIN CLASE;;;GRUPO BIII;GL Esmaltado;;;NO;;600-900 N - 15-25 N/mm2;1;002.870.0033.02636;30x30(7)Malla;CATLOGO PAMESA;;;33,3;55;8,8;1831,5;33,3x55;MURANO MATE;MARFIL;https://www.pamesa.com/ERP/4.0/empresas/151/045/imagenes/t00010602/0028700033824.jpg
2;870;37;2636;0028700033826;SI;RVTO.;33,3x55 MURANO MATE PERLA;A;SI;SI;0.0000;RED14;PAMESA;PAMESA;F/48/10;8429991939397;;8429991773281;M2;10;1.84;48;88.32;28.00;1,364.00;120.00;80.00;115.00;3;8.80;08/07/2025;PAMESA;PAMESA;REVESTIMIENTO PASTA ROJA;0028700033826;;RED BODY;MURANO REVESTIMIENTO;MARMOL;;REVESTIMIENTO;BASE;BASE;MATE;VARIACION MODERADA;;;;;;SIN CLASE;;;GRUPO BIII;GL Esmaltado;;;NO;;600-900 N - 15-25 N/mm2;1;002.870.0037.02636;30X60 (C);CATLOGO PAMESA;;;33,3;55;8,8;1831,5;33,3x55;MURANO MATE;PERLA;https://www.pamesa.com/ERP/4.0/empresas/151/045/imagenes/t00010602/0028700033826.jpg
2;870;7;10277;0028700010773;SI;RVTO.;33,3x55 RLV.MURANO BEIGE;A;SI;SI;14.7500;RED13;PAMESA;PAMESA;F/48/10;8429991643775;;8429991773281;M2;10;1.84;48;88.32;28.00;1,364.00;120.00;80.00;115.00;3;8.80;31/05/2021;PAMESA;PAMESA;REVESTIMIENTO PASTA ROJA;0028700010773;;RED BODY;MURANO REVESTIMIENTO;MARMOL;;REVESTIMIENTO;BASE;BASE;BRILLO;VARIACION MODERADA;;SI;NO;;;SIN CLASE;;;GRUPO BIII;GL Esmaltado;;;NO;;600-900 N - 15-25 N/mm2;1;002.870.0007.10277;60X120 RF;CATLOGO PAMESA;;;33,3;55;8,8;1831,5;33,3x55;RLV.MURANO;BEIGE;https://www.pamesa.com/ERP/4.0/empresas/151/045/imagenes/t00010602/0028700010773.jpg
2;870;2;10277;0028700010772;SI;RVTO.;33,3x55 RLV.MURANO GRIS;A;SI;SI;14.7500;RED13;PAMESA;PAMESA;F/48/10;8429991643768;;8429991773281;M2;10;1.84;48;88.32;28.00;1,364.00;120.00;80.00;115.00;3;8.80;31/05/2021;PAMESA;PAMESA;REVESTIMIENTO PASTA ROJA;0028700010772;;RED BODY;MURANO REVESTIMIENTO;MARMOL;;REVESTIMIENTO;BASE;BASE;BRILLO;VARIACION MODERADA;;SI;NO;;;SIN CLASE;;;GRUPO BIII;GL Esmaltado;;;NO;;600-900 N - 15-25 N/mm2;1;002.870.0002.10277;30x30(7)Malla;CATLOGO PAMESA;;;33,3;55;8,8;1831,5;33,3x55;RLV.MURANO;GRIS;https://www.pamesa.com/ERP/4.0/empresas/151/045/imagenes/t00010602/0028700010772.jpg
2;870;33;14656;0028700023544;SI;RVTO.;33,3x55 RLV.MURANO MATE MARFIL;A;SI;SI;14.7500;RED13;PAMESA;PAMESA;F/48/10;8429991939403;;8429991773281;M2;10;1.84;48;88.32;28.00;1,364.00;120.00;80.00;115.00;3;8.80;07/06/2024;PAMESA;PAMESA;REVESTIMIENTO PASTA ROJA;0028700023544;;RED BODY;MURANO REVESTIMIENTO;MARMOL;;REVESTIMIENTO;BASE;BASE;MATE;VARIACION MODERADA;;SI;NO;;;SIN CLASE;;;GRUPO BIII;GL Esmaltado;;;NO;;600-900 N - 15-25 N/mm2;1;002.870.0033.14656;30X60 (C);CATLOGO PAMESA;;;33,3;55;8,8;1831,5;33,3x55;RLV.MURANO MATE;MARFIL;https://www.pamesa.com/ERP/4.0/empresas/151/045/imagenes/t00010602/0028700023544.jpg
2;870;37;14656;0028700023546;SI;RVTO.;33,3x55 RLV.MURANO MATE PERLA;A;SI;SI;14.7500;RED13;PAMESA;PAMESA;F/48/10;8429991939434;;8429991773281;M2;10;1.84;48;88.32;28.00;1,364.00;120.00;80.00;115.00;3;8.80;07/06/2024;PAMESA;PAMESA;REVESTIMIENTO PASTA ROJA;0028700023546;;RED BODY;MURANO REVESTIMIENTO;MARMOL;;REVESTIMIENTO;BASE;BASE;MATE;VARIACION MODERADA;;SI;NO;;;SIN CLASE;;;GRUPO BIII;GL Esmaltado;;;NO;;600-900 N - 15-25 N/mm2;1;002.870.0037.14656;30X30 (5)MALLA;CATLOGO PAMESA;;;33,3;55;8,8;1831,5;33,3x55;RLV.MURANO MATE;PERLA;https://www.pamesa.com/ERP/4.0/empresas/151/045/imagenes/t00010602/0028700023546.jpg
1;302;46;6168;0013020466168;SI;PVTO.;45x45 MUSEUM COTO;A;SI;SI;13.5000;RED01;PAMESA;PAMESA;F/52/07;8429991577285;;8429991773267;M2;7;1.42;52;73.84;26.00;1,372.00;120.00;80.00;105.00;;;21/09/2020;ATRIUM;SERIE ATRIUM;PAVIMENTO PASTA ROJA;0013020466168;;RED BODY;MUSEUM;PIEDRA;;PAVIMENTO;BASE;BASE;MATE;VARIACION ALTA;;SI;;4;PEI IV;CLASE 3;R11;;GRUPO BIIa;GL Esmaltado;;;NO;;1100-1900 N - 30-40 N/mm2;3;001.302.0046.06168;15x15;CATLOGO PAMESA;;;45;45;9,5;2025;45x45;MUSEUM;COTO;https://www.pamesa.com/ERP/4.0/empresas/151/045/imagenes/t00010602/0013020466168.jpg
1;302;2;6168;0013020026168;SI;PVTO.;45x45 MUSEUM GRIS;A;SI;SI;13.5000;RED01;PAMESA;PAMESA;F/52/07;8429991577261;;8429991773267;M2;7;1.42;52;73.84;26.00;1,372.00;120.00;80.00;105.00;;;21/09/2020;ATRIUM;SERIE ATRIUM;PAVIMENTO PASTA ROJA;0013020026168;;RED BODY;MUSEUM;PIEDRA;;PAVIMENTO;BASE;BASE;MATE;VARIACION ALTA;;SI;;4;PEI IV;CLASE 3;R11;;GRUPO BIIa;GL Esmaltado;;;NO;;1100-1900 N - 30-40 N/mm2;3;001.302.0002.06168;34x50;CATLOGO PAMESA;;;45;45;9,5;2025;45x45;MUSEUM;GRIS;https://www.pamesa.com/ERP/4.0/empresas/151/045/imagenes/t00010602/0013020026168.jpg
1;302;9;6168;0013020096168;SI;PVTO.;45x45 MUSEUM MARRON;A;SI;SI;13.5000;RED01;PAMESA;PAMESA;F/52/07;8429991577254;;8429991773267;M2;7;1.42;52;73.84;26.00;1,372.00;120.00;80.00;105.00;;;21/09/2020;ATRIUM;SERIE ATRIUM;PAVIMENTO PASTA ROJA;0013020096168;;RED BODY;MUSEUM;PIEDRA;;PAVIMENTO;BASE;BASE;MATE;VARIACION ALTA;;SI;;4;PEI IV;CLASE 3;R11;;GRUPO BIIa;GL Esmaltado;;;NO;;1100-1900 N - 30-40 N/mm2;3;001.302.0009.06168;34x50;CATLOGO PAMESA;;;45;45;9,5;2025;45x45;MUSEUM;MARRON;https://www.pamesa.com/ERP/4.0/empresas/151/045/imagenes/t00010602/0013020096168.jpg
1;302;100;6168;0013021006168;SI;PVTO.;45x45 MUSEUM MIX;A;SI;SI;13.5000;RED01;PAMESA;PAMESA;F/52/07;8429991577278;;8429991773267;M2;7;1.42;52;73.84;26.00;1,372.00;120.00;80.00;105.00;;;21/09/2020;ATRIUM;SERIE ATRIUM;PAVIMENTO PASTA ROJA;0013021006168;;RED BODY;MUSEUM;PIEDRA;;PAVIMENTO;BASE;BASE;MATE;VARIACION ALTA;;SI;;4;PEI IV;CLASE 3;R11;;GRUPO BIIa;GL Esmaltado;;;NO;;1100-1900 N - 30-40 N/mm2;3;001.302.0100.06168;9,3x120 C.M2;CATLOGO PAMESA;;;45;45;9,5;2025;45x45;MUSEUM;MIX;https://www.pamesa.com/ERP/4.0/empresas/151/045/imagenes/t00010602/0013021006168.jpg
2;870;100;4502;0028701004502;SI;RVTO.;33,3x55 NAMUR MIX;A;SI;SI;14.0000;RED13;PAMESA;PAMESA;F/48/10;8429991479886;;8429991773281;M2;10;1.84;48;88.32;28.00;1,364.00;120.00;80.00;115.00;3;8.80;29/11/2019;ATRIUM;SERIE ATRIUM;REVESTIMIENTO PASTA ROJA;0028701004502;;RED BODY;NITID-NAMUR;PIEDRA;;REVESTIMIENTO;BASE;BASE;MATE;VARIACION LEVE;;SI;;4;;SIN CLASE;;;GRUPO BIII;GL Esmaltado;;;NO;;600-900 N - 15-25 N/mm2;3;002.870.0100.04502;60X60;CATLOGO PAMESA;;;33,3;55;8,8;1831,5;33,3x55;NAMUR;MIX;https://www.pamesa.com/ERP/4.0/empresas/151/045/imagenes/t00010602/0028701004502.jpg
2;870;17;4062;0028700174062;SI;RVTO.;33,3x55 NITID ARENA;A;SI;SI;14.0000;RED14;PAMESA;PAMESA;F/48/10;8429991479800;;8429991773281;M2;10;1.84;48;88.32;28.00;1,364.00;120.00;80.00;115.00;3;8.80;29/11/2019;ATRIUM;SERIE ATRIUM;REVESTIMIENTO PASTA ROJA;0028700174062;;RED BODY;NITID-NAMUR;PIEDRA;;REVESTIMIENTO;BASE;BASE;MATE;VARIACION LEVE;;SI;;12;;SIN CLASE;;;GRUPO BIII;GL Esmaltado;;;NO;;600-900 N - 15-25 N/mm2;3;002.870.0017.04062;60X120(n);CATLOGO PAMESA;;;33,3;55;8,8;1831,5;33,3x55;NITID;ARENA;https://www.pamesa.com/ERP/4.0/empresas/151/045/imagenes/t00010602/0028700174062.jpg
2;870;37;4062;0028700374062;SI;RVTO.;33,3x55 NITID PERLA;A;SI;SI;14.0000;RED14;PAMESA;PAMESA;F/48/10;8429991479787;;8429991773281;M2;10;1.84;48;88.32;28.00;1,364.00;120.00;80.00;115.00;3;8.80;29/11/2019;ATRIUM;SERIE ATRIUM;REVESTIMIENTO PASTA ROJA;0028700374062;;RED BODY;NITID-NAMUR;PIEDRA;;REVESTIMIENTO;BASE;BASE;MATE;VARIACION LEVE;;SI;;12;;SIN CLASE;;;GRUPO BIII;GL Esmaltado;;;NO;;600-900 N - 15-25 N/mm2;3;002.870.0037.04062;120X120;CATLOGO PAMESA;;;33,3;55;8,8;1831,5;33,3x55;NITID;PERLA;https://www.pamesa.com/ERP/4.0/empresas/151/045/imagenes/t00010602/0028700374062.jpg
2;870;17;4500;0028700174500;SI;RVTO.;33,3x55 RLV.NITID ARENA;A;SI;SI;14.7500;RED13;PAMESA;PAMESA;F/48/10;8429991479848;;8429991773281;M2;10;1.84;48;88.32;28.00;1,364.00;120.00;80.00;115.00;3;8.80;29/11/2019;ATRIUM;SERIE ATRIUM;REVESTIMIENTO PASTA ROJA;0028700174500;;RED BODY;NITID-NAMUR;PIEDRA;;REVESTIMIENTO;DECORADO;DECORADO;MATE;VARIACION LEVE;;SI;;4;;SIN CLASE;;;GRUPO BIII;GL Esmaltado;;;NO;;600-900 N - 15-25 N/mm2;3;002.870.0017.04500;60X60;CATLOGO PAMESA;;;33,3;55;8,8;1831,5;33,3x55;RLV.NITID;ARENA;https://www.pamesa.com/ERP/4.0/empresas/151/045/imagenes/t00010602/0028700174500.jpg
2;870;37;4500;0028700374500;SI;RVTO.;33,3x55 RLV.NITID PERLA;A;SI;SI;14.7500;RED13;PAMESA;PAMESA;F/48/10;8429991479824;;8429991773281;M2;10;1.84;48;88.32;28.00;1,364.00;120.00;80.00;115.00;3;8.80;29/11/2019;ATRIUM;SERIE ATRIUM;REVESTIMIENTO PASTA ROJA;0028700374500;;RED BODY;NITID-NAMUR;PIEDRA;;REVESTIMIENTO;DECORADO;DECORADO;MATE;VARIACION LEVE;;SI;;4;;SIN CLASE;;;GRUPO BIII;GL Esmaltado;;;NO;;600-900 N - 15-25 N/mm2;3;002.870.0037.04500;60X60;CATLOGO PAMESA;;;33,3;55;8,8;1831,5;33,3x55;RLV.NITID;PERLA;https://www.pamesa.com/ERP/4.0/empresas/151/045/imagenes/t00010602/0028700374500.jpg
1;302;63;6606;0013020636606;SI;PVTO.;45x45 AT.PORTOFINO BCO.BRILLO;A;SI;SI;13.5000;RED01;NO ENCAJAR;PAMESA;F/52/07;;;;M2;7;1.42;52;73.84;26.00;1,372.00;120.00;80.00;105.00;;;14/09/2020;PAMESA;SERIE ATRIUM;PAVIMENTO PASTA ROJA;0013020636606;;RED BODY;PORTOFINO PASTA ROJA;MARMOL;;PAVIMENTO;;BASE;BRILLO;VARIACION MODERADA;;NO;;12;PEI IV;CLASE 0;;;GRUPO BIa;GL Esmaltado;;;NO;;1100-1900 N - 30-40 N/mm2;1;001.302.0063.06606;9,3x120 C.M2;CATLOGO PAMESA;;;45;45;9,5;2025;45x45;AT.PORTOFINO;BCO.BRILLO;https://www.pamesa.com/ERP/4.0/empresas/151/045/imagenes/t00010602/0013020636606.jpg
1;302;706;6606;0013027066606;SI;PVTO.;45x45 AT.PORTOFINO GOLD BRILLO;A;SI;SI;13.5000;RED01;ATRIUM;PAMESA;F/52/07;;;0100211000;M2;7;1.42;52;73.84;26.00;1,372.00;120.00;80.00;105.00;;;14/11/2022;PAMESA;SERIE ATRIUM;PAVIMENTO PASTA ROJA;0013027066606;;RED BODY;PORTOFINO PASTA ROJA;MARMOL;;PAVIMENTO;;BASE;BRILLO;VARIACION MODERADA;;NO;;;PEI IV;CLASE 0;;;GRUPO BIa;GL Esmaltado;;;NO;;1100-1900 N - 30-40 N/mm2;1;001.302.0706.06606;7X28 C.G.;CATLOGO PAMESA;;;45;45;9,5;2025;45x45;AT.PORTOFINO;GOLD BRILLO;https://www.pamesa.com/ERP/4.0/empresas/151/045/imagenes/t00010602/0013027066606.jpg
1;302;63;1269;0013020033796;SI;PVTO.;45x45 PORTOFINO BCO.BRILLO;A;SI;SI;0.0000;RED01;PAMESA;PAMESA;F/52/07;8429991575779;;8429991773267;M2;7;1.42;52;73.84;26.00;1,372.00;120.00;80.00;105.00;;;08/07/2025;PAMESA;PAMESA;PAVIMENTO PASTA ROJA;0013020033796;;RED BODY;PORTOFINO PASTA ROJA;MARMOL;;PAVIMENTO;BASE;BASE;BRILLO;VARIACION MODERADA;;NO;;;;CLASE 0;;;GRUPO BIIa;GL Esmaltado;;;NO;;1100-1900 N - 30-40 N/mm2;1;001.302.0063.01269;9,3x120 C.M2;CATLOGO PAMESA;;;45;45;9,5;2025;45x45;PORTOFINO;BCO.BRILLO;https://www.pamesa.com/ERP/4.0/empresas/151/045/imagenes/t00010602/0013020033796.jpg
1;302;706;1269;0013020033797;SI;PVTO.;45x45 PORTOFINO GOLD BRILLO;A;SI;SI;0.0000;RED01;PAMESA;PAMESA;F/52/07;8429991783006;;8429991773267;M2;7;1.42;52;73.84;26.00;1,372.00;120.00;80.00;105.00;;;08/07/2025;PAMESA;PAMESA;PAVIMENTO PASTA ROJA;0013020033797;;RED BODY;PORTOFINO PASTA ROJA;MARMOL;;PAVIMENTO;BASE;BASE;BRILLO;VARIACION MODERADA;;NO;;;;CLASE 0;;;GRUPO BIIa;GL Esmaltado;;;NO;;1100-1900 N - 30-40 N/mm2;1;001.302.0706.01269;7X28 C.G.;CATLOGO PAMESA;;;45;45;9,5;2025;45x45;PORTOFINO;GOLD BRILLO;https://www.pamesa.com/ERP/4.0/empresas/151/045/imagenes/t00010602/0013020033797.jpg
1;302;12;13453;0013020019879;SI;PVTO.;45x45 PORTOFINO MATE BLANCO;A;SI;SI;13.5000;RED01;PAMESA;PAMESA;F/52/07;8429991834012;;8429991773267;M2;7;1.42;52;73.84;26.00;1,372.00;120.00;80.00;105.00;;;22/06/2023;PAMESA;SERIE ATRIUM;PAVIMENTO PASTA ROJA;0013020019879;;RED BODY;PORTOFINO PASTA ROJA;MARMOL;;PAVIMENTO;BASE;BASE;MATE;VARIACION MODERADA;;NO;;;PEI IV;SIN CLASE;;;GRUPO BIIa;GL Esmaltado;;;NO;;1100-1900 N - 30-40 N/mm2;1;001.302.0012.13453;17X52;CATLOGO PAMESA;;;45;45;9,5;2025;45x45;PORTOFINO MATE;BLANCO;https://www.pamesa.com/ERP/4.0/empresas/151/045/imagenes/t00010602/0013020019879.jpg
1;302;189;13453;0013020019880;SI;PVTO.;45x45 PORTOFINO MATE GOLD;A;SI;SI;13.5000;RED01;PAMESA;PAMESA;F/52/07;8429991834029;;8429991773267;M2;7;1.42;52;73.84;26.00;1,372.00;120.00;80.00;105.00;;;22/06/2023;PAMESA;SERIE ATRIUM;PAVIMENTO PASTA ROJA;0013020019880;;RED BODY;PORTOFINO PASTA ROJA;MARMOL;;PAVIMENTO;BASE;BASE;MATE;VARIACION MODERADA;;NO;;;PEI IV;SIN CLASE;;;GRUPO BIIa;GL Esmaltado;;;NO;;1100-1900 N - 30-40 N/mm2;1;001.302.0189.13453;30X30 (5)MALLA;CATLOGO PAMESA;;;45;45;9,5;2025;45x45;PORTOFINO MATE;GOLD;https://www.pamesa.com/ERP/4.0/empresas/151/045/imagenes/t00010602/0013020019880.jpg
2;870;63;6606;0028700636606;SI;RVTO.;33,3x55 AT.PORTOFINO BCO.BRILLO;A;SI;SI;14.0000;RED14;NO ENCAJAR;PAMESA;F/48/10;;;;M2;10;1.84;48;88.32;28.00;1,364.00;120.00;80.00;115.00;3;8.80;14/09/2020;ATRIUM;SERIE ATRIUM;REVESTIMIENTO PASTA ROJA;0028700636606;;RED BODY;PORTOFINO PASTA ROJA;MARMOL;;REVESTIMIENTO;;BASE;BRILLO;VARIACION MODERADA;;NO;;12;;SIN CLASE;;;GRUPO BIII;GL Esmaltado;;;NO;;600-900 N - 15-25 N/mm2;3;002.870.0063.06606;60X120 RF;CATLOGO PAMESA;;;33,3;55;8,8;1831,5;33,3x55;AT.PORTOFINO;BCO.BRILLO;https://www.pamesa.com/ERP/4.0/empresas/151/045/imagenes/t00010602/0028700636606.jpg
2;870;706;6606;0028707066606;SI;RVTO.;33,3x55 AT.PORTOFINO GOLD BRILLO;A;SI;SI;14.0000;RED14;NO ENCAJAR;PAMESA;F/48/10;;;;M2;10;1.84;48;88.32;28.00;1,364.00;120.00;80.00;115.00;3;8.80;14/11/2022;ATRIUM;SERIE ATRIUM;REVESTIMIENTO PASTA ROJA;0028707066606;;RED BODY;PORTOFINO PASTA ROJA;MARMOL;;REVESTIMIENTO;;BASE;BRILLO;VARIACION MODERADA;;NO;;;;SIN CLASE;;;GRUPO BIII;GL Esmaltado;;;NO;;600-900 N - 15-25 N/mm2;3;002.870.0706.06606;60X120 RF;CATLOGO PAMESA;;;33,3;55;8,8;1831,5;33,3x55;AT.PORTOFINO;GOLD BRILLO;https://www.pamesa.com/ERP/4.0/empresas/151/045/imagenes/t00010602/0028707066606.jpg
2;870;63;1269;0028700033798;SI;RVTO.;33,3x55 PORTOFINO BCO.BRILLO;A;SI;SI;0.0000;RED14;PAMESA;PAMESA;F/48/10;8429991575731;;8429991773281;M2;10;1.84;48;88.32;28.00;1,364.00;120.00;80.00;115.00;3;8.80;08/07/2025;PAMESA;PAMESA;REVESTIMIENTO PASTA ROJA;0028700033798;;RED BODY;PORTOFINO PASTA ROJA;MARMOL;;REVESTIMIENTO;;;BRILLO;VARIACION LEVE;;NO;;;;SIN CLASE;;;GRUPO BIII;GL Esmaltado;;;NO;;600-900 N - 15-25 N/mm2;1;002.870.0063.01269;60X120 RF;CATLOGO PAMESA;;;33,3;55;8,8;1831,5;33,3x55;PORTOFINO;BCO.BRILLO;https://www.pamesa.com/ERP/4.0/empresas/151/045/imagenes/t00010602/0028700033798.jpg
2;870;706;1269;0028700033799;SI;RVTO.;33,3x55 PORTOFINO GOLD BRILLO;A;SI;SI;0.0000;RED14;PAMESA;PAMESA;F/48/10;8429991783020;;8429991773281;M2;10;1.84;48;88.32;28.00;1,364.00;120.00;80.00;115.00;3;8.80;08/07/2025;PAMESA;PAMESA;REVESTIMIENTO PASTA ROJA;0028700033799;;RED BODY;PORTOFINO PASTA ROJA;MARMOL;;REVESTIMIENTO;;;BRILLO;VARIACION LEVE;;NO;;;;SIN CLASE;;;GRUPO BIII;GL Esmaltado;;;NO;;600-900 N - 15-25 N/mm2;1;002.870.0706.01269;120X120;CATLOGO PAMESA;;;33,3;55;8,8;1831,5;33,3x55;PORTOFINO;GOLD BRILLO;https://www.pamesa.com/ERP/4.0/empresas/151/045/imagenes/t00010602/0028700033799.jpg
2;870;12;13453;0028700019879;SI;RVTO.;33,3x55 PORTOFINO MATE BLANCO;A;SI;SI;14.0000;RED14;PAMESA;PAMESA;F/48/10;8429991822996;;8429991773281;M2;10;1.84;48;88.32;28.00;1,364.00;120.00;80.00;115.00;3;8.80;11/05/2023;ATRIUM;SERIE ATRIUM;REVESTIMIENTO PASTA ROJA;0028700019879;;RED BODY;PORTOFINO PASTA ROJA;MARMOL;;REVESTIMIENTO;BASE;BASE;MATE;VARIACION MODERADA;;NO;;;;SIN CLASE;;;GRUPO BIII;GL Esmaltado;;;NO;;600-900 N - 15-25 N/mm2;3;002.870.0012.13453;30x30(7)Malla;CATLOGO PAMESA;;;33,3;55;8,8;1831,5;33,3x55;PORTOFINO MATE;BLANCO;https://www.pamesa.com/ERP/4.0/empresas/151/045/imagenes/t00010602/0028700019879.jpg
2;870;189;13453;0028700019880;SI;RVTO.;33,3x55 PORTOFINO MATE GOLD;A;SI;SI;14.0000;RED14;PAMESA;PAMESA;F/48/10;8429991823016;;8429991773281;M2;10;1.84;48;88.32;28.00;1,364.00;120.00;80.00;115.00;3;8.80;11/05/2023;ATRIUM;SERIE ATRIUM;REVESTIMIENTO PASTA ROJA;0028700019880;;RED BODY;PORTOFINO PASTA ROJA;MARMOL;;REVESTIMIENTO;BASE;BASE;MATE;VARIACION MODERADA;;NO;;;;SIN CLASE;;;GRUPO BIII;GL Esmaltado;;;NO;;600-900 N - 15-25 N/mm2;3;002.870.0189.13453;60X60;CATLOGO PAMESA;;;33,3;55;8,8;1831,5;33,3x55;PORTOFINO MATE;GOLD;https://www.pamesa.com/ERP/4.0/empresas/151/045/imagenes/t00010602/0028700019880.jpg
2;870;63;6096;0028700636096;SI;RVTO.;33,3x55 RLV.PORTOFINO BCO.BRILLO;A;SI;SI;14.7500;RED13;PAMESA;PAMESA;F/48/10;8429991575748;;8429991773281;M2;10;1.84;48;88.32;28.00;1,364.00;120.00;80.00;115.00;3;8.80;14/09/2020;ATRIUM;SERIE ATRIUM;REVESTIMIENTO PASTA ROJA;0028700636096;;RED BODY;PORTOFINO PASTA ROJA;MARMOL;;REVESTIMIENTO;BASE;BASE;BRILLO;VARIACION MODERADA;;SI;;12;;SIN CLASE;;;GRUPO BIII;GL Esmaltado;;;NO;;600-900 N - 15-25 N/mm2;3;002.870.0063.06096;60X120 RF;CATLOGO PAMESA;;;33,3;55;8,8;1831,5;33,3x55;RLV.PORTOFINO;BCO.BRILLO;https://www.pamesa.com/ERP/4.0/empresas/151/045/imagenes/t00010602/0028700636096.jpg
2;870;706;6096;0028707066096;SI;RVTO.;33,3x55 RLV.PORTOFINO GOLD BRILLO;A;SI;SI;14.7500;RED13;PAMESA;PAMESA;F/48/10;8429991783013;;8429991773281;M2;10;1.84;48;88.32;28.00;1,364.00;120.00;80.00;115.00;3;8.80;14/11/2022;ATRIUM;SERIE ATRIUM;REVESTIMIENTO PASTA ROJA;0028707066096;;RED BODY;PORTOFINO PASTA ROJA;MARMOL;;REVESTIMIENTO;BASE;BASE;BRILLO;VARIACION MODERADA;;SI;;;;SIN CLASE;;;GRUPO BIII;GL Esmaltado;;;NO;;600-900 N - 15-25 N/mm2;3;002.870.0706.06096;120X120;CATLOGO PAMESA;;;33,3;55;8,8;1831,5;33,3x55;RLV.PORTOFINO;GOLD BRILLO;https://www.pamesa.com/ERP/4.0/empresas/151/045/imagenes/t00010602/0028707066096.jpg
2;870;12;13564;0028700020356;SI;RVTO.;33,3x55 RLV.PORTOFINO MATE BLANCO;A;SI;SI;14.7500;RED13;PAMESA;PAMESA;F/48/10;8429991832063;;8429991773281;M2;10;1.84;48;88.32;28.00;1,364.00;120.00;80.00;115.00;3;8.80;16/06/2023;ATRIUM;SERIE ATRIUM;REVESTIMIENTO PASTA ROJA;0028700020356;;RED BODY;PORTOFINO PASTA ROJA;MARMOL;;REVESTIMIENTO;DECORADO;RLV DECORADO;MATE;VARIACION MODERADA;;SI;;;;SIN CLASE;;;GRUPO BIII;GL Esmaltado;;;NO;;600-900 N - 15-25 N/mm2;3;002.870.0012.13564;120X120;CATLOGO PAMESA;;;33,3;55;8,8;1831,5;33,3x55;RLV.PORTOFINO MATE;BLANCO;https://www.pamesa.com/ERP/4.0/empresas/151/045/imagenes/t00010602/0028700020356.jpg
2;870;189;13564;0028700020357;SI;RVTO.;33,3x55 RLV.PORTOFINO MATE GOLD;A;SI;SI;14.7500;RED13;PAMESA;PAMESA;F/48/10;8429991832070;;8429991773281;M2;10;1.84;48;88.32;28.00;1,364.00;120.00;80.00;115.00;3;8.80;16/06/2023;ATRIUM;SERIE ATRIUM;REVESTIMIENTO PASTA ROJA;0028700020357;;RED BODY;PORTOFINO PASTA ROJA;MARMOL;;REVESTIMIENTO;DECORADO;RLV DECORADO;MATE;VARIACION MODERADA;;SI;;;;SIN CLASE;;;GRUPO BIII;GL Esmaltado;;;NO;;600-900 N - 15-25 N/mm2;3;002.870.0189.13564;30X60 (C);CATLOGO PAMESA;;;33,3;55;8,8;1831,5;33,3x55;RLV.PORTOFINO MATE;GOLD;https://www.pamesa.com/ERP/4.0/empresas/151/045/imagenes/t00010602/0028700020357.jpg
2;870;63;6610;0028700636610;SI;RVTO.;33,3x55 RIMINI BCO.BRILLO;A;SI;SI;14.0000;RED14;PAMESA;PAMESA;F/48/10;8429991575717;;8429991773281;M2;10;1.84;48;88.32;28.00;1,364.00;120.00;80.00;115.00;3;8.80;14/09/2020;ATRIUM;SERIE ATRIUM;REVESTIMIENTO PASTA ROJA;0028700636610;;RED BODY;RIMINI PASTA ROJA;MARMOL;;REVESTIMIENTO;BASE;BASE;BRILLO;VARIACION MODERADA;;NO;;12;;SIN CLASE;;;GRUPO BIII;GL Esmaltado;;;NO;;600-900 N - 15-25 N/mm2;3;002.870.0063.06610;60X60;CATLOGO PAMESA;;;33,3;55;8,8;1831,5;33,3x55;RIMINI;BCO.BRILLO;https://www.pamesa.com/ERP/4.0/empresas/151/045/imagenes/t00010602/0028700636610.jpg
2;870;63;6095;0028700636095;SI;RVTO.;33,3x55 RLV.RIMINI BCO.BRILLO;A;SI;SI;14.7500;RED13;PAMESA;PAMESA;F/48/10;8429991575724;;8429991773281;M2;10;1.84;48;88.32;28.00;1,364.00;120.00;80.00;115.00;3;8.80;14/09/2020;ATRIUM;SERIE ATRIUM;REVESTIMIENTO PASTA ROJA;0028700636095;;RED BODY;RIMINI PASTA ROJA;MARMOL;;REVESTIMIENTO;DECORADO;RLV DECORADO;BRILLO;VARIACION MODERADA;;SI;;4;;SIN CLASE;;;GRUPO BIII;GL Esmaltado;;;NO;;600-900 N - 15-25 N/mm2;3;002.870.0063.06095;60X120 RF;CATLOGO PAMESA;;;33,3;55;8,8;1831,5;33,3x55;RLV.RIMINI;BCO.BRILLO;https://www.pamesa.com/ERP/4.0/empresas/151/045/imagenes/t00010602/0028700636095.jpg
2;185;12;4079;0021850124079;SI;RVTO.;25x70 AT.MATE BLANCO;A;SI;SI;14.5000;RED08;ATRIUM;PAMESA;S/64/09;;;8429991773397;M2;9;1.58;64;101.12;24.64;1,596.96;110.00;110.00;114.00;3;8.50;17/11/2014;ATRIUM;SERIE ATRIUM;REVESTIMIENTO PASTA ROJA;0021850124079;;RED BODY;RLV.VIGGO;;;REVESTIMIENTO;;BASE;MATE;ASPECTO UNIFORME;NO;NO;;;;SIN CLASE;;;GRUPO BIII;GL Esmaltado;;;NO;;600-900 N - 15-25 N/mm2;3;002.185.0012.04079;22,3X22,3;CATLOGO PAMESA;;;25;70;8,5;1750;25x70;AT.MATE;BLANCO;https://www.pamesa.com/ERP/4.0/empresas/151/045/imagenes/t00010602/0021850124079.jpg
2;185;12;4078;0021850124078;SI;RVTO.;25x70 BRILLO BLANCO;A;SI;SI;14.5000;RED08;PAMESA;PAMESA;S/64/09;8429991078614;;8429991773281;M2;9;1.58;64;101.12;24.64;1,596.96;110.00;110.00;114.00;3;8.50;17/11/2014;ATRIUM;SERIE ATRIUM;REVESTIMIENTO PASTA ROJA;0021850124078;;RED BODY;RLV.VIGGO;;;REVESTIMIENTO;BASE;BASE;BRILLO;ASPECTO UNIFORME;NO;NO;;;;SIN CLASE;;;GRUPO BIII;GL Esmaltado;;;NO;;600-900 N - 15-25 N/mm2;3;002.185.0012.04078;22,3X22,3;CATLOGO PAMESA;;;25;70;8,5;1750;25x70;BRILLO;BLANCO;https://www.pamesa.com/ERP/4.0/empresas/151/045/imagenes/t00010602/0021850124078.jpg
2;185;63;3693;0021850633693;SI;RVTO.;25x70 RLV.DUNA BCO.BRILLO;A;SI;SI;14.5000;RED07;PAMESA;PAMESA;S/64/09;8429991288211;;8429991773281;M2;9;1.58;64;101.12;24.64;1,596.96;110.00;110.00;114.00;3;8.50;25/11/2016;ATRIUM;SERIE ATRIUM;REVESTIMIENTO PASTA ROJA;0021850633693;;RED BODY;RLV.VIGGO;RELIEVES NO USAR;;REVESTIMIENTO;DECORADO;RLV DECORADO;BRILLO;ASPECTO UNIFORME;NO;SI;;;;SIN CLASE;;;GRUPO BIII;GL Esmaltado;;;NO;;600-900 N - 15-25 N/mm2;3;002.185.0063.03693;7X28 C.G.;CATLOGO PAMESA;;;25;70;8,5;1750;25x70;RLV.DUNA;BCO.BRILLO;https://www.pamesa.com/ERP/4.0/empresas/151/045/imagenes/t00010602/0021850633693.jpg
2;185;174;3693;0021851743693;SI;RVTO.;25x70 RLV.DUNA BCO.MATE;A;SI;SI;14.5000;RED07;PAMESA;PAMESA;S/64/09;8429991288228;;8429991773281;M2;9;1.58;64;101.12;24.64;1,596.96;110.00;110.00;114.00;3;8.50;25/11/2016;ATRIUM;SERIE ATRIUM;REVESTIMIENTO PASTA ROJA;0021851743693;;RED BODY;RLV.VIGGO;RELIEVES NO USAR;;REVESTIMIENTO;DECORADO;RLV DECORADO;MATE;ASPECTO UNIFORME;NO;SI;;;;SIN CLASE;;;GRUPO BIII;GL Esmaltado;;;NO;;600-900 N - 15-25 N/mm2;3;002.185.0174.03693;7X28 C.G.;CATLOGO PAMESA;;;25;70;8,5;1750;25x70;RLV.DUNA;BCO.MATE;https://www.pamesa.com/ERP/4.0/empresas/151/045/imagenes/t00010602/0021851743693.jpg
2;870;2;14596;0028700023380;SI;RVTO.;33,3x55 RLV.ROCKSTONE GRIS;A;SI;SI;14.7500;RED13;PAMESA;PAMESA;F/48/10;8429991935900;;8429991773281;M2;10;1.84;48;88.32;28.00;1,364.00;120.00;80.00;115.00;3;8.80;31/05/2024;PAMESA;PAMESA;REVESTIMIENTO PASTA ROJA;0028700023380;;RED BODY;ROCKSTONE;PIEDRA;;REVESTIMIENTO;BASE;RLV DECORADO;MATE;VARIACION LEVE;;SI;NO;;;SIN CLASE;;;GRUPO BIII;GL Esmaltado;;;NO;;600-900 N - 15-25 N/mm2;1;002.870.0002.14596;75x150;CATLOGO PAMESA;;;33,3;55;8,8;1831,5;33,3x55;RLV.ROCKSTONE;GRIS;https://www.pamesa.com/ERP/4.0/empresas/151/045/imagenes/t00010602/0028700023380.jpg
2;870;33;14596;0028700023381;SI;RVTO.;33,3x55 RLV.ROCKSTONE MARFIL;A;SI;SI;14.7500;RED13;PAMESA;PAMESA;F/48/10;8429991935887;;8429991773281;M2;10;1.84;48;88.32;28.00;1,364.00;120.00;80.00;115.00;3;8.80;31/05/2024;PAMESA;PAMESA;REVESTIMIENTO PASTA ROJA;0028700023381;;RED BODY;ROCKSTONE;PIEDRA;;REVESTIMIENTO;BASE;RLV DECORADO;MATE;VARIACION LEVE;;SI;NO;;;SIN CLASE;;;GRUPO BIII;GL Esmaltado;;;NO;;600-900 N - 15-25 N/mm2;1;002.870.0033.14596;60X60;CATLOGO PAMESA;;;33,3;55;8,8;1831,5;33,3x55;RLV.ROCKSTONE;MARFIL;https://www.pamesa.com/ERP/4.0/empresas/151/045/imagenes/t00010602/0028700023381.jpg
2;870;108;14596;0028700023382;SI;RVTO.;33,3x55 RLV.ROCKSTONE WHITE;A;SI;SI;14.7500;RED13;PAMESA;PAMESA;F/48/10;8429991935894;;8429991773281;M2;10;1.84;48;88.32;28.00;1,364.00;120.00;80.00;115.00;3;8.80;31/05/2024;PAMESA;PAMESA;REVESTIMIENTO PASTA ROJA;0028700023382;;RED BODY;ROCKSTONE;PIEDRA;;REVESTIMIENTO;BASE;RLV DECORADO;MATE;VARIACION LEVE;;SI;NO;;;SIN CLASE;;;GRUPO BIII;GL Esmaltado;;;NO;;600-900 N - 15-25 N/mm2;1;002.870.0108.14596;120X280(6MM);CATLOGO PAMESA;;;33,3;55;8,8;1831,5;33,3x55;RLV.ROCKSTONE;WHITE;https://www.pamesa.com/ERP/4.0/empresas/151/045/imagenes/t00010602/0028700023382.jpg
2;870;2;14595;0028700023377;SI;RVTO.;33,3x55 ROCKSTONE GRIS;A;SI;SI;14.0000;RED14;PAMESA;PAMESA;F/48/10;8429991935863;;8429991773281;M2;10;1.84;48;88.32;28.00;1,364.00;120.00;80.00;115.00;3;8.80;31/05/2024;PAMESA;PAMESA;REVESTIMIENTO PASTA ROJA;0028700023377;;RED BODY;ROCKSTONE;PIEDRA;;REVESTIMIENTO;BASE;BASE;MATE;VARIACION LEVE;;NO;NO;;;SIN CLASE;;;GRUPO BIII;GL Esmaltado;;;NO;;600-900 N - 15-25 N/mm2;1;002.870.0002.14595;120X120;CATLOGO PAMESA;;;33,3;55;8,8;1831,5;33,3x55;ROCKSTONE;GRIS;https://www.pamesa.com/ERP/4.0/empresas/151/045/imagenes/t00010602/0028700023377.jpg
2;870;33;14595;0028700023376;SI;RVTO.;33,3x55 ROCKSTONE MARFIL;A;SI;SI;14.0000;RED14;PAMESA;PAMESA;F/48/10;8429991935856;;8429991773281;M2;10;1.84;48;88.32;28.00;1,364.00;120.00;80.00;115.00;3;8.80;31/05/2024;PAMESA;PAMESA;REVESTIMIENTO PASTA ROJA;0028700023376;;RED BODY;ROCKSTONE;PIEDRA;;REVESTIMIENTO;BASE;BASE;MATE;VARIACION LEVE;;NO;NO;;;SIN CLASE;;;GRUPO BIII;GL Esmaltado;;;NO;;600-900 N - 15-25 N/mm2;1;002.870.0033.14595;60X120 RF;CATLOGO PAMESA;;;33,3;55;8,8;1831,5;33,3x55;ROCKSTONE;MARFIL;https://www.pamesa.com/ERP/4.0/empresas/151/045/imagenes/t00010602/0028700023376.jpg
2;870;108;14595;0028700023379;SI;RVTO.;33,3x55 ROCKSTONE WHITE;A;SI;SI;14.0000;RED14;PAMESA;PAMESA;F/48/10;8429991935870;;8429991773281;M2;10;1.84;48;88.32;28.00;1,364.00;120.00;80.00;115.00;3;8.80;31/05/2024;PAMESA;PAMESA;REVESTIMIENTO PASTA ROJA;0028700023379;;RED BODY;ROCKSTONE;PIEDRA;;REVESTIMIENTO;BASE;BASE;MATE;VARIACION LEVE;;NO;NO;;;SIN CLASE;;;GRUPO BIII;GL Esmaltado;;;NO;;600-900 N - 15-25 N/mm2;1;002.870.0108.14595;120X280(6MM);CATLOGO PAMESA;;;33,3;55;8,8;1831,5;33,3x55;ROCKSTONE;WHITE;https://www.pamesa.com/ERP/4.0/empresas/151/045/imagenes/t00010602/0028700023379.jpg
2;185;2;5493;0021850025493;SI;RVTO.;25x70 RLV.THULE GRIS;A;SI;SI;14.5000;RED07;PAMESA;PAMESA;S/64/09;8429991488048;;8429991773281;M2;9;1.58;64;101.12;24.64;1,596.96;110.00;110.00;114.00;3;8.50;02/01/2020;ATRIUM;SERIE ATRIUM;REVESTIMIENTO PASTA ROJA;0021850025493;;RED BODY;THULE;PIEDRA;;REVESTIMIENTO;DECORADO;DECORADO;MATE;VARIACION LEVE;NO;SI;;4;;SIN CLASE;;;GRUPO BIII;GL Esmaltado;;;NO;;600-900 N - 15-25 N/mm2;3;002.185.0002.05493;22,3X22,3;CATLOGO PAMESA;;;25;70;8,5;1750;25x70;RLV.THULE;GRIS;https://www.pamesa.com/ERP/4.0/empresas/151/045/imagenes/t00010602/0021850025493.jpg
2;185;100;5493;0021851005493;SI;RVTO.;25x70 RLV.THULE MIX;A;SI;SI;14.5000;RED07;PAMESA;PAMESA;S/64/09;8429991488062;;8429991773281;M2;9;1.58;64;101.12;24.64;1,596.96;110.00;110.00;114.00;3;8.50;02/01/2020;ATRIUM;SERIE ATRIUM;REVESTIMIENTO PASTA ROJA;0021851005493;;RED BODY;THULE;PIEDRA;;REVESTIMIENTO;DECORADO;DECORADO;MATE;VARIACION LEVE;NO;SI;;4;;SIN CLASE;;;GRUPO BIII;GL Esmaltado;;;NO;;600-900 N - 15-25 N/mm2;3;002.185.0100.05493;7X28 C.G.;CATLOGO PAMESA;;;25;70;8,5;1750;25x70;RLV.THULE;MIX;https://www.pamesa.com/ERP/4.0/empresas/151/045/imagenes/t00010602/0021851005493.jpg
2;185;37;5493;0021850375493;SI;RVTO.;25x70 RLV.THULE PERLA;A;SI;SI;14.5000;RED07;PAMESA;PAMESA;S/64/09;8429991488031;;8429991773281;M2;9;1.58;64;101.12;24.64;1,596.96;110.00;110.00;114.00;3;8.50;02/01/2020;ATRIUM;SERIE ATRIUM;REVESTIMIENTO PASTA ROJA;0021850375493;;RED BODY;THULE;PIEDRA;;REVESTIMIENTO;DECORADO;DECORADO;MATE;VARIACION LEVE;NO;SI;;4;;SIN CLASE;;;GRUPO BIII;GL Esmaltado;;;NO;;600-900 N - 15-25 N/mm2;3;002.185.0037.05493;7,5X30 P.B.RVTO;CATLOGO PAMESA;;;25;70;8,5;1750;25x70;RLV.THULE;PERLA;https://www.pamesa.com/ERP/4.0/empresas/151/045/imagenes/t00010602/0021850375493.jpg
2;185;285;5493;0021852855493;SI;RVTO.;25x70 RLV.THULE TAUPE;A;SI;SI;14.5000;RED07;PAMESA;PAMESA;S/64/09;8429991488055;;8429991773281;M2;9;1.58;64;101.12;24.64;1,596.96;110.00;110.00;114.00;3;8.50;02/01/2020;ATRIUM;SERIE ATRIUM;REVESTIMIENTO PASTA ROJA;0021852855493;;RED BODY;THULE;PIEDRA;;REVESTIMIENTO;DECORADO;DECORADO;MATE;VARIACION LEVE;NO;SI;;4;;SIN CLASE;;;GRUPO BIII;GL Esmaltado;;;NO;;600-900 N - 15-25 N/mm2;3;002.185.0285.05493;6,5x20;CATLOGO PAMESA;;;25;70;8,5;1750;25x70;RLV.THULE;TAUPE;https://www.pamesa.com/ERP/4.0/empresas/151/045/imagenes/t00010602/0021852855493.jpg
2;185;17;5491;0021850175491;SI;RVTO.;25x70 THULE ARENA;A;SI;SI;14.5000;RED08;PAMESA;PAMESA;S/64/09;8429991488024;;8429991773281;M2;9;1.58;64;101.12;24.64;1,596.96;110.00;110.00;114.00;3;8.50;02/01/2020;ATRIUM;SERIE ATRIUM;REVESTIMIENTO PASTA ROJA;0021850175491;;RED BODY;THULE;PIEDRA;;REVESTIMIENTO;BASE;BASE;MATE;VARIACION LEVE;NO;SI;;11;;SIN CLASE;;;GRUPO BIII;GL Esmaltado;;;NO;;600-900 N - 15-25 N/mm2;3;002.185.0017.05491;33,3X33,3P.BCO;CATLOGO PAMESA;;;25;70;8,5;1750;25x70;THULE;ARENA;https://www.pamesa.com/ERP/4.0/empresas/151/045/imagenes/t00010602/0021850175491.jpg
2;185;12;5491;0021850125491;SI;RVTO.;25x70 THULE BLANCO;A;SI;SI;14.5000;RED08;PAMESA;PAMESA;S/64/09;8429991488000;;8429991773281;M2;9;1.58;64;101.12;24.64;1,596.96;110.00;110.00;114.00;3;8.50;02/01/2020;ATRIUM;SERIE ATRIUM;REVESTIMIENTO PASTA ROJA;0021850125491;;RED BODY;THULE;PIEDRA;;REVESTIMIENTO;BASE;BASE;MATE;VARIACION LEVE;NO;SI;;11;;SIN CLASE;;;GRUPO BIII;GL Esmaltado;;;NO;;600-900 N - 15-25 N/mm2;3;002.185.0012.05491;22,3X22,3;CATLOGO PAMESA;;;25;70;8,5;1750;25x70;THULE;BLANCO;https://www.pamesa.com/ERP/4.0/empresas/151/045/imagenes/t00010602/0021850125491.jpg
2;185;19;5491;0021850195491;SI;RVTO.;25x70 THULE CENIZA;A;SI;SI;14.5000;RED08;PAMESA;PAMESA;S/64/09;8429991488017;;8429991773281;M2;9;1.58;64;101.12;24.64;1,596.96;110.00;110.00;114.00;3;8.50;02/01/2020;ATRIUM;SERIE ATRIUM;REVESTIMIENTO PASTA ROJA;0021850195491;;RED BODY;THULE;PIEDRA;;REVESTIMIENTO;BASE;BASE;MATE;VARIACION LEVE;NO;SI;;11;;SIN CLASE;;;GRUPO BIII;GL Esmaltado;;;NO;;600-900 N - 15-25 N/mm2;3;002.185.0019.05491;7,5X30 P.B.RVTO;CATLOGO PAMESA;;;25;70;8,5;1750;25x70;THULE;CENIZA;https://www.pamesa.com/ERP/4.0/empresas/151/045/imagenes/t00010602/0021850195491.jpg
2;185;260;5487;0021852605487;SI;RVTO.;25x70 RLV.TIAD NEUTRO;A;SI;SI;14.5000;RED07;PAMESA;PAMESA;S/64/09;8429991487973;;8429991773281;M2;9;1.58;64;101.12;24.64;1,596.96;110.00;110.00;114.00;3;8.50;02/01/2020;ATRIUM;SERIE ATRIUM;REVESTIMIENTO PASTA ROJA;0021852605487;;RED BODY;TIAD;PIEDRA;;REVESTIMIENTO;BASE;BASE;MATE;VARIACION LEVE;NO;SI;;4;;SIN CLASE;;;GRUPO BIII;GL Esmaltado;;;NO;;600-900 N - 15-25 N/mm2;3;002.185.0260.05487;7,5X30 P.B.RVTO;CATLOGO PAMESA;;;25;70;8,5;1750;25x70;RLV.TIAD;NEUTRO;https://www.pamesa.com/ERP/4.0/empresas/151/045/imagenes/t00010602/0021852605487.jpg
2;185;37;5487;0021850375487;SI;RVTO.;25x70 RLV.TIAD PERLA;A;SI;SI;14.5000;RED07;PAMESA;PAMESA;S/64/09;8429991487966;;8429991773281;M2;9;1.58;64;101.12;24.64;1,596.96;110.00;110.00;114.00;3;8.50;02/01/2020;ATRIUM;SERIE ATRIUM;REVESTIMIENTO PASTA ROJA;0021850375487;;RED BODY;TIAD;PIEDRA;;REVESTIMIENTO;BASE;BASE;MATE;VARIACION LEVE;NO;SI;;4;;SIN CLASE;;;GRUPO BIII;GL Esmaltado;;;NO;;600-900 N - 15-25 N/mm2;3;002.185.0037.05487;7,5X30 P.B.RVTO;CATLOGO PAMESA;;;25;70;8,5;1750;25x70;RLV.TIAD;PERLA;https://www.pamesa.com/ERP/4.0/empresas/151/045/imagenes/t00010602/0021850375487.jpg
2;185;260;5486;0021852605486;SI;RVTO.;25x70 TIAD NEUTRO;A;SI;SI;14.5000;RED08;PAMESA;PAMESA;S/64/09;8429991487935;;8429991773281;M2;9;1.58;64;101.12;24.64;1,596.96;110.00;110.00;114.00;3;8.50;02/01/2020;ATRIUM;SERIE ATRIUM;REVESTIMIENTO PASTA ROJA;0021852605486;;RED BODY;TIAD;PIEDRA;;REVESTIMIENTO;BASE;BASE;MATE;VARIACION LEVE;NO;SI;;18;;SIN CLASE;;;GRUPO BIII;GL Esmaltado;;;NO;;600-900 N - 15-25 N/mm2;3;002.185.0260.05486;7,5X30 P.B.RVTO;CATLOGO PAMESA;;;25;70;8,5;1750;25x70;TIAD;NEUTRO;https://www.pamesa.com/ERP/4.0/empresas/151/045/imagenes/t00010602/0021852605486.jpg
2;185;37;5486;0021850375486;SI;RVTO.;25x70 TIAD PERLA;A;SI;SI;14.5000;RED08;PAMESA;PAMESA;S/64/09;8429991487928;;8429991773281;M2;9;1.58;64;101.12;24.64;1,596.96;110.00;110.00;114.00;3;8.50;02/01/2020;ATRIUM;SERIE ATRIUM;REVESTIMIENTO PASTA ROJA;0021850375486;;RED BODY;TIAD;PIEDRA;;REVESTIMIENTO;BASE;BASE;MATE;VARIACION LEVE;NO;SI;;18;;SIN CLASE;;;GRUPO BIII;GL Esmaltado;;;NO;;600-900 N - 15-25 N/mm2;3;002.185.0037.05486;7,5X30 P.B.RVTO;CATLOGO PAMESA;;;25;70;8,5;1750;25x70;TIAD;PERLA;https://www.pamesa.com/ERP/4.0/empresas/151/045/imagenes/t00010602/0021850375486.jpg
1;302;46;2653;0013020462653;SI;PVTO.;45x45 TOVAR COTO;A;SI;SI;14.0000;RED01;PAMESA;PAMESA;F/52/07;8429991139315;;8429991773267;M2;7;1.42;52;73.84;26.00;1,372.00;120.00;80.00;105.00;;;07/06/2012;PAMESA;PAMESA;PAVIMENTO PASTA ROJA;0013020462653;;RED BODY;TOVAR;BARRO;;PAVIMENTO;BASE;BASE;MATE;VARIACION ALTA;;SI;;8;PEI IV;CLASE 1;R9;;GRUPO BIIa;GL Esmaltado;65 Low;;NO;0.45;1100-1900 N - 30-40 N/mm2;1;001.302.0046.02653;17X52(n);CATLOGO PAMESA;;;45;45;9,5;2025;45x45;TOVAR;COTO;https://www.pamesa.com/ERP/4.0/empresas/151/045/imagenes/t00010602/0013020462653.jpg
2;655;12;5036;0026550125036;SI;RVTO.;31,6x60 ALASKA BLANCO;A;SI;SI;15.7500;RED12;PAMESA;PAMESA;F/48/08;8429991901288;;8429991773281;M2;8;1.52;48;72.96;26.00;1,268.00;120.00;80.00;109.00;3;9.50;10/01/2008;PAMESA;PAMESA;REVESTIMIENTO PASTA ROJA;0026550125036;;RED BODY;WHITES-ALASKA-TORONTO;BASICO;;REVESTIMIENTO;BASE;BASE;BRILLO;ASPECTO UNIFORME;;NO;;;;SIN CLASE;;;GRUPO BIII;GL Esmaltado;;;NO;;600-900 N - 15-25 N/mm2;1;002.655.0012.05036;6,5x20;CATLOGO PAMESA;;;31,6;60;9,5;1896;31,6x60;ALASKA;BLANCO;https://www.pamesa.com/ERP/4.0/empresas/151/045/imagenes/t00010602/0026550125036.jpg
2;655;12;5037;0026550125037;SI;RVTO.;31,6x60 TORONTO BLANCO;A;SI;SI;15.7500;RED12;PAMESA;PAMESA;F/48/08;8429991901257;;8429991773281;M2;8;1.52;48;72.96;26.00;1,268.00;120.00;80.00;109.00;3;9.50;10/01/2008;PAMESA;PAMESA;REVESTIMIENTO PASTA ROJA;0026550125037;;RED BODY;WHITES-ALASKA-TORONTO;BASICO;;REVESTIMIENTO;BASE;BASE;MATE;ASPECTO UNIFORME;;NO;;;;SIN CLASE;;;GRUPO BIII;GL Esmaltado;;;NO;;600-900 N - 15-25 N/mm2;1;002.655.0012.05037;7,5X30 P.B.RVTO;CATLOGO PAMESA;;;31,6;60;9,5;1896;31,6x60;TORONTO;BLANCO;https://www.pamesa.com/ERP/4.0/empresas/151/045/imagenes/t00010602/0026550125037.jpg
71;869;151;10476;0718690011301;SI;ABS SEMIPUL.;60x120 ALLOY AZZURRO;A;SI;SI;37.5000;SOL28;PAMESA;PAMESA;L/32/02;8429991694654;;8429991773199;M2;2;1.44;32;46.08;34.25;1,121.00;122.00;84.00;75.00;;10.50;22/12/2021;PAMESA;PAMESA;GRES PORCELNICO;0718690011301;;SOLID;ALLOY;METAL;;POLIVALENTE;BASE;BASE;LAPATTO;VARIACION ALTA;;NO;;13;;CLASE 0;;;GRUPO BIa;GL Esmaltado;;;NO;;1600-2400 N - 35-45 N/mm2;1;071.869.0151.10476;20X75;CATLOGO PAMESA;;;60;120;10,5;7200;60x120;ALLOY;AZZURRO;https://www.pamesa.com/ERP/4.0/empresas/151/045/imagenes/t00010602/0718690011301.jpg
71;869;298;10476;0718690011308;SI;ABS SEMIPUL.;60x120 ALLOY COAL;A;SI;SI;37.5000;SOL28;PAMESA;PAMESA;L/32/02;8429991694692;;8429991773199;M2;2;1.44;32;46.08;34.25;1,121.00;122.00;84.00;75.00;;10.50;22/12/2021;PAMESA;PAMESA;GRES PORCELNICO;0718690011308;;SOLID;ALLOY;METAL;;POLIVALENTE;BASE;BASE;LAPATTO;VARIACION ALTA;;NO;;13;;;;;GRUPO BIa;GL Esmaltado;;;;;1600-2400 N - 35-45 N/mm2;1;071.869.0298.10476;60X120(n);CATLOGO PAMESA;;;60;120;10,5;7200;60x120;ALLOY;COAL;https://www.pamesa.com/ERP/4.0/empresas/151/045/imagenes/t00010602/0718690011308.jpg
71;869;287;10476;0718690011300;SI;ABS SEMIPUL.;60x120 ALLOY COPPER;A;SI;SI;37.5000;SOL28;PAMESA;PAMESA;L/32/02;8429991694685;;8429991773199;M2;2;1.44;32;46.08;34.25;1,121.00;122.00;84.00;75.00;;10.50;22/12/2021;PAMESA;PAMESA;GRES PORCELNICO;0718690011300;;SOLID;ALLOY;METAL;;POLIVALENTE;BASE;BASE;LAPATTO;VARIACION ALTA;;NO;;13;;;;;GRUPO BIa;GL Esmaltado;;;;;1600-2400 N - 35-45 N/mm2;1;071.869.0287.10476;60X120(n);CATLOGO PAMESA;;;60;120;10,5;7200;60x120;ALLOY;COPPER;https://www.pamesa.com/ERP/4.0/empresas/151/045/imagenes/t00010602/0718690011300.jpg
71;869;161;10476;0718690011307;SI;ABS SEMIPUL.;60x120 ALLOY GREY;A;SI;SI;37.5000;SOL28;PAMESA;PAMESA;L/32/02;8429991694661;;8429991773199;M2;2;1.44;32;46.08;34.25;1,121.00;122.00;84.00;75.00;;10.50;22/12/2021;PAMESA;PAMESA;GRES PORCELNICO;0718690011307;;SOLID;ALLOY;METAL;;POLIVALENTE;BASE;BASE;LAPATTO;VARIACION ALTA;;NO;;13;;;;;GRUPO BIa;GL Esmaltado;;;;;1600-2400 N - 35-45 N/mm2;1;071.869.0161.10476;60X120(n);CATLOGO PAMESA;;;60;120;10,5;7200;60x120;ALLOY;GREY;https://www.pamesa.com/ERP/4.0/empresas/151/045/imagenes/t00010602/0718690011307.jpg
71;869;824;10476;0718690011299;SI;ABS SEMIPUL.;60x120 ALLOY MINT;A;SI;SI;37.5000;SOL28;PAMESA;PAMESA;L/32/02;8429991694708;;8429991773199;M2;2;1.44;32;46.08;34.25;1,121.00;122.00;84.00;75.00;;10.50;22/12/2021;PAMESA;PAMESA;GRES PORCELNICO;0718690011299;;SOLID;ALLOY;METAL;;POLIVALENTE;BASE;BASE;LAPATTO;VARIACION ALTA;;NO;;13;;;;;GRUPO BIa;GL Esmaltado;;;;;1600-2400 N - 35-45 N/mm2;1;071.869.0824.10476;60X120(n);CATLOGO PAMESA;;;60;120;10,5;7200;60x120;ALLOY;MINT;https://www.pamesa.com/ERP/4.0/empresas/151/045/imagenes/t00010602/0718690011299.jpg
71;869;169;10476;0718690011302;SI;ABS SEMIPUL.;60x120 ALLOY PEARL;A;SI;SI;37.5000;SOL28;PAMESA;PAMESA;L/32/02;8429991694678;;8429991773199;M2;2;1.44;32;46.08;34.25;1,121.00;122.00;84.00;75.00;;10.50;22/12/2021;PAMESA;PAMESA;GRES PORCELNICO;0718690011302;;SOLID;ALLOY;METAL;;POLIVALENTE;BASE;BASE;LAPATTO;VARIACION ALTA;;NO;;13;;;;;GRUPO BIa;GL Esmaltado;;;;;1600-2400 N - 35-45 N/mm2;1;071.869.0169.10476;60X120(n);CATLOGO PAMESA;;;60;120;10,5;7200;60x120;ALLOY;PEARL;https://www.pamesa.com/ERP/4.0/empresas/151/045/imagenes/t00010602/0718690011302.jpg
17;250;151;15040;0172500024837;SI;REC.GLASS;60x120(n) ALLOY M AZZURRO;A;SI;SI;0.0000;SOL25;PAMESA;PAMESA;L/36/02 RF;8429991987343;;8429991773199;M2;2;1.44;36;51.84;28.62;1,055.32;122.00;84.00;73.50;;;31/12/2024;PAMESA;PAMESA;GRES PORCELNICO;0172500024837;;SOLID;ALLOY;METAL;;POLIVALENTE;BASE;BASE;MATE RECTIFICADO;VARIACION ALTA;;NO;;;;;R10;B;GRUPO BIa;GL Esmaltado;;36 Low;NO;;1600-2400 N - 35-45 N/mm2;1;017.250.0151.15040;60X120(n);CATLOGO PAMESA;;;60;120;9;7200;60x120;ALLOY M;AZZURRO;https://www.pamesa.com/ERP/4.0/empresas/151/045/imagenes/t00010602/0172500024837.jpg
17;250;298;15040;0172500024841;SI;REC.GLASS;60x120(n) ALLOY M COAL;A;SI;SI;0.0000;SOL25;PAMESA;PAMESA;L/36/02 RF;8429991987374;;8429991773199;M2;2;1.44;36;51.84;28.62;1,055.32;122.00;84.00;73.50;;;31/12/2024;PAMESA;PAMESA;GRES PORCELNICO;0172500024841;;SOLID;ALLOY;METAL;;POLIVALENTE;BASE;BASE;MATE RECTIFICADO;VARIACION ALTA;;NO;;;;;R10;B;GRUPO BIa;GL Esmaltado;;36 Low;NO;;1600-2400 N - 35-45 N/mm2;1;017.250.0298.15040;45X90C(N);CATLOGO PAMESA;;;60;120;9;7200;60x120;ALLOY M;COAL;https://www.pamesa.com/ERP/4.0/empresas/151/045/imagenes/t00010602/0172500024841.jpg
17;250;287;15040;0172500024840;SI;REC.GLASS;60x120(n) ALLOY M COPPER;A;SI;SI;0.0000;SOL25;PAMESA;PAMESA;L/36/02 RF;8429991987367;;8429991773199;M2;2;1.44;36;51.84;28.62;1,055.32;122.00;84.00;73.50;;;31/12/2024;PAMESA;PAMESA;GRES PORCELNICO;0172500024840;;SOLID;ALLOY;METAL;;POLIVALENTE;BASE;BASE;MATE RECTIFICADO;VARIACION ALTA;;NO;;;;;R10;B;GRUPO BIa;GL Esmaltado;;36 Low;NO;;1600-2400 N - 35-45 N/mm2;1;017.250.0287.15040;45X90C(N);CATLOGO PAMESA;;;60;120;9;7200;60x120;ALLOY M;COPPER;https://www.pamesa.com/ERP/4.0/empresas/151/045/imagenes/t00010602/0172500024840.jpg
17;250;161;15040;0172500024838;SI;REC.GLASS;60x120(n) ALLOY M GREY;A;SI;SI;0.0000;SOL25;PAMESA;PAMESA;L/36/02 RF;8429991987350;;8429991773199;M2;2;1.44;36;51.84;28.62;1,055.32;122.00;84.00;73.50;;;31/12/2024;PAMESA;PAMESA;GRES PORCELNICO;0172500024838;;SOLID;ALLOY;METAL;;POLIVALENTE;BASE;BASE;MATE RECTIFICADO;VARIACION ALTA;;NO;;;;;R10;B;GRUPO BIa;GL Esmaltado;;36 Low;NO;;1600-2400 N - 35-45 N/mm2;1;017.250.0161.15040;60x60;CATLOGO PAMESA;;;60;120;9;7200;60x120;ALLOY M;GREY;https://www.pamesa.com/ERP/4.0/empresas/151/045/imagenes/t00010602/0172500024838.jpg
17;250;824;15040;0172500024842;SI;REC.GLASS;60x120(n) ALLOY M MINT;A;SI;SI;0.0000;SOL25;PAMESA;PAMESA;L/36/02 RF;8429991987381;;8429991773199;M2;2;1.44;36;51.84;28.62;1,055.32;122.00;84.00;73.50;;;31/12/2024;PAMESA;PAMESA;GRES PORCELNICO;0172500024842;;SOLID;ALLOY;METAL;;POLIVALENTE;BASE;BASE;MATE RECTIFICADO;VARIACION ALTA;;NO;;;;;R10;B;GRUPO BIa;GL Esmaltado;;36 Low;NO;;1600-2400 N - 35-45 N/mm2;1;017.250.0824.15040;60X120 RF;CATLOGO PAMESA;;;60;120;9;7200;60x120;ALLOY M;MINT;https://www.pamesa.com/ERP/4.0/empresas/151/045/imagenes/t00010602/0172500024842.jpg
17;250;169;15040;0172500024839;SI;REC.GLASS;60x120(n) ALLOY M PEARL;A;SI;SI;0.0000;SOL25;PAMESA;PAMESA;L/36/02 RF;8429991987398;;8429991773199;M2;2;1.44;36;51.84;28.62;1,055.32;122.00;84.00;73.50;;;31/12/2024;PAMESA;PAMESA;GRES PORCELNICO;0172500024839;;SOLID;ALLOY;METAL;;POLIVALENTE;BASE;BASE;MATE RECTIFICADO;VARIACION ALTA;;NO;;;;;R10;B;GRUPO BIa;GL Esmaltado;;36 Low;NO;;1600-2400 N - 35-45 N/mm2;1;017.250.0169.15040;120X120;CATLOGO PAMESA;;;60;120;9;7200;60x120;ALLOY M;PEARL;https://www.pamesa.com/ERP/4.0/empresas/151/045/imagenes/t00010602/0172500024839.jpg
17;840;151;15040;0178400024837;SI;REC.GLASS;60x60 ALLOY M AZZURRO;A;SI;SI;0.0000;SOL12;PAMESA;PAMESA;F/30/04 9MM;8429991995812;;8429991773199;M2;4;1.44;30;43.20;29.75;912.50;120.00;80.00;73.50;;9.00;29/01/2025;PAMESA;PAMESA;GRES PORCELNICO;0178400024837;;SOLID;ALLOY;METAL;;POLIVALENTE;BASE;BASE;MATE RECTIFICADO;VARIACION ALTA;;NO;;;;;R10;B;GRUPO BIa;GL Esmaltado;;36 Low;NO;;1600-2400 N - 35-45 N/mm2;1;017.840.0151.15040;30x30(7)Malla;CATLOGO PAMESA;;;60;60;9;3600;60x60;ALLOY M;AZZURRO;https://www.pamesa.com/ERP/4.0/empresas/151/045/imagenes/t00010602/0178400024837.jpg
17;840;298;15040;0178400024841;SI;REC.GLASS;60x60 ALLOY M COAL;A;SI;SI;0.0000;SOL12;PAMESA;PAMESA;F/30/04 9MM;8429991995850;;8429991773199;M2;4;1.44;30;43.20;29.75;912.50;120.00;80.00;73.50;;9.00;29/01/2025;PAMESA;PAMESA;GRES PORCELNICO;0178400024841;;SOLID;ALLOY;METAL;;POLIVALENTE;BASE;BASE;MATE RECTIFICADO;VARIACION ALTA;;NO;;;;;R10;B;GRUPO BIa;GL Esmaltado;;36 Low;NO;;1600-2400 N - 35-45 N/mm2;1;017.840.0298.15040;60X120 RF;CATLOGO PAMESA;;;60;60;9;3600;60x60;ALLOY M;COAL;https://www.pamesa.com/ERP/4.0/empresas/151/045/imagenes/t00010602/0178400024841.jpg
17;840;287;15040;0178400024840;SI;REC.GLASS;60x60 ALLOY M COPPER;A;SI;SI;0.0000;SOL12;PAMESA;PAMESA;F/30/04 9MM;8429991995843;;8429991773199;M2;4;1.44;30;43.20;29.75;912.50;120.00;80.00;73.50;;9.00;29/01/2025;PAMESA;PAMESA;GRES PORCELNICO;0178400024840;;SOLID;ALLOY;METAL;;POLIVALENTE;BASE;BASE;MATE RECTIFICADO;VARIACION ALTA;;NO;;;;;R10;B;GRUPO BIa;GL Esmaltado;;36 Low;NO;;1600-2400 N - 35-45 N/mm2;1;017.840.0287.15040;60X120 RF;CATLOGO PAMESA;;;60;60;9;3600;60x60;ALLOY M;COPPER;https://www.pamesa.com/ERP/4.0/empresas/151/045/imagenes/t00010602/0178400024840.jpg
17;840;161;15040;0178400024838;SI;REC.GLASS;60x60 ALLOY M GREY;A;SI;SI;0.0000;SOL12;PAMESA;PAMESA;F/30/04 9MM;8429991995829;;8429991773199;M2;4;1.44;30;43.20;29.75;912.50;120.00;80.00;73.50;;9.00;29/01/2025;PAMESA;PAMESA;GRES PORCELNICO;0178400024838;;SOLID;ALLOY;METAL;;POLIVALENTE;BASE;BASE;MATE RECTIFICADO;VARIACION ALTA;;NO;;;;;R10;B;GRUPO BIa;GL Esmaltado;;36 Low;NO;;1600-2400 N - 35-45 N/mm2;1;017.840.0161.15040;120X120;CATLOGO PAMESA;;;60;60;9;3600;60x60;ALLOY M;GREY;https://www.pamesa.com/ERP/4.0/empresas/151/045/imagenes/t00010602/0178400024838.jpg
17;840;824;15040;0178400024842;SI;REC.GLASS;60x60 ALLOY M MINT;A;SI;SI;0.0000;SOL12;PAMESA;PAMESA;F/30/04 9MM;8429991995867;;8429991773199;M2;4;1.44;30;43.20;29.75;912.50;120.00;80.00;73.50;;9.00;29/01/2025;PAMESA;PAMESA;GRES PORCELNICO;0178400024842;;SOLID;ALLOY;METAL;;POLIVALENTE;BASE;BASE;MATE RECTIFICADO;VARIACION ALTA;;NO;;;;;R10;B;GRUPO BIa;GL Esmaltado;;36 Low;NO;;1600-2400 N - 35-45 N/mm2;1;017.840.0824.15040;60X120(n);CATLOGO PAMESA;;;60;60;9;3600;60x60;ALLOY M;MINT;https://www.pamesa.com/ERP/4.0/empresas/151/045/imagenes/t00010602/0178400024842.jpg
17;840;169;15040;0178400024839;SI;REC.GLASS;60x60 ALLOY M PEARL;A;SI;SI;0.0000;SOL12;PAMESA;PAMESA;F/30/04 9MM;8429991995836;;8429991773199;M2;4;1.44;30;43.20;29.75;912.50;120.00;80.00;73.50;;9.00;29/01/2025;PAMESA;PAMESA;GRES PORCELNICO;0178400024839;;SOLID;ALLOY;METAL;;POLIVALENTE;BASE;BASE;MATE RECTIFICADO;VARIACION ALTA;;NO;;;;;R10;B;GRUPO BIa;GL Esmaltado;;36 Low;NO;;1600-2400 N - 35-45 N/mm2;1;017.840.0169.15040;60X120 RF;CATLOGO PAMESA;;;60;60;9;3600;60x60;ALLOY M;PEARL;https://www.pamesa.com/ERP/4.0/empresas/151/045/imagenes/t00010602/0178400024839.jpg
25;590;151;10476;0255900011301;SI;PZ.ESP COM-GLAS;30x30(7)Malla ALLOY AZZURRO;A;SI;SI;57.7500;MOS7;PAMESA;PAMESA;E/42/11;8429991668860;;;M2;11;1.00;42;42.00;23.10;990.20;120.00;80.00;;;;29/09/2021;PAMESA;PAMESA;GRES PORCELNICO;0255900011301;;SOLID;ALLOY;METAL;;POLIVALENTE;MALLA;MOSAICO;MATE RECTIFICADO;VARIACION ALTA;;NO;;;;;;;GRUPO BIa;GL Esmaltado;;;;;;1;025.590.0151.10476;90X90(N);CATLOGO PAMESA;;;30;30;0;900;30x30;ALLOY;AZZURRO;https://www.pamesa.com/ERP/4.0/empresas/151/045/imagenes/t00010602/0255900011301.jpg
51;590;151;10476;0515900011301;SI;PZ.ESP.LUXGLASS;30x30(7)Malla ALLOY AZZURRO;A;SI;SI;57.7500;MOS7;PAMESA;PAMESA;E/42/11;8429991668921;;;M2;11;1.00;42;42.00;23.10;990.20;120.00;80.00;;;;29/09/2021;PAMESA;PAMESA;GRES PORCELNICO;0515900011301;;SOLID;ALLOY;METAL;;POLIVALENTE;MALLA;MOSAICO;LAPATTO;VARIACION ALTA;;SIN INFORMAR;;;;;;;GRUPO BIa;GL Esmaltado;;;;;;1;051.590.0151.10476;20x120 (n);CATLOGO PAMESA;;;30;30;0;900;30x30;ALLOY;AZZURRO;https://www.pamesa.com/ERP/4.0/empresas/151/045/imagenes/t00010602/0515900011301.jpg
25;590;298;10476;0255900011308;SI;PZ.ESP COM-GLAS;30x30(7)Malla ALLOY COAL;A;SI;SI;57.7500;MOS7;PAMESA;PAMESA;E/42/11;8429991668907;;;M2;11;1.00;42;42.00;23.10;990.20;120.00;80.00;;;;29/09/2021;PAMESA;PAMESA;GRES PORCELNICO;0255900011308;;SOLID;ALLOY;METAL;;POLIVALENTE;MALLA;MOSAICO;MATE RECTIFICADO;VARIACION ALTA;;NO;;;;;;;GRUPO BIa;GL Esmaltado;;;;;;1;025.590.0298.10476;120X120(T);CATLOGO PAMESA;;;30;30;0;900;30x30;ALLOY;COAL;https://www.pamesa.com/ERP/4.0/empresas/151/045/imagenes/t00010602/0255900011308.jpg
51;590;298;10476;0515900011308;SI;PZ.ESP.LUXGLASS;30x30(7)Malla ALLOY COAL;A;SI;SI;57.7500;MOS7;PAMESA;PAMESA;E/42/11;8429991668969;;;M2;11;1.00;42;42.00;23.10;990.20;120.00;80.00;;;;29/09/2021;PAMESA;PAMESA;GRES PORCELNICO;0515900011308;;SOLID;ALLOY;METAL;;POLIVALENTE;MALLA;MOSAICO;LAPATTO;VARIACION ALTA;;SIN INFORMAR;;;;;;;GRUPO BIa;GL Esmaltado;;;;;;1;051.590.0298.10476;20x60 P;CATLOGO PAMESA;;;30;30;0;900;30x30;ALLOY;COAL;https://www.pamesa.com/ERP/4.0/empresas/151/045/imagenes/t00010602/0515900011308.jpg
25;590;287;10476;0255900011300;SI;PZ.ESP COM-GLAS;30x30(7)Malla ALLOY COPPER;A;SI;SI;57.7500;MOS7;PAMESA;PAMESA;E/42/11;8429991668891;;;M2;11;1.00;42;42.00;23.10;990.20;120.00;80.00;;;;29/09/2021;PAMESA;PAMESA;GRES PORCELNICO;0255900011300;;SOLID;ALLOY;METAL;;POLIVALENTE;MALLA;MOSAICO;MATE RECTIFICADO;VARIACION ALTA;;NO;;;;;;;GRUPO BIa;GL Esmaltado;;;;;;1;025.590.0287.10476;120X120(T);CATLOGO PAMESA;;;30;30;0;900;30x30;ALLOY;COPPER;https://www.pamesa.com/ERP/4.0/empresas/151/045/imagenes/t00010602/0255900011300.jpg
51;590;287;10476;0515900011300;SI;PZ.ESP.LUXGLASS;30x30(7)Malla ALLOY COPPER;A;SI;SI;57.7500;MOS7;PAMESA;PAMESA;E/42/11;8429991668952;;;M2;11;1.00;42;42.00;23.10;990.20;120.00;80.00;;;;29/09/2021;PAMESA;PAMESA;GRES PORCELNICO;0515900011300;;SOLID;ALLOY;METAL;;POLIVALENTE;MALLA;MOSAICO;LAPATTO;VARIACION ALTA;;SIN INFORMAR;;;;;;;GRUPO BIa;GL Esmaltado;;;;;;1;051.590.0287.10476;20x60 P;CATLOGO PAMESA;;;30;30;0;900;30x30;ALLOY;COPPER;https://www.pamesa.com/ERP/4.0/empresas/151/045/imagenes/t00010602/0515900011300.jpg
25;590;161;10476;0255900011307;SI;PZ.ESP COM-GLAS;30x30(7)Malla ALLOY GREY;A;SI;SI;57.7500;MOS7;PAMESA;PAMESA;E/42/11;8429991668877;;;M2;11;1.00;42;42.00;23.10;990.20;120.00;80.00;;;;29/09/2021;PAMESA;PAMESA;GRES PORCELNICO;0255900011307;;SOLID;ALLOY;METAL;;POLIVALENTE;MALLA;MOSAICO;MATE RECTIFICADO;VARIACION ALTA;;NO;;;;;;;GRUPO BIa;GL Esmaltado;;;;;;1;025.590.0161.10476;60X120 RF;CATLOGO PAMESA;;;30;30;0;900;30x30;ALLOY;GREY;https://www.pamesa.com/ERP/4.0/empresas/151/045/imagenes/t00010602/0255900011307.jpg
51;590;161;10476;0515900011307;SI;PZ.ESP.LUXGLASS;30x30(7)Malla ALLOY GREY;A;SI;SI;57.7500;MOS7;PAMESA;PAMESA;E/42/11;8429991668938;;;M2;11;1.00;42;42.00;23.10;990.20;120.00;80.00;;;;29/09/2021;PAMESA;PAMESA;GRES PORCELNICO;0515900011307;;SOLID;ALLOY;METAL;;POLIVALENTE;MALLA;MOSAICO;LAPATTO;VARIACION ALTA;;SIN INFORMAR;;;;;;;GRUPO BIa;GL Esmaltado;;;;;;1;051.590.0161.10476;20x120 (n);CATLOGO PAMESA;;;30;30;0;900;30x30;ALLOY;GREY;https://www.pamesa.com/ERP/4.0/empresas/151/045/imagenes/t00010602/0515900011307.jpg
25;590;824;10476;0255900011299;SI;PZ.ESP COM-GLAS;30x30(7)Malla ALLOY MINT;A;SI;SI;57.7500;MOS7;PAMESA;PAMESA;E/42/11;8429991668914;;;M2;11;1.00;42;42.00;23.10;990.20;120.00;80.00;;;;29/09/2021;PAMESA;PAMESA;GRES PORCELNICO;0255900011299;;SOLID;ALLOY;METAL;;POLIVALENTE;MALLA;MOSAICO;MATE RECTIFICADO;VARIACION ALTA;;NO;;;;;;;GRUPO BIa;GL Esmaltado;;;;;;1;025.590.0824.10476;60X120(T)C;CATLOGO PAMESA;;;30;30;0;900;30x30;ALLOY;MINT;https://www.pamesa.com/ERP/4.0/empresas/151/045/imagenes/t00010602/0255900011299.jpg
51;590;824;10476;0515900011299;SI;PZ.ESP.LUXGLASS;30x30(7)Malla ALLOY MINT;A;SI;SI;57.7500;MOS7;PAMESA;PAMESA;E/42/11;8429991668976;;;M2;11;1.00;42;42.00;23.10;990.20;120.00;80.00;;;;29/09/2021;PAMESA;PAMESA;GRES PORCELNICO;0515900011299;;SOLID;ALLOY;METAL;;POLIVALENTE;MALLA;MOSAICO;LAPATTO;VARIACION ALTA;;SIN INFORMAR;;;;;;;GRUPO BIa;GL Esmaltado;;;;;;1;051.590.0824.10476;20x60 P;CATLOGO PAMESA;;;30;30;0;900;30x30;ALLOY;MINT;https://www.pamesa.com/ERP/4.0/empresas/151/045/imagenes/t00010602/0515900011299.jpg
25;590;169;10476;0255900011302;SI;PZ.ESP COM-GLAS;30x30(7)Malla ALLOY PEARL;A;SI;SI;57.7500;MOS7;PAMESA;PAMESA;E/42/11;8429991668884;;;M2;11;1.00;42;42.00;23.10;990.20;120.00;80.00;;;;29/09/2021;PAMESA;PAMESA;GRES PORCELNICO;0255900011302;;SOLID;ALLOY;METAL;;POLIVALENTE;MALLA;MOSAICO;MATE RECTIFICADO;VARIACION ALTA;;NO;;;;;;;GRUPO BIa;GL Esmaltado;;;;;;1;025.590.0169.10476;60X120(n);CATLOGO PAMESA;;;30;30;0;900;30x30;ALLOY;PEARL;https://www.pamesa.com/ERP/4.0/empresas/151/045/imagenes/t00010602/0255900011302.jpg
51;590;169;10476;0515900011302;SI;PZ.ESP.LUXGLASS;30x30(7)Malla ALLOY PEARL;A;SI;SI;57.7500;MOS7;PAMESA;PAMESA;E/42/11;8429991668945;;;M2;11;1.00;42;42.00;23.10;990.20;120.00;80.00;;;;29/09/2021;PAMESA;PAMESA;GRES PORCELNICO;0515900011302;;SOLID;ALLOY;METAL;;POLIVALENTE;MALLA;MOSAICO;LAPATTO;VARIACION ALTA;;SIN INFORMAR;;;;;;;GRUPO BIa;GL Esmaltado;;;;;;1;051.590.0169.10476;20x120 (n);CATLOGO PAMESA;;;30;30;0;900;30x30;ALLOY;PEARL;https://www.pamesa.com/ERP/4.0/empresas/151/045/imagenes/t00010602/0515900011302.jpg
25;590;824;15040;0255900027934;SI;PZ.ESP COM-GLAS;30x30(7)Malla ALLOY M MINT;A;SI;SI;0.0000;MOS7;PAMESA;PAMESA;E/42/11;8429991124014;;;M2;11;1.00;42;42.00;23.10;990.20;120.00;80.00;;;;11/04/2025;PAMESA;PAMESA;GRES PORCELNICO;0255900027934;;SOLID;ALLOY;METAL;;POLIVALENTE;MALLA;MOSAICO;MATE RECTIFICADO;VARIACION ALTA;;;;;;;;;GRUPO BIa;GL Esmaltado;;;NO;;;1;025.590.0824.15040;60X60(T)C;CATLOGO PAMESA;;;30;30;0;900;30x30;ALLOY M;MINT;https://www.pamesa.com/ERP/4.0/empresas/151/045/imagenes/t00010602/0255900027934.jpg
17;250;234;9425;0172500042287;SI;REC.GLASS;60x120(n) CR.ARDESIA BRONCE;A;SI;SI;0.0000;SOL23;PAMESA;PAMESA;L/36/02 RF;8429991195953;;8429991773199;M2;2;1.44;36;51.84;28.62;1,055.32;122.00;84.00;73.50;;;13/11/2025;PAMESA;PAMESA;GRES PORCELNICO;0172500042287;;SOLID;ARDESIA;PIEDRA;;POLIVALENTE;BASE;BASE;MATE RECTIFICADO;VARIACION ALTA;;;;;;;R10;C;GRUPO BIa;GL Esmaltado;;;NO;;1600-2400 N - 35-45 N/mm2;1;017.250.0234.09425;60x60;CATLOGO PAMESA;;;60;120;9;7200;60x120;CR.ARDESIA;BRONCE;https://www.pamesa.com/ERP/4.0/empresas/151/045/imagenes/t00010602/0172500042287.jpg
35;869;234;9425;0358692349425;SI;REC.PEDRA;60x120 CR.ARDESIA BRONCE;A;SI;SI;33.5000;SOL25;PAMESA;PAMESA;L/32/02;8429991416904;;8429991773236;M2;2;1.44;32;46.08;34.25;1,121.00;122.00;84.00;75.00;;10.50;19/12/2018;PAMESA;PAMESA;GRES PORCELNICO;0358692349425;;SOLID;ARDESIA;PIEDRA;;POLIVALENTE;BASE;BASE;MATE RECTIFICADO;VARIACION ALTA;NO;SIN INFORMAR;;;;;R10;C;GRUPO BIa;UGL No esmaltado;55 Low;;NO;;1600-2400 N - 35-45 N/mm2;1;035.869.0234.09425;30X90PBCA;CATLOGO PAMESA;;;60;120;10,5;7200;60x120;CR.ARDESIA;BRONCE;https://www.pamesa.com/ERP/4.0/empresas/151/045/imagenes/t00010602/0358692349425.jpg
17;250;535;9425;0172500042292;SI;REC.GLASS;60x120(n) CR.ARDESIA NOIR;A;SI;SI;0.0000;SOL23;PAMESA;PAMESA;L/36/02 RF;8429991195960;;8429991773199;M2;2;1.44;36;51.84;28.62;1,055.32;122.00;84.00;73.50;;;13/11/2025;PAMESA;PAMESA;GRES PORCELNICO;0172500042292;;SOLID;ARDESIA;PIEDRA;;POLIVALENTE;BASE;BASE;MATE RECTIFICADO;VARIACION ALTA;;;;;;;R10;C;GRUPO BIa;GL Esmaltado;;;NO;;1600-2400 N - 35-45 N/mm2;1;017.250.0535.09425;45X45;CATLOGO PAMESA;;;60;120;9;7200;60x120;CR.ARDESIA;NOIR;https://www.pamesa.com/ERP/4.0/empresas/151/045/imagenes/t00010602/0172500042292.jpg
35;869;535;9425;0358695359425;SI;REC.PEDRA;60x120 CR.ARDESIA NOIR;A;SI;SI;33.5000;SOL25;PAMESA;PAMESA;L/32/02;8429991416928;;8429991773236;M2;2;1.44;32;46.08;34.25;1,121.00;122.00;84.00;75.00;;10.50;19/12/2018;PAMESA;PAMESA;GRES PORCELNICO;0358695359425;;SOLID;ARDESIA;PIEDRA;;POLIVALENTE;BASE;BASE;MATE RECTIFICADO;VARIACION ALTA;NO;SIN INFORMAR;;;;;R10;C;GRUPO BIa;UGL No esmaltado;55 Low;;NO;;1600-2400 N - 35-45 N/mm2;1;035.869.0535.09425;30X90PBCA;CATLOGO PAMESA;;;60;120;10,5;7200;60x120;CR.ARDESIA;NOIR;https://www.pamesa.com/ERP/4.0/empresas/151/045/imagenes/t00010602/0358695359425.jpg
21;590;234;9425;0215902349425;SI;PZ ESP.PEDRA;30x30(7)Malla CR.ARDESIA BRONCE;A;SI;SI;57.7500;MOS7;PAMESA;PAMESA;E/42/11;8429991549374;;;M2;11;1.00;42;42.00;23.10;990.20;120.00;80.00;;;;22/01/2019;PAMESA;PAMESA;GRES PORCELNICO;0215902349425;;SOLID;ARDESIA;PIEDRA;;POLIVALENTE;MALLA;;MATE RECTIFICADO;VARIACION ALTA;;SIN INFORMAR;;;;;R10;C;GRUPO BIa;UGL No esmaltado;55 Low;;NO;;1600-2400 N - 35-45 N/mm2;1;021.590.0234.09425;60X120(n);CATLOGO PAMESA;;;30;30;0;900;30x30;CR.ARDESIA;BRONCE;https://www.pamesa.com/ERP/4.0/empresas/151/045/imagenes/t00010602/0215902349425.jpg
21;590;535;9425;0215905359425;SI;PZ ESP.PEDRA;30x30(7)Malla CR.ARDESIA NOIR;A;SI;SI;57.7500;MOS7;PAMESA;PAMESA;E/42/11;8429991549510;;;M2;11;1.00;42;42.00;23.10;990.20;120.00;80.00;;;;22/01/2019;PAMESA;PAMESA;GRES PORCELNICO;0215905359425;;SOLID;ARDESIA;PIEDRA;;POLIVALENTE;MALLA;;MATE RECTIFICADO;VARIACION ALTA;;SIN INFORMAR;;;;;R10;C;GRUPO BIa;UGL No esmaltado;55 Low;;NO;;1600-2400 N - 35-45 N/mm2;1;021.590.0535.09425;60X60n(C);CATLOGO PAMESA;;;30;30;0;900;30x30;CR.ARDESIA;NOIR;https://www.pamesa.com/ERP/4.0/empresas/151/045/imagenes/t00010602/0215905359425.jpg
17;120;12;10091;0171200010274;SI;REC.GLASS;120x120 CR.CELLINI M BLANCO;A;SI;SI;42.2500;SOL35;PAMESA;PAMESA;23/36/01;8429991629755;;8429991773199;M2;1;1.44;36;51.84;34.36;1,276.96;126.00;126.00;71.00;;;26/03/2021;PAMESA;PAMESA;GRES PORCELNICO ESMALTADO;0171200010274;;SOLID;CELLINI;MARMOL;;POLIVALENTE;BASE;BASE;MATE RECTIFICADO;VARIACION ALTA;;NO;;;PEI IV;CLASE 3;R10;B;GRUPO BIa;GL Esmaltado;55 Low;36 Low;NO;0.42;1600-2400 N - 35-45 N/mm2;1;017.120.0012.10091;25x70;CATLOGO PAMESA;;;120;120;10,2;14400;120x120;CR.CELLINI M;BLANCO;https://www.pamesa.com/ERP/4.0/empresas/151/045/imagenes/t00010602/0171200010274.jpg
17;250;12;10091;0172500034461;SI;REC.GLASS;60x120(n) CR.CELLINI M BLANCO;A;SI;SI;0.0000;SOL25;PAMESA;PAMESA;L/36/02 RF;8429991161415;;8429991773199;M2;2;1.44;36;51.84;28.62;1,055.32;122.00;84.00;73.50;;;17/07/2025;PAMESA;PAMESA;GRES PORCELNICO ESMALTADO;0172500034461;;SOLID;CELLINI;MARMOL;;POLIVALENTE;BASE;BASE;MATE RECTIFICADO;VARIACION ALTA;;NO;;;;CLASE 3;;;GRUPO BIa;GL Esmaltado;;;NO;;1600-2400 N - 35-45 N/mm2;1;017.250.0012.10091;60X120 RF;CATLOGO PAMESA;;;60;120;9;7200;60x120;CR.CELLINI M;BLANCO;https://www.pamesa.com/ERP/4.0/empresas/151/045/imagenes/t00010602/0172500034461.jpg
17;869;12;10091;0178690010274;SI;REC.GLASS;60x120 CR.CELLINI M BLANCO;A;SI;SI;32.2500;SOL25;PAMESA;PAMESA;L/32/02;8429991629762;;8429991773199;M2;2;1.44;32;46.08;34.25;1,121.00;122.00;84.00;75.00;;10.50;26/03/2021;PAMESA;PAMESA;GRES PORCELNICO ESMALTADO;0178690010274;;SOLID;CELLINI;MARMOL;;POLIVALENTE;BASE;BASE;MATE RECTIFICADO;VARIACION ALTA;;NO;;;PEI IV;CLASE 3;R10;B;GRUPO BIa;GL Esmaltado;55 Low;36 Low;NO;0.42;1600-2400 N - 35-45 N/mm2;1;017.869.0012.10091;160X160;CATLOGO PAMESA;;;60;120;10,5;7200;60x120;CR.CELLINI M;BLANCO;https://www.pamesa.com/ERP/4.0/empresas/151/045/imagenes/t00010602/0178690010274.jpg
17;840;12;10091;0178400010274;SI;REC.GLASS;60x60 CR.CELLINI M BLANCO;A;SI;SI;22.5000;SOL12;PAMESA;PAMESA;F/30/04 9MM;8429991629748;;8429991773199;M2;4;1.44;30;43.20;29.75;912.50;120.00;80.00;73.50;;9.00;26/03/2021;PAMESA;PAMESA;GRES PORCELNICO ESMALTADO;0178400010274;;SOLID;CELLINI;MARMOL;;POLIVALENTE;BASE;BASE;MATE RECTIFICADO;VARIACION ALTA;;NO;;;PEI IV;CLASE 3;R10;B;GRUPO BIa;GL Esmaltado;55 Low;36 Low;NO;0.42;1600-2400 N - 35-45 N/mm2;1;017.840.0012.10091;90X90(N);CATLOGO PAMESA;;;60;60;9;3600;60x60;CR.CELLINI M;BLANCO;https://www.pamesa.com/ERP/4.0/empresas/151/045/imagenes/t00010602/0178400010274.jpg
25;281;12;10091;0252810010274;SI;PZ.ESP COM-GLAS;30x30 (5)Malla CR.CELLINI M BLANCO;A;SI;SI;70.2500;MOS5;PAMESA;PAMESA;E/42/11;8429991633653;;;M2;11;1.00;42;42.00;23.00;986.00;120.00;80.00;;;;12/04/2021;PAMESA;PAMESA;GRES PORCELNICO ESMALTADO;0252810010274;;SOLID;CELLINI;MARMOL;;POLIVALENTE;MALLA;MOSAICO;MATE RECTIFICADO;VARIACION ALTA;;NO;;;PEI IV;CLASE 3;;;GRUPO BIa;GL Esmaltado;55 Low;;NO;0.42;1600-2400 N - 35-45 N/mm2;1;025.281.0012.10091;30X30 (5)MALLA;CATLOGO PAMESA;;;30;30;0;900;30x30;CR.CELLINI M;BLANCO;https://www.pamesa.com/ERP/4.0/empresas/151/045/imagenes/t00010602/0252810010274.jpg
52;961;364;15089;0529610024945;SI;SLIM MATE RECTIF.;120x280(6mm) CONSTANZA DESERT;A;SI;SI;0.0000;XXL04;PAMESA;PAMESA;05/20/01;8429991996659;;8429991773199;M2;1;3.36;20;67.20;52.00;1,140.00;290.00;140.00;36.00;;;31/01/2025;PAMESA;PAMESA;GRES PORCELNICO;0529610024945;;SOLID;CONSTANZA;PIEDRA;;POLIVALENTE;BASE;BASE;MATE RECTIFICADO;VARIACION LEVE;NO;;;;;CLASE 1;R9;;GRUPO BIa;GL Esmaltado;;36 Low;NO;;;1;052.961.0364.15089;20x120 (n);CATLOGO PAMESA;;;120;280;6;33600;120x280;CONSTANZA;DESERT;https://www.pamesa.com/ERP/4.0/empresas/151/045/imagenes/t00010602/0529610024945.jpg
52;961;368;15089;0529610024948;SI;SLIM MATE RECTIF.;120x280(6mm) CONSTANZA GRAY;A;SI;SI;0.0000;XXL04;PAMESA;PAMESA;05/20/01;8429991996666;;8429991773199;M2;1;3.36;20;67.20;52.00;1,140.00;290.00;140.00;36.00;;;31/01/2025;PAMESA;PAMESA;GRES PORCELNICO;0529610024948;;SOLID;CONSTANZA;PIEDRA;;POLIVALENTE;BASE;BASE;MATE RECTIFICADO;VARIACION LEVE;NO;NO;;;;CLASE 1;R9;;GRUPO BIa;GL Esmaltado;;36 Low;NO;;;1;052.961.0368.15089;20x120 (n);CATLOGO PAMESA;;;120;280;6;33600;120x280;CONSTANZA;GRAY;https://www.pamesa.com/ERP/4.0/empresas/151/045/imagenes/t00010602/0529610024948.jpg
52;961;210;15089;0529610024944;SI;SLIM MATE RECTIF.;120x280(6mm) CONSTANZA MOCHA;A;SI;SI;0.0000;XXL04;PAMESA;PAMESA;05/20/01;8429991996642;;8429991773199;M2;1;3.36;20;67.20;52.00;1,140.00;290.00;140.00;36.00;;;31/01/2025;PAMESA;PAMESA;GRES PORCELNICO;0529610024944;;SOLID;CONSTANZA;PIEDRA;;POLIVALENTE;BASE;BASE;MATE RECTIFICADO;VARIACION LEVE;NO;NO;;;;CLASE 1;R9;;GRUPO BIa;GL Esmaltado;;36 Low;NO;;;1;052.961.0210.15089;20x120 (n);CATLOGO PAMESA;;;120;280;6;33600;120x280;CONSTANZA;MOCHA;https://www.pamesa.com/ERP/4.0/empresas/151/045/imagenes/t00010602/0529610024944.jpg
52;961;108;15089;0529610024949;SI;SLIM MATE RECTIF.;120x280(6mm) CONSTANZA WHITE;A;SI;SI;0.0000;XXL04;PAMESA;PAMESA;05/20/01;8429991996635;;8429991773199;M2;1;3.36;20;67.20;52.00;1,140.00;290.00;140.00;36.00;;;31/01/2025;PAMESA;PAMESA;GRES PORCELNICO;0529610024949;;SOLID;CONSTANZA;PIEDRA;;POLIVALENTE;BASE;BASE;MATE RECTIFICADO;VARIACION LEVE;NO;NO;;;;CLASE 1;R9;;GRUPO BIa;GL Esmaltado;;36 Low;NO;;;1;052.961.0108.15089;20x120 (n);CATLOGO PAMESA;;;120;280;6;33600;120x280;CONSTANZA;WHITE;https://www.pamesa.com/ERP/4.0/empresas/151/045/imagenes/t00010602/0529610024949.jpg
17;120;364;15089;0171200028384;SI;REC.GLASS;120x120 CONSTANZA DESERT;A;SI;SI;0.0000;SOL35;PAMESA;PAMESA;23/36/01;8429991129552;;8429991773199;M2;1;1.44;36;51.84;34.36;1,276.96;126.00;126.00;71.00;;;17/04/2025;PAMESA;PAMESA;GRES PORCELNICO;0171200028384;;SOLID;CONSTANZA;PIEDRA;;POLIVALENTE;BASE;BASE;MATE RECTIFICADO;VARIACION LEVE;;ESTRUCTURANTE;;;;CLASE 1;R9;;GRUPO BIa;GL Esmaltado;;36 Low;NO;;1600-2400 N - 35-45 N/mm2;1;017.120.0364.15089;33,3x55;CATLOGO PAMESA;;;120;120;10,2;14400;120x120;CONSTANZA;DESERT;https://www.pamesa.com/ERP/4.0/empresas/151/045/imagenes/t00010602/0171200028384.jpg
17;120;368;15089;0171200028385;SI;REC.GLASS;120x120 CONSTANZA GRAY;A;SI;SI;0.0000;SOL35;PAMESA;PAMESA;23/36/01;8429991129569;;8429991773199;M2;1;1.44;36;51.84;34.36;1,276.96;126.00;126.00;71.00;;;17/04/2025;PAMESA;PAMESA;GRES PORCELNICO;0171200028385;;SOLID;CONSTANZA;PIEDRA;;POLIVALENTE;BASE;BASE;MATE RECTIFICADO;VARIACION LEVE;;ESTRUCTURANTE;;;;CLASE 1;R9;;GRUPO BIa;GL Esmaltado;;36 Low;NO;;1600-2400 N - 35-45 N/mm2;1;017.120.0368.15089;33,3x55;CATLOGO PAMESA;;;120;120;10,2;14400;120x120;CONSTANZA;GRAY;https://www.pamesa.com/ERP/4.0/empresas/151/045/imagenes/t00010602/0171200028385.jpg
17;120;210;15089;0171200028383;SI;REC.GLASS;120x120 CONSTANZA MOCHA;A;SI;SI;0.0000;SOL35;PAMESA;PAMESA;23/36/01;8429991129545;;8429991773199;M2;1;1.44;36;51.84;34.36;1,276.96;126.00;126.00;71.00;;;17/04/2025;PAMESA;PAMESA;GRES PORCELNICO;0171200028383;;SOLID;CONSTANZA;PIEDRA;;POLIVALENTE;BASE;BASE;MATE RECTIFICADO;VARIACION LEVE;;ESTRUCTURANTE;;;;CLASE 1;R9;;GRUPO BIa;GL Esmaltado;;36 Low;NO;;1600-2400 N - 35-45 N/mm2;1;017.120.0210.15089;33,3x55;CATLOGO PAMESA;;;120;120;10,2;14400;120x120;CONSTANZA;MOCHA;https://www.pamesa.com/ERP/4.0/empresas/151/045/imagenes/t00010602/0171200028383.jpg
17;120;108;15089;0171200028382;SI;REC.GLASS;120x120 CONSTANZA WHITE;A;SI;SI;0.0000;SOL35;PAMESA;PAMESA;23/36/01;8429991129392;;8429991773199;M2;1;1.44;36;51.84;34.36;1,276.96;126.00;126.00;71.00;;;17/04/2025;PAMESA;PAMESA;GRES PORCELNICO;0171200028382;;SOLID;CONSTANZA;PIEDRA;;POLIVALENTE;BASE;BASE;MATE RECTIFICADO;VARIACION LEVE;;ESTRUCTURANTE;;;;CLASE 1;R9;;GRUPO BIa;GL Esmaltado;;36 Low;NO;;1600-2400 N - 35-45 N/mm2;1;017.120.0108.15089;33,3x55;CATLOGO PAMESA;;;120;120;10,2;14400;120x120;CONSTANZA;WHITE;https://www.pamesa.com/ERP/4.0/empresas/151/045/imagenes/t00010602/0171200028382.jpg
17;10;364;15089;0170100041031;SI;REC.GLASS;100x100 CONSTANZA DESERT;A;SI;SI;0.0000;SOL54;PAMESA;PAMESA;27/27/02;8429991190231;;8429991773199;M2;2;2.00;27;54.00;41.15;1,133.05;107.00;107.00;77.00;;;30/10/2025;PAMESA;PAMESA;GRES PORCELNICO;0170100041031;;SOLID;CONSTANZA;PIEDRA;;POLIVALENTE;BASE;BASE;MATE RECTIFICADO;VARIACION LEVE;;;;;;CLASE 1;R9;;GRUPO BIa;GL Esmaltado;;36 Low;NO;;1600-2400 N - 35-45 N/mm2;1;017.010.0364.15089;60X120(n);CATLOGO PAMESA;;;100;100;9;10000;100x100;CONSTANZA;DESERT;https://www.pamesa.com/ERP/4.0/empresas/151/045/imagenes/t00010602/0170100041031.jpg
17;10;368;15089;0170100041032;SI;REC.GLASS;100x100 CONSTANZA GRAY;A;SI;SI;0.0000;SOL54;PAMESA;PAMESA;27/27/02;8429991190248;;8429991773199;M2;2;2.00;27;54.00;41.15;1,133.05;107.00;107.00;77.00;;;30/10/2025;PAMESA;PAMESA;GRES PORCELNICO;0170100041032;;SOLID;CONSTANZA;PIEDRA;;POLIVALENTE;BASE;BASE;MATE RECTIFICADO;VARIACION LEVE;;;;;;CLASE 1;R9;;GRUPO BIa;GL Esmaltado;;36 Low;NO;;1600-2400 N - 35-45 N/mm2;1;017.010.0368.15089;60x60;CATLOGO PAMESA;;;100;100;9;10000;100x100;CONSTANZA;GRAY;https://www.pamesa.com/ERP/4.0/empresas/151/045/imagenes/t00010602/0170100041032.jpg
17;10;210;15089;0170100041028;SI;REC.GLASS;100x100 CONSTANZA MOCHA;A;SI;SI;0.0000;SOL54;PAMESA;PAMESA;27/27/02;8429991190224;;8429991773199;M2;2;2.00;27;54.00;41.15;1,133.05;107.00;107.00;77.00;;;30/10/2025;PAMESA;PAMESA;GRES PORCELNICO;0170100041028;;SOLID;CONSTANZA;PIEDRA;;POLIVALENTE;BASE;BASE;MATE RECTIFICADO;VARIACION LEVE;;;;;;CLASE 1;R9;;GRUPO BIa;GL Esmaltado;;36 Low;NO;;1600-2400 N - 35-45 N/mm2;1;017.010.0210.15089;60X120(n);CATLOGO PAMESA;;;100;100;9;10000;100x100;CONSTANZA;MOCHA;https://www.pamesa.com/ERP/4.0/empresas/151/045/imagenes/t00010602/0170100041028.jpg
17;10;108;15089;0170100037815;SI;REC.GLASS;100x100 CONSTANZA WHITE;A;SI;SI;0.0000;SOL54;PAMESA;PAMESA;27/27/02;8429991179298;;8429991773199;M2;2;2.00;27;54.00;41.15;1,133.05;107.00;107.00;77.00;;;23/09/2025;PAMESA;PAMESA;GRES PORCELNICO;0170100037815;;SOLID;CONSTANZA;PIEDRA;;POLIVALENTE;BASE;BASE;MATE RECTIFICADO;VARIACION LEVE;;;;;;CLASE 1;R9;;GRUPO BIa;GL Esmaltado;;36 Low;NO;;1600-2400 N - 35-45 N/mm2;1;017.010.0108.15089;30x60 (C);CATLOGO PAMESA;;;100;100;9;10000;100x100;CONSTANZA;WHITE;https://www.pamesa.com/ERP/4.0/empresas/151/045/imagenes/t00010602/0170100037815.jpg
17;90;364;15089;0170900024945;SI;REC.GLASS;90x90(N) CONSTANZA DESERT;A;SI;SI;0.0000;SOL29;PAMESA;PAMESA;19/32/02;8429991106874;;8429991773199;M2;2;1.62;32;51.84;33.00;1,081.00;97.00;97.00;86.00;;9.00;28/02/2025;PAMESA;PAMESA;GRES PORCELNICO;0170900024945;;SOLID;CONSTANZA;PIEDRA;;POLIVALENTE;BASE;BASE;MATE RECTIFICADO;VARIACION LEVE;NO;ESTRUCTURANTE;;;;CLASE 1;R9;;GRUPO BIa;GL Esmaltado;;36 Low;NO;;1600-2400 N - 35-45 N/mm2;1;017.090.0364.15089;33,3x55;CATLOGO PAMESA;;;90;90;9;8100;90x90;CONSTANZA;DESERT;https://www.pamesa.com/ERP/4.0/empresas/151/045/imagenes/t00010602/0170900024945.jpg
17;90;368;15089;0170900024948;SI;REC.GLASS;90x90(N) CONSTANZA GRAY;A;SI;SI;0.0000;SOL29;PAMESA;PAMESA;19/32/02;8429991106881;;8429991773199;M2;2;1.62;32;51.84;33.00;1,081.00;97.00;97.00;86.00;;9.00;28/02/2025;PAMESA;PAMESA;GRES PORCELNICO;0170900024948;;SOLID;CONSTANZA;PIEDRA;;POLIVALENTE;BASE;BASE;MATE RECTIFICADO;VARIACION LEVE;NO;ESTRUCTURANTE;;;;CLASE 1;R9;;GRUPO BIa;GL Esmaltado;;36 Low;NO;;1600-2400 N - 35-45 N/mm2;1;017.090.0368.15089;33,3x55;CATLOGO PAMESA;;;90;90;9;8100;90x90;CONSTANZA;GRAY;https://www.pamesa.com/ERP/4.0/empresas/151/045/imagenes/t00010602/0170900024948.jpg
17;90;210;15089;0170900024944;SI;REC.GLASS;90x90(N) CONSTANZA MOCHA;A;SI;SI;0.0000;SOL29;PAMESA;PAMESA;19/32/02;8429991106867;;8429991773199;M2;2;1.62;32;51.84;33.00;1,081.00;97.00;97.00;86.00;;9.00;28/02/2025;PAMESA;PAMESA;GRES PORCELNICO;0170900024944;;SOLID;CONSTANZA;PIEDRA;;POLIVALENTE;BASE;BASE;MATE RECTIFICADO;VARIACION LEVE;NO;ESTRUCTURANTE;;;;CLASE 1;R9;;GRUPO BIa;GL Esmaltado;;36 Low;NO;;1600-2400 N - 35-45 N/mm2;1;017.090.0210.15089;45X45;CATLOGO PAMESA;;;90;90;9;8100;90x90;CONSTANZA;MOCHA;https://www.pamesa.com/ERP/4.0/empresas/151/045/imagenes/t00010602/0170900024944.jpg
17;90;108;15089;0170900024949;SI;REC.GLASS;90x90(N) CONSTANZA WHITE;A;SI;SI;0.0000;SOL29;PAMESA;PAMESA;19/32/02;8429991106898;;8429991773199;M2;2;1.62;32;51.84;33.00;1,081.00;97.00;97.00;86.00;;9.00;28/02/2025;PAMESA;PAMESA;GRES PORCELNICO;0170900024949;;SOLID;CONSTANZA;PIEDRA;;POLIVALENTE;BASE;BASE;MATE RECTIFICADO;VARIACION LEVE;NO;ESTRUCTURANTE;;;;CLASE 1;R9;;GRUPO BIa;GL Esmaltado;;36 Low;NO;;1600-2400 N - 35-45 N/mm2;1;017.090.0108.15089;31,6x60;CATLOGO PAMESA;;;90;90;9;8100;90x90;CONSTANZA;WHITE;https://www.pamesa.com/ERP/4.0/empresas/151/045/imagenes/t00010602/0170900024949.jpg
17;250;364;15089;0172500024945;SI;REC.GLASS;60x120(n) CONSTANZA DESERT;A;SI;SI;0.0000;SOL23;PAMESA;PAMESA;L/36/02 RF;8429991989828;;8429991773199;M2;2;1.44;36;51.84;28.62;1,055.32;122.00;84.00;73.50;;;14/01/2025;PAMESA;PAMESA;GRES PORCELNICO;0172500024945;;SOLID;CONSTANZA;PIEDRA;;POLIVALENTE;BASE;BASE;MATE RECTIFICADO;VARIACION LEVE;NO;ESTRUCTURANTE;;;;CLASE 1;R9;;GRUPO BIa;GL Esmaltado;;36 Low;NO;;1600-2400 N - 35-45 N/mm2;1;017.250.0364.15089;60,8x60,8;CATLOGO PAMESA;;;60;120;9;7200;60x120;CONSTANZA;DESERT;https://www.pamesa.com/ERP/4.0/empresas/151/045/imagenes/t00010602/0172500024945.jpg
17;250;368;15089;0172500024948;SI;REC.GLASS;60x120(n) CONSTANZA GRAY;A;SI;SI;0.0000;SOL23;PAMESA;PAMESA;L/36/02 RF;8429991989835;;8429991773199;M2;2;1.44;36;51.84;28.62;1,055.32;122.00;84.00;73.50;;;14/01/2025;PAMESA;PAMESA;GRES PORCELNICO;0172500024948;;SOLID;CONSTANZA;PIEDRA;;POLIVALENTE;BASE;BASE;MATE RECTIFICADO;VARIACION LEVE;NO;ESTRUCTURANTE;;;;CLASE 1;R9;;GRUPO BIa;GL Esmaltado;;36 Low;NO;;1600-2400 N - 35-45 N/mm2;1;017.250.0368.15089;60x60;CATLOGO PAMESA;;;60;120;9;7200;60x120;CONSTANZA;GRAY;https://www.pamesa.com/ERP/4.0/empresas/151/045/imagenes/t00010602/0172500024948.jpg
17;250;210;15089;0172500024944;SI;REC.GLASS;60x120(n) CONSTANZA MOCHA;A;SI;SI;0.0000;SOL23;PAMESA;PAMESA;L/36/02 RF;8429991989811;;8429991773199;M2;2;1.44;36;51.84;28.62;1,055.32;122.00;84.00;73.50;;;14/01/2025;PAMESA;PAMESA;GRES PORCELNICO;0172500024944;;SOLID;CONSTANZA;PIEDRA;;POLIVALENTE;BASE;BASE;MATE RECTIFICADO;VARIACION LEVE;NO;ESTRUCTURANTE;;;;CLASE 1;R9;;GRUPO BIa;GL Esmaltado;;36 Low;NO;;1600-2400 N - 35-45 N/mm2;1;017.250.0210.15089;60X120(n);CATLOGO PAMESA;;;60;120;9;7200;60x120;CONSTANZA;MOCHA;https://www.pamesa.com/ERP/4.0/empresas/151/045/imagenes/t00010602/0172500024944.jpg
17;250;108;15089;0172500024949;SI;REC.GLASS;60x120(n) CONSTANZA WHITE;A;SI;SI;0.0000;SOL23;PAMESA;PAMESA;L/36/02 RF;8429991989842;;8429991773199;M2;2;1.44;36;51.84;28.62;1,055.32;122.00;84.00;73.50;;;14/01/2025;PAMESA;PAMESA;GRES PORCELNICO;0172500024949;;SOLID;CONSTANZA;PIEDRA;;POLIVALENTE;BASE;BASE;MATE RECTIFICADO;VARIACION LEVE;NO;ESTRUCTURANTE;;;;CLASE 1;R9;;GRUPO BIa;GL Esmaltado;;36 Low;NO;;1600-2400 N - 35-45 N/mm2;1;017.250.0108.15089;60X60N(20MM);CATLOGO PAMESA;;;60;120;9;7200;60x120;CONSTANZA;WHITE;https://www.pamesa.com/ERP/4.0/empresas/151/045/imagenes/t00010602/0172500024949.jpg
17;250;364;15098;0172500024991;SI;REC.GLASS;60x120(n) RLV.CONSTANZA DESERT;A;SI;SI;0.0000;SOL50;PAMESA;PAMESA;L/36/02 RF;8429991991456;;8429991773199;M2;2;1.44;36;51.84;28.62;1,055.32;122.00;84.00;73.50;;;17/01/2025;PAMESA;PAMESA;GRES PORCELNICO;0172500024991;;SOLID;CONSTANZA;PIEDRA;;POLIVALENTE;BASE;BASE;MATE RECTIFICADO;VARIACION LEVE;NO;SI;;;;CLASE 1;R9;;GRUPO BIa;GL Esmaltado;;36 Low;NO;;1600-2400 N - 35-45 N/mm2;1;017.250.0364.15098;60,8x60,8;CATLOGO PAMESA;;;60;120;9;7200;60x120;RLV.CONSTANZA;DESERT;https://www.pamesa.com/ERP/4.0/empresas/151/045/imagenes/t00010602/0172500024991.jpg
17;250;368;15098;0172500024992;SI;REC.GLASS;60x120(n) RLV.CONSTANZA GRAY;A;SI;SI;0.0000;SOL50;PAMESA;PAMESA;L/36/02 RF;8429991991463;;8429991773199;M2;2;1.44;36;51.84;28.62;1,055.32;122.00;84.00;73.50;;;17/01/2025;PAMESA;PAMESA;GRES PORCELNICO;0172500024992;;SOLID;CONSTANZA;PIEDRA;;POLIVALENTE;BASE;BASE;MATE RECTIFICADO;VARIACION LEVE;NO;SI;;;;CLASE 1;R9;;GRUPO BIa;GL Esmaltado;;36 Low;NO;;1600-2400 N - 35-45 N/mm2;1;017.250.0368.15098;60X60N(20MM);CATLOGO PAMESA;;;60;120;9;7200;60x120;RLV.CONSTANZA;GRAY;https://www.pamesa.com/ERP/4.0/empresas/151/045/imagenes/t00010602/0172500024992.jpg
17;250;210;15098;0172500024990;SI;REC.GLASS;60x120(n) RLV.CONSTANZA MOCHA;A;SI;SI;0.0000;SOL50;PAMESA;PAMESA;L/36/02 RF;8429991991449;;8429991773199;M2;2;1.44;36;51.84;28.62;1,055.32;122.00;84.00;73.50;;;17/01/2025;PAMESA;PAMESA;GRES PORCELNICO;0172500024990;;SOLID;CONSTANZA;PIEDRA;;POLIVALENTE;BASE;BASE;MATE RECTIFICADO;VARIACION LEVE;NO;SI;;;;CLASE 1;R9;;GRUPO BIa;GL Esmaltado;;36 Low;NO;;1600-2400 N - 35-45 N/mm2;1;017.250.0210.15098;60X120 RF;CATLOGO PAMESA;;;60;120;9;7200;60x120;RLV.CONSTANZA;MOCHA;https://www.pamesa.com/ERP/4.0/empresas/151/045/imagenes/t00010602/0172500024990.jpg
17;250;108;15098;0172500024989;SI;REC.GLASS;60x120(n) RLV.CONSTANZA WHITE;A;SI;SI;0.0000;SOL50;PAMESA;PAMESA;L/36/02 RF;8429991991432;;8429991773199;M2;2;1.44;36;51.84;28.62;1,055.32;122.00;84.00;73.50;;;17/01/2025;PAMESA;PAMESA;GRES PORCELNICO;0172500024989;;SOLID;CONSTANZA;PIEDRA;;POLIVALENTE;BASE;BASE;MATE RECTIFICADO;VARIACION LEVE;NO;SI;;;;CLASE 1;R9;;GRUPO BIa;GL Esmaltado;;36 Low;NO;;1600-2400 N - 35-45 N/mm2;1;017.250.0108.15098;60x60;CATLOGO PAMESA;;;60;120;9;7200;60x120;RLV.CONSTANZA;WHITE;https://www.pamesa.com/ERP/4.0/empresas/151/045/imagenes/t00010602/0172500024989.jpg
17;77;364;15089;0170770024945;SI;REC.GLASS;60x60n(C) CONSTANZA DESERT;A;SI;SI;0.0000;SOL12;PAMESA;PAMESA;F/30/05;8429991102807;;8429991773199;M2;5;1.80;30;54.00;34.50;1,055.00;120.00;80.00;74.00;;9.00;17/02/2025;PAMESA;PAMESA;GRES PORCELNICO;0170770024945;;SOLID;CONSTANZA;PIEDRA;;POLIVALENTE;BASE;BASE;MATE RECTIFICADO;VARIACION LEVE;NO;ESTRUCTURANTE;;;;CLASE 1;R9;;GRUPO BIa;GL Esmaltado;;36 Low;NO;;1600-2400 N - 35-45 N/mm2;1;017.077.0364.15089;60x60;CATLOGO PAMESA;;;60;60;9;3600;60x60;CONSTANZA;DESERT;https://www.pamesa.com/ERP/4.0/empresas/151/045/imagenes/t00010602/0170770024945.jpg
17;77;368;15089;0170770024948;SI;REC.GLASS;60x60n(C) CONSTANZA GRAY;A;SI;SI;0.0000;SOL12;PAMESA;PAMESA;F/30/05;8429991102814;;8429991773199;M2;5;1.80;30;54.00;34.50;1,055.00;120.00;80.00;74.00;;9.00;17/02/2025;PAMESA;PAMESA;GRES PORCELNICO;0170770024948;;SOLID;CONSTANZA;PIEDRA;;POLIVALENTE;BASE;BASE;MATE RECTIFICADO;VARIACION LEVE;NO;ESTRUCTURANTE;;;;CLASE 1;R9;;GRUPO BIa;GL Esmaltado;;36 Low;NO;;1600-2400 N - 35-45 N/mm2;1;017.077.0368.15089;60X120(n);CATLOGO PAMESA;;;60;60;9;3600;60x60;CONSTANZA;GRAY;https://www.pamesa.com/ERP/4.0/empresas/151/045/imagenes/t00010602/0170770024948.jpg
17;77;210;15089;0170770024944;SI;REC.GLASS;60x60n(C) CONSTANZA MOCHA;A;SI;SI;0.0000;SOL12;PAMESA;PAMESA;F/30/05;8429991102791;;8429991773199;M2;5;1.80;30;54.00;34.50;1,055.00;120.00;80.00;74.00;;9.00;17/02/2025;PAMESA;PAMESA;GRES PORCELNICO;0170770024944;;SOLID;CONSTANZA;PIEDRA;;POLIVALENTE;BASE;BASE;MATE RECTIFICADO;VARIACION LEVE;NO;ESTRUCTURANTE;;;;CLASE 1;R9;;GRUPO BIa;GL Esmaltado;;36 Low;NO;;1600-2400 N - 35-45 N/mm2;1;017.077.0210.15089;60X60N(20MM);CATLOGO PAMESA;;;60;60;9;3600;60x60;CONSTANZA;MOCHA;https://www.pamesa.com/ERP/4.0/empresas/151/045/imagenes/t00010602/0170770024944.jpg
17;77;108;15089;0170770024949;SI;REC.GLASS;60x60n(C) CONSTANZA WHITE;A;SI;SI;0.0000;SOL12;PAMESA;PAMESA;F/30/05;8429991102784;;8429991773199;M2;5;1.80;30;54.00;34.50;1,055.00;120.00;80.00;74.00;;9.00;17/02/2025;PAMESA;PAMESA;GRES PORCELNICO;0170770024949;;SOLID;CONSTANZA;PIEDRA;;POLIVALENTE;BASE;BASE;MATE RECTIFICADO;VARIACION LEVE;NO;ESTRUCTURANTE;;;;CLASE 1;R9;;GRUPO BIa;GL Esmaltado;;36 Low;NO;;1600-2400 N - 35-45 N/mm2;1;017.077.0108.15089;60X120(n);CATLOGO PAMESA;;;60;60;9;3600;60x60;CONSTANZA;WHITE;https://www.pamesa.com/ERP/4.0/empresas/151/045/imagenes/t00010602/0170770024949.jpg
25;590;364;15089;0255900041908;SI;PZ.ESP COM-GLAS;30x30(7)Malla CONSTANZA DESERT;A;SI;SI;0.0000;MOS7;PAMESA;PAMESA;E/42/11;8429991194116;;;M2;11;1.00;42;42.00;23.10;990.20;120.00;80.00;;;;11/11/2025;PAMESA;PAMESA;GRES PORCELNICO;0255900041908;;SOLID;CONSTANZA;PIEDRA;;POLIVALENTE;BASE;BASE;MATE RECTIFICADO;VARIACION LEVE;;;;;;;;;GRUPO BIa;GL Esmaltado;;;NO;;;1;025.590.0364.15089;60X120(T)C;CATLOGO PAMESA;;;30;30;0;900;30x30;CONSTANZA;DESERT;https://www.pamesa.com/ERP/4.0/empresas/151/045/imagenes/t00010602/0255900041908.jpg
17;120;33;14782;0171200024082;SI;REC.GLASS;120x120 CORALSTONE MARFIL;A;SI;SI;42.2500;SOL35;PAMESA;PAMESA;23/36/01;8429991952686;;8429991773199;M2;1;1.44;36;51.84;34.36;1,276.96;126.00;126.00;71.00;;;22/07/2024;PAMESA;PAMESA;GRES PORCELNICO;0171200024082;;SOLID;CORALSTONE;PIEDRA;;POLIVALENTE;;BASE;MATE RECTIFICADO;VARIACION LEVE;;NO;NO;;PEI IV;CLASE 1;R9;;GRUPO BIa;GL Esmaltado;;36 Low;NO;;1600-2400 N - 35-45 N/mm2;1;017.120.0033.14782;33,3x55;CATLOGO PAMESA;;;120;120;10,2;14400;120x120;CORALSTONE;MARFIL;https://www.pamesa.com/ERP/4.0/empresas/151/045/imagenes/t00010602/0171200024082.jpg
33;120;33;14782;0331200024082;SI;POLIMAT;120x120 CORALSTONE MARFIL;A;SI;SI;51.0000;SOL37;PAMESA;PAMESA;23/36/01;8429991952693;;8429991773199;M2;1;1.44;36;51.84;34.36;1,276.96;126.00;126.00;71.00;;;22/07/2024;PAMESA;PAMESA;ANTIC GRES PORCELNICO RECTF.;0331200024082;;SOLID;CORALSTONE;PIEDRA;;POLIVALENTE;;BASE;ANTIC;VARIACION LEVE;NO;NO;NO;;PEI IV;CLASE 0;;;GRUPO BIa;GL Esmaltado;;;NO;;1600-2400 N - 35-45 N/mm2;1;033.120.0033.14782;60X120 RF;CATLOGO PAMESA;;;120;120;10,2;14400;120x120;CORALSTONE;MARFIL;https://www.pamesa.com/ERP/4.0/empresas/151/045/imagenes/t00010602/0331200024082.jpg
17;120;37;14782;0171200024083;SI;REC.GLASS;120x120 CORALSTONE PERLA;A;SI;SI;42.2500;SOL35;PAMESA;PAMESA;23/36/01;8429991952846;;8429991773199;M2;1;1.44;36;51.84;34.36;1,276.96;126.00;126.00;71.00;;;22/07/2024;PAMESA;PAMESA;GRES PORCELNICO;0171200024083;;SOLID;CORALSTONE;PIEDRA;;POLIVALENTE;;BASE;MATE RECTIFICADO;VARIACION LEVE;;NO;NO;;PEI IV;CLASE 1;R9;;GRUPO BIa;GL Esmaltado;;36 Low;NO;;1600-2400 N - 35-45 N/mm2;1;017.120.0037.14782;33,3x55;CATLOGO PAMESA;;;120;120;10,2;14400;120x120;CORALSTONE;PERLA;https://www.pamesa.com/ERP/4.0/empresas/151/045/imagenes/t00010602/0171200024083.jpg
33;120;37;14782;0331200024083;SI;POLIMAT;120x120 CORALSTONE PERLA;A;SI;SI;51.0000;SOL37;PAMESA;PAMESA;23/36/01;8429991952822;;8429991773199;M2;1;1.44;36;51.84;34.36;1,276.96;126.00;126.00;71.00;;;22/07/2024;PAMESA;PAMESA;ANTIC GRES PORCELNICO RECTF.;0331200024083;;SOLID;CORALSTONE;PIEDRA;;POLIVALENTE;;BASE;ANTIC;VARIACION LEVE;NO;NO;NO;;PEI IV;CLASE 0;;;GRUPO BIa;GL Esmaltado;;;NO;;1600-2400 N - 35-45 N/mm2;1;033.120.0037.14782;60X60(T)C;CATLOGO PAMESA;;;120;120;10,2;14400;120x120;CORALSTONE;PERLA;https://www.pamesa.com/ERP/4.0/empresas/151/045/imagenes/t00010602/0331200024083.jpg
17;120;33;14911;0171200028549;SI;REC.GLASS;120x120 EXT.CORALSTONE MARFIL;A;SI;SI;0.0000;SOL36;PAM-ADZ.PAMESA;PAMESA;23/36/01;8429991131548;;8429991773199;M2;1;1.44;36;51.84;34.36;1,276.96;126.00;126.00;71.00;;;23/04/2025;PAMESA;PAMESA;GRES PORCELNICO;0171200028549;;SOLID;CORALSTONE;PIEDRA;;ANTIDESLIZANTE;;BASE;MATE RECTIFICADO;;;NO;;;;CLASE 3;R11;C;GRUPO BIa;GL Esmaltado;;36 Low;NO;0.42;1600-2400 N - 35-45 N/mm2;1;017.120.0033.14911;33,3x55;CATLOGO PAMESA;;;120;120;10,2;14400;120x120;EXT.CORALSTONE;MARFIL;https://www.pamesa.com/ERP/4.0/empresas/151/045/imagenes/t00010602/0171200028549.jpg
17;120;37;14911;0171200028550;SI;REC.GLASS;120x120 EXT.CORALSTONE PERLA;A;SI;SI;0.0000;SOL36;PAM-ADZ.PAMESA;PAMESA;23/36/01;8429991131562;;8429991773199;M2;1;1.44;36;51.84;34.36;1,276.96;126.00;126.00;71.00;;;23/04/2025;PAMESA;PAMESA;GRES PORCELNICO;0171200028550;;SOLID;CORALSTONE;PIEDRA;;ANTIDESLIZANTE;;BASE;MATE RECTIFICADO;;;NO;;;;CLASE 3;R11;C;GRUPO BIa;GL Esmaltado;;36 Low;NO;0.42;1600-2400 N - 35-45 N/mm2;1;017.120.0037.14911;33,3x55;CATLOGO PAMESA;;;120;120;10,2;14400;120x120;EXT.CORALSTONE;PERLA;https://www.pamesa.com/ERP/4.0/empresas/151/045/imagenes/t00010602/0171200028550.jpg
17;90;33;14782;0170900024082;SI;REC.GLASS;90x90(N) CORALSTONE MARFIL;A;SI;SI;32.2500;SOL29;PAMESA;PAMESA;19/32/02;8429991952778;;8429991773199;M2;2;1.62;32;51.84;33.00;1,081.00;97.00;97.00;86.00;;9.00;22/07/2024;PAMESA;PAMESA;GRES PORCELNICO;0170900024082;;SOLID;CORALSTONE;PIEDRA;;POLIVALENTE;;BASE;MATE RECTIFICADO;VARIACION LEVE;;NO;NO;;PEI IV;CLASE 1;R9;;GRUPO BIa;GL Esmaltado;;36 Low;NO;;1600-2400 N - 35-45 N/mm2;1;017.090.0033.14782;25x70;CATLOGO PAMESA;;;90;90;9;8100;90x90;CORALSTONE;MARFIL;https://www.pamesa.com/ERP/4.0/empresas/151/045/imagenes/t00010602/0170900024082.jpg
33;90;33;14782;0330900024082;SI;POLIMAT;90x90(N) CORALSTONE MARFIL;A;SI;SI;37.5000;SOL46;PAMESA;PAMESA;19/32/02;8429991952792;;8429991773199;M2;2;1.62;32;51.84;33.00;1,081.00;97.00;97.00;86.00;;9.00;22/07/2024;PAMESA;PAMESA;ANTIC GRES PORCELNICO RECTF.;0330900024082;;SOLID;CORALSTONE;PIEDRA;;POLIVALENTE;;BASE;ANTIC;VARIACION LEVE;NO;NO;NO;;PEI IV;CLASE 0;;;GRUPO BIa;GL Esmaltado;;;NO;;1600-2400 N - 35-45 N/mm2;1;033.090.0033.14782;30X30 (5)MALLA;CATLOGO PAMESA;;;90;90;9;8100;90x90;CORALSTONE;MARFIL;https://www.pamesa.com/ERP/4.0/empresas/151/045/imagenes/t00010602/0330900024082.jpg
17;90;37;14782;0170900024083;SI;REC.GLASS;90x90(N) CORALSTONE PERLA;A;SI;SI;32.2500;SOL29;PAMESA;PAMESA;19/32/02;8429991952785;;8429991773199;M2;2;1.62;32;51.84;33.00;1,081.00;97.00;97.00;86.00;;9.00;22/07/2024;PAMESA;PAMESA;GRES PORCELNICO;0170900024083;;SOLID;CORALSTONE;PIEDRA;;POLIVALENTE;;BASE;MATE RECTIFICADO;VARIACION LEVE;;NO;NO;;PEI IV;CLASE 1;R9;;GRUPO BIa;GL Esmaltado;;36 Low;NO;;1600-2400 N - 35-45 N/mm2;1;017.090.0037.14782;31,6x60;CATLOGO PAMESA;;;90;90;9;8100;90x90;CORALSTONE;PERLA;https://www.pamesa.com/ERP/4.0/empresas/151/045/imagenes/t00010602/0170900024083.jpg
33;90;37;14782;0330900024083;SI;POLIMAT;90x90(N) CORALSTONE PERLA;A;SI;SI;37.5000;SOL46;PAMESA;PAMESA;19/32/02;8429991952808;;8429991773199;M2;2;1.62;32;51.84;33.00;1,081.00;97.00;97.00;86.00;;9.00;22/07/2024;PAMESA;PAMESA;ANTIC GRES PORCELNICO RECTF.;0330900024083;;SOLID;CORALSTONE;PIEDRA;;POLIVALENTE;;BASE;ANTIC;VARIACION LEVE;NO;NO;NO;;PEI IV;CLASE 0;;;GRUPO BIa;GL Esmaltado;;;NO;;1600-2400 N - 35-45 N/mm2;1;033.090.0037.14782;120X280(6MM);CATLOGO PAMESA;;;90;90;9;8100;90x90;CORALSTONE;PERLA;https://www.pamesa.com/ERP/4.0/empresas/151/045/imagenes/t00010602/0330900024083.jpg
17;90;33;14911;0170900024413;SI;REC.GLASS;90x90(N) EXT.CORALSTONE MARFIL;A;SI;SI;0.0000;SOL30;PAM-ADZ.PAMESA;PAMESA;19/32/02;8429991969103;;8429991773199;M2;2;1.62;32;51.84;33.00;1,081.00;97.00;97.00;86.00;;9.00;02/10/2024;PAMESA;PAMESA;GRES PORCELNICO;0170900024413;;SOLID;CORALSTONE;PIEDRA;;ANTIDESLIZANTE;;BASE;MATE RECTIFICADO;;NO;NO;;;;CLASE 3;R11;C;GRUPO BIa;GL Esmaltado;;36 Low;NO;0.42;1600-2400 N - 35-45 N/mm2;1;017.090.0033.14911;25x70;CATLOGO PAMESA;;;90;90;9;8100;90x90;EXT.CORALSTONE;MARFIL;https://www.pamesa.com/ERP/4.0/empresas/151/045/imagenes/t00010602/0170900024413.jpg
17;90;37;14911;0170900024414;SI;REC.GLASS;90x90(N) EXT.CORALSTONE PERLA;A;SI;SI;0.0000;SOL30;PAM-ADZ.PAMESA;PAMESA;19/32/02;8429991969110;;8429991773199;M2;2;1.62;32;51.84;33.00;1,081.00;97.00;97.00;86.00;;9.00;02/10/2024;PAMESA;PAMESA;GRES PORCELNICO;0170900024414;;SOLID;CORALSTONE;PIEDRA;;ANTIDESLIZANTE;;BASE;MATE RECTIFICADO;;NO;NO;;;;CLASE 3;R11;C;GRUPO BIa;GL Esmaltado;;36 Low;NO;0.42;1600-2400 N - 35-45 N/mm2;1;017.090.0037.14911;31,6x60;CATLOGO PAMESA;;;90;90;9;8100;90x90;EXT.CORALSTONE;PERLA;https://www.pamesa.com/ERP/4.0/empresas/151/045/imagenes/t00010602/0170900024414.jpg
17;250;33;14782;0172500024082;SI;REC.GLASS;60x120(n) CORALSTONE MARFIL;A;SI;SI;0.0000;SOL23;PAMESA;PAMESA;L/36/02 RF;8429991966669;;8429991773199;M2;2;1.44;36;51.84;28.62;1,055.32;122.00;84.00;73.50;;;25/09/2024;PAMESA;PAMESA;GRES PORCELNICO;0172500024082;;SOLID;CORALSTONE;PIEDRA;;POLIVALENTE;BASE;BASE;MATE RECTIFICADO;VARIACION LEVE;;NO;NO;;PEI IV;CLASE 1;R9;;GRUPO BIa;GL Esmaltado;;36 Low;NO;;1600-2400 N - 35-45 N/mm2;1;017.250.0033.14782;60X120(n);CATLOGO PAMESA;;;60;120;9;7200;60x120;CORALSTONE;MARFIL;https://www.pamesa.com/ERP/4.0/empresas/151/045/imagenes/t00010602/0172500024082.jpg
33;869;33;14782;0338690024082;SI;POLIMAT;60x120 CORALSTONE MARFIL;A;SI;SI;37.5000;SOL27;PAMESA;PAMESA;L/32/02;8429991952839;;8429991773199;M2;2;1.44;32;46.08;34.25;1,121.00;122.00;84.00;75.00;;10.50;22/07/2024;PAMESA;PAMESA;ANTIC GRES PORCELNICO RECTF.;0338690024082;;SOLID;CORALSTONE;PIEDRA;;POLIVALENTE;;BASE;ANTIC;VARIACION LEVE;NO;NO;NO;;PEI IV;CLASE 0;;;GRUPO BIa;GL Esmaltado;;;NO;;1600-2400 N - 35-45 N/mm2;1;033.869.0033.14782;30X90PBCA;CATLOGO PAMESA;;;60;120;10,5;7200;60x120;CORALSTONE;MARFIL;https://www.pamesa.com/ERP/4.0/empresas/151/045/imagenes/t00010602/0338690024082.jpg
17;250;37;14782;0172500024083;SI;REC.GLASS;60x120(n) CORALSTONE PERLA;A;SI;SI;0.0000;SOL23;PAMESA;PAMESA;L/36/02 RF;8429991966652;;8429991773199;M2;2;1.44;36;51.84;28.62;1,055.32;122.00;84.00;73.50;;;25/09/2024;PAMESA;PAMESA;GRES PORCELNICO;0172500024083;;SOLID;CORALSTONE;PIEDRA;;POLIVALENTE;BASE;BASE;MATE RECTIFICADO;VARIACION LEVE;;NO;NO;;PEI IV;CLASE 1;R9;;GRUPO BIa;GL Esmaltado;;36 Low;NO;;1600-2400 N - 35-45 N/mm2;1;017.250.0037.14782;30x30(7)Malla;CATLOGO PAMESA;;;60;120;9;7200;60x120;CORALSTONE;PERLA;https://www.pamesa.com/ERP/4.0/empresas/151/045/imagenes/t00010602/0172500024083.jpg
33;869;37;14782;0338690024083;SI;POLIMAT;60x120 CORALSTONE PERLA;A;SI;SI;37.5000;SOL27;PAMESA;PAMESA;L/32/02;8429991952723;;8429991773199;M2;2;1.44;32;46.08;34.25;1,121.00;122.00;84.00;75.00;;10.50;22/07/2024;PAMESA;PAMESA;ANTIC GRES PORCELNICO RECTF.;0338690024083;;SOLID;CORALSTONE;PIEDRA;;POLIVALENTE;;BASE;ANTIC;VARIACION LEVE;NO;NO;NO;;PEI IV;CLASE 0;;;GRUPO BIa;GL Esmaltado;;;NO;;1600-2400 N - 35-45 N/mm2;1;033.869.0037.14782;30X90PBCA;CATLOGO PAMESA;;;60;120;10,5;7200;60x120;CORALSTONE;PERLA;https://www.pamesa.com/ERP/4.0/empresas/151/045/imagenes/t00010602/0338690024083.jpg
17;250;33;15903;0172500038078;SI;REC.GLASS;60x120(n) RLV.CORALSTONE MARFIL;A;SI;SI;0.0000;;PAMESA;PAMESA;L/36/02 RF;8429991180416;;8429991773199;M2;2;1.44;36;51.84;28.62;1,055.32;122.00;84.00;73.50;;;29/09/2025;PAMESA;PAMESA;GRES PORCELNICO;0172500038078;;SOLID;CORALSTONE;PIEDRA;;REVESTIMIENTO;DECORADO;RLV DECORADO;MATE RECTIFICADO;VARIACION LEVE;;SI;;;;CLASE 1;;;GRUPO BIa;GL Esmaltado;;;NO;;1600-2400 N - 35-45 N/mm2;1;017.250.0033.15903;45X90C(N);CATLOGO PAMESA;;;60;120;9;7200;60x120;RLV.CORALSTONE;MARFIL;https://www.pamesa.com/ERP/4.0/empresas/151/045/imagenes/t00010602/0172500038078.jpg
17;250;37;15903;0172500038080;SI;REC.GLASS;60x120(n) RLV.CORALSTONE PERLA;A;SI;SI;0.0000;;PAMESA;PAMESA;L/36/02 RF;8429991180423;;8429991773199;M2;2;1.44;36;51.84;28.62;1,055.32;122.00;84.00;73.50;;;29/09/2025;PAMESA;PAMESA;GRES PORCELNICO;0172500038080;;SOLID;CORALSTONE;PIEDRA;;REVESTIMIENTO;DECORADO;RLV DECORADO;MATE RECTIFICADO;VARIACION LEVE;;SI;;;;CLASE 1;;;GRUPO BIa;GL Esmaltado;;;NO;;1600-2400 N - 35-45 N/mm2;1;017.250.0037.15903;60x120(N)20MM;CATLOGO PAMESA;;;60;120;9;7200;60x120;RLV.CORALSTONE;PERLA;https://www.pamesa.com/ERP/4.0/empresas/151/045/imagenes/t00010602/0172500038080.jpg
17;840;33;14782;0178400024082;SI;REC.GLASS;60x60 CORALSTONE MARFIL;A;SI;SI;22.5000;SOL12;PAMESA;PAMESA;F/30/04 9MM;8429991952730;;8429991773199;M2;4;1.44;30;43.20;29.75;912.50;120.00;80.00;73.50;;9.00;22/07/2024;PAMESA;PAMESA;GRES PORCELNICO;0178400024082;;SOLID;CORALSTONE;PIEDRA;;POLIVALENTE;;BASE;MATE RECTIFICADO;VARIACION LEVE;;NO;NO;;PEI IV;CLASE 1;R9;;GRUPO BIa;GL Esmaltado;;36 Low;NO;;1600-2400 N - 35-45 N/mm2;1;017.840.0033.14782;60x60;CATLOGO PAMESA;;;60;60;9;3600;60x60;CORALSTONE;MARFIL;https://www.pamesa.com/ERP/4.0/empresas/151/045/imagenes/t00010602/0178400024082.jpg
33;840;33;14782;0338400024082;SI;POLIMAT;60x60 CORALSTONE MARFIL;A;SI;SI;28.7500;SOL15;PAMESA;PAMESA;F/30/04 9MM;8429991952754;;8429991773199;M2;4;1.44;30;43.20;29.75;912.50;120.00;80.00;73.50;;9.00;22/07/2024;PAMESA;PAMESA;ANTIC GRES PORCELNICO RECTF.;0338400024082;;SOLID;CORALSTONE;PIEDRA;;POLIVALENTE;;BASE;ANTIC;VARIACION LEVE;NO;NO;NO;;PEI IV;CLASE 0;;;GRUPO BIa;GL Esmaltado;;;NO;;1600-2400 N - 35-45 N/mm2;1;033.840.0033.14782;60X60;CATLOGO PAMESA;;;60;60;9;3600;60x60;CORALSTONE;MARFIL;https://www.pamesa.com/ERP/4.0/empresas/151/045/imagenes/t00010602/0338400024082.jpg
17;840;37;14782;0178400024083;SI;REC.GLASS;60x60 CORALSTONE PERLA;A;SI;SI;22.5000;SOL12;PAMESA;PAMESA;F/30/04 9MM;8429991952747;;8429991773199;M2;4;1.44;30;43.20;29.75;912.50;120.00;80.00;73.50;;9.00;22/07/2024;PAMESA;PAMESA;GRES PORCELNICO;0178400024083;;SOLID;CORALSTONE;PIEDRA;;POLIVALENTE;;BASE;MATE RECTIFICADO;VARIACION LEVE;;NO;NO;;PEI IV;CLASE 1;R9;;GRUPO BIa;GL Esmaltado;;36 Low;NO;;1600-2400 N - 35-45 N/mm2;1;017.840.0037.14782;90X90(N);CATLOGO PAMESA;;;60;60;9;3600;60x60;CORALSTONE;PERLA;https://www.pamesa.com/ERP/4.0/empresas/151/045/imagenes/t00010602/0178400024083.jpg
33;840;37;14782;0338400024083;SI;POLIMAT;60x60 CORALSTONE PERLA;A;SI;SI;28.7500;SOL15;PAMESA;PAMESA;F/30/04 9MM;8429991952761;;8429991773199;M2;4;1.44;30;43.20;29.75;912.50;120.00;80.00;73.50;;9.00;22/07/2024;PAMESA;PAMESA;ANTIC GRES PORCELNICO RECTF.;0338400024083;;SOLID;CORALSTONE;PIEDRA;;POLIVALENTE;;BASE;ANTIC;VARIACION LEVE;NO;NO;NO;;PEI IV;CLASE 0;;;GRUPO BIa;GL Esmaltado;;;NO;;1600-2400 N - 35-45 N/mm2;1;033.840.0037.14782;30X60 (C);CATLOGO PAMESA;;;60;60;9;3600;60x60;CORALSTONE;PERLA;https://www.pamesa.com/ERP/4.0/empresas/151/045/imagenes/t00010602/0338400024083.jpg
25;281;33;14782;0252810024082;SI;PZ.ESP COM-GLAS;30x30 (5)Malla CORALSTONE MARFIL;A;SI;SI;70.2500;MOS5;PAMESA;PAMESA;E/42/11;8429991962296;;;M2;11;1.00;42;42.00;23.00;986.00;120.00;80.00;;;;06/09/2024;PAMESA;PAMESA;GRES PORCELNICO;0252810024082;;SOLID;CORALSTONE;PIEDRA;;POLIVALENTE;MALLA;MOSAICO;MATE RECTIFICADO;VARIACION LEVE;;NO;;;;CLASE 1;;;GRUPO BIa;GL Esmaltado;;36 Low;NO;;;1;025.281.0033.14782;60X120(n);CATLOGO PAMESA;;;30;30;0;900;30x30;CORALSTONE;MARFIL;https://www.pamesa.com/ERP/4.0/empresas/151/045/imagenes/t00010602/0252810024082.jpg
34;281;33;14782;0342810024082;SI;PZ.ESP.POLIMAT;30x30 (5)Malla CORALSTONE MARFIL;A;SI;SI;70.2500;MOS5;PAMESA;PAMESA;E/42/11;8429991962319;;;M2;11;1.00;42;42.00;23.00;986.00;120.00;80.00;;;;06/09/2024;PAMESA;PAMESA;ANTIC GRES PORCELNICO RECTF.;0342810024082;;SOLID;CORALSTONE;PIEDRA;;POLIVALENTE;MALLA;MOSAICO;ANTIC;VARIACION LEVE;NO;NO;;;;CLASE 0;;;GRUPO BIa;GL Esmaltado;;;NO;;;1;034.281.0033.14782;30X90PBCA;CATLOGO PAMESA;;;30;30;0;900;30x30;CORALSTONE;MARFIL;https://www.pamesa.com/ERP/4.0/empresas/151/045/imagenes/t00010602/0342810024082.jpg
25;281;37;14782;0252810024083;SI;PZ.ESP COM-GLAS;30x30 (5)Malla CORALSTONE PERLA;A;SI;SI;70.2500;MOS5;PAMESA;PAMESA;E/42/11;8429991962302;;;M2;11;1.00;42;42.00;23.00;986.00;120.00;80.00;;;;06/09/2024;PAMESA;PAMESA;GRES PORCELNICO;0252810024083;;SOLID;CORALSTONE;PIEDRA;;POLIVALENTE;MALLA;MOSAICO;MATE RECTIFICADO;VARIACION LEVE;;NO;;;;CLASE 1;;;GRUPO BIa;GL Esmaltado;;36 Low;NO;;;1;025.281.0037.14782;30x30(7)Malla;CATLOGO PAMESA;;;30;30;0;900;30x30;CORALSTONE;PERLA;https://www.pamesa.com/ERP/4.0/empresas/151/045/imagenes/t00010602/0252810024083.jpg
34;281;37;14782;0342810024083;SI;PZ.ESP.POLIMAT;30x30 (5)Malla CORALSTONE PERLA;A;SI;SI;70.2500;MOS5;PAMESA;PAMESA;E/42/11;8429991962326;;;M2;11;1.00;42;42.00;23.00;986.00;120.00;80.00;;;;06/09/2024;PAMESA;PAMESA;ANTIC GRES PORCELNICO RECTF.;0342810024083;;SOLID;CORALSTONE;PIEDRA;;POLIVALENTE;MALLA;MOSAICO;ANTIC;VARIACION LEVE;NO;NO;;;;CLASE 0;;;GRUPO BIa;GL Esmaltado;;;NO;;;1;034.281.0037.14782;30X90PBCA;CATLOGO PAMESA;;;30;30;0;900;30x30;CORALSTONE;PERLA;https://www.pamesa.com/ERP/4.0/empresas/151/045/imagenes/t00010602/0342810024083.jpg
17;120;1;14565;0171200023456;SI;REC.GLASS;120x120 CREMA MARFIL 1.;A;SI;SI;42.2500;SOL35;PAMESA;PAMESA;23/36/01;8429991936853;;8429991773199;M2;1;1.44;36;51.84;34.36;1,276.96;126.00;126.00;71.00;;;22/05/2024;PAMESA;PAMESA;GRES PORCELNICO;0171200023456;;SOLID;CREMA MARFIL;MARMOL;;POLIVALENTE;BASE;BASE;MATE RECTIFICADO;VARIACION LEVE;;NO;NO;;;CLASE 1;R9;;GRUPO BIa;GL Esmaltado;;;NO;;1600-2400 N - 35-45 N/mm2;1;017.120.0001.14565;33,3x55;CATLOGO PAMESA;;;120;120;10,2;14400;120x120;CREMA MARFIL;1.;https://www.pamesa.com/ERP/4.0/empresas/151/045/imagenes/t00010602/0171200023456.jpg
33;120;1;14565;0331200023456;SI;POLIMAT;120x120 CREMA MARFIL 1.;A;SI;SI;51.0000;SOL37;PAMESA;PAMESA;23/36/01;8429991936891;;8429991773199;M2;1;1.44;36;51.84;34.36;1,276.96;126.00;126.00;71.00;;;22/05/2024;PAMESA;PAMESA;ANTIC GRES PORCELNICO RECTF.;0331200023456;;SOLID;CREMA MARFIL;MARMOL;;POLIVALENTE;BASE;BASE;ANTIC;VARIACION LEVE;NO;NO;NO;;;CLASE 0;;;GRUPO BIa;GL Esmaltado;;;NO;;1600-2400 N - 35-45 N/mm2;1;033.120.0001.14565;60X120 RF;CATLOGO PAMESA;;;120;120;10,2;14400;120x120;CREMA MARFIL;1.;https://www.pamesa.com/ERP/4.0/empresas/151/045/imagenes/t00010602/0331200023456.jpg
4;120;1;15239;0041200025453;SI;PUL.COMP.;120x120 POL CREMA MARFIL 1.;A;SI;SI;0.0000;POL19;PAMESA;PAMESA;23/36/01;8429991105280;;8429991773199;M2;1;1.44;36;51.84;34.36;1,276.96;126.00;126.00;71.00;;;24/02/2025;PAMESA;PAMESA;GRES PORCELNICO ESMALTADO PULIDO RECTF.;0041200025453;;SOLID;CREMA MARFIL;MARMOL;;POLIVALENTE;BASE;BASE;PULIDO;VARIACION LEVE;NO;NO;;;;CLASE 0;;;GRUPO BIa;GL Esmaltado;;;NO;;1600-2400 N - 35-45 N/mm2;1;004.120.0001.15239;60X120 RF;CATLOGO PAMESA;;;120;120;10,2;14400;120x120;POL CREMA MARFIL;1.;https://www.pamesa.com/ERP/4.0/empresas/151/045/imagenes/t00010602/0041200025453.jpg
17;120;1;15239;0171200026187;SI;REC.GLASS;120x120 POL CREMA MARFIL 1.;A;SI;SI;0.0000;POL18;PAMESA;PAMESA;23/36/01;8429991111922;;8429991773199;M2;1;1.44;36;51.84;34.36;1,276.96;126.00;126.00;71.00;;;12/03/2025;PAMESA;PAMESA;GRES PORCELNICO ESMALTADO;0171200026187;;SOLID;CREMA MARFIL;MARMOL;;POLIVALENTE;BASE;BASE;SATEN RECTIFICADO;VARIACION LEVE;;NO;;;;CLASE 0;;;GRUPO BIa;GL Esmaltado;;;NO;;1600-2400 N - 35-45 N/mm2;1;017.120.0001.15239;33,3x55;CATLOGO PAMESA;;;120;120;10,2;14400;120x120;POL CREMA MARFIL;1.;https://www.pamesa.com/ERP/4.0/empresas/151/045/imagenes/t00010602/0171200026187.jpg
17;10;1;15811;0170100036506;SI;REC.GLASS;100x100 CREMA MARFIL ST 1.;A;SI;SI;0.0000;;PAMESA;PAMESA;27/27/02;8429991172558;;8429991773199;M2;2;2.00;27;54.00;41.15;1,133.05;107.00;107.00;77.00;;;11/09/2025;PAMESA;PAMESA;GRES PORCELNICO ESMALTADO;0170100036506;;SOLID;CREMA MARFIL;MARMOL;;POLIVALENTE;BASE;BASE;SATEN RECTIFICADO;VARIACION LEVE;;NO;;;;CLASE 0;;;GRUPO BIa;GL Esmaltado;;;NO;;1600-2400 N - 35-45 N/mm2;1;017.010.0001.15811;30,3X61,3;CATLOGO PAMESA;;;100;100;9;10000;100x100;CREMA MARFIL ST;1.;https://www.pamesa.com/ERP/4.0/empresas/151/045/imagenes/t00010602/0170100036506.jpg
17;250;1;14565;0172500023456;SI;REC.GLASS;60x120(n) CREMA MARFIL 1.;A;SI;SI;0.0000;SOL23;PAMESA;PAMESA;L/36/02 RF;8429991106485;;8429991773199;M2;2;1.44;36;51.84;28.62;1,055.32;122.00;84.00;73.50;;;26/02/2025;PAMESA;PAMESA;GRES PORCELNICO;0172500023456;;SOLID;CREMA MARFIL;MARMOL;;POLIVALENTE;BASE;BASE;MATE RECTIFICADO;VARIACION LEVE;;NO;;;;CLASE 1;R9;;GRUPO BIa;GL Esmaltado;;;NO;;1600-2400 N - 35-45 N/mm2;1;017.250.0001.14565;60X120 RF;CATLOGO PAMESA;;;60;120;9;7200;60x120;CREMA MARFIL;1.;https://www.pamesa.com/ERP/4.0/empresas/151/045/imagenes/t00010602/0172500023456.jpg
33;869;1;14565;0338690023456;SI;POLIMAT;60x120 CREMA MARFIL 1.;A;SI;SI;37.5000;SOL27;PAMESA;PAMESA;L/32/02;8429991936907;;8429991773199;M2;2;1.44;32;46.08;34.25;1,121.00;122.00;84.00;75.00;;10.50;22/05/2024;PAMESA;PAMESA;ANTIC GRES PORCELNICO RECTF.;0338690023456;;SOLID;CREMA MARFIL;MARMOL;;POLIVALENTE;BASE;BASE;ANTIC;VARIACION LEVE;NO;NO;NO;;;CLASE 0;;;GRUPO BIa;GL Esmaltado;;;NO;;1600-2400 N - 35-45 N/mm2;1;033.869.0001.14565;30X30 (5)MALLA;CATLOGO PAMESA;;;60;120;10,5;7200;60x120;CREMA MARFIL;1.;https://www.pamesa.com/ERP/4.0/empresas/151/045/imagenes/t00010602/0338690023456.jpg
4;869;1;15239;0048690025453;SI;PUL.COMP.;60x120 POL CREMA MARFIL 1.;A;SI;SI;0.0000;POL13;PAMESA;PAMESA;L/32/02;8429991105297;;8429991773199;M2;2;1.44;32;46.08;34.25;1,121.00;122.00;84.00;75.00;;10.50;24/02/2025;PAMESA;PAMESA;GRES PORCELNICO ESMALTADO PULIDO RECTF.;0048690025453;;SOLID;CREMA MARFIL;MARMOL;;POLIVALENTE;BASE;BASE;PULIDO;VARIACION LEVE;NO;NO;;;;CLASE 0;;;GRUPO BIa;GL Esmaltado;;;NO;;1600-2400 N - 35-45 N/mm2;1;004.869.0001.15239;60X60;CATLOGO PAMESA;;;60;120;10,5;7200;60x120;POL CREMA MARFIL;1.;https://www.pamesa.com/ERP/4.0/empresas/151/045/imagenes/t00010602/0048690025453.jpg
17;869;1;15239;0178690026186;SI;REC.GLASS;60x120 POL CREMA MARFIL 1.;A;SI;SI;0.0000;POL12;PAMESA;PAMESA;L/32/02;8429991111915;;8429991773199;M2;2;1.44;32;46.08;34.25;1,121.00;122.00;84.00;75.00;;10.50;12/03/2025;PAMESA;PAMESA;GRES PORCELNICO ESMALTADO;0178690026186;;SOLID;CREMA MARFIL;MARMOL;;POLIVALENTE;BASE;BASE;SATEN RECTIFICADO;VARIACION LEVE;;NO;;;;CLASE 0;;;GRUPO BIa;GL Esmaltado;;;NO;;1600-2400 N - 35-45 N/mm2;1;017.869.0001.15239;30X30 (5)MALLA;CATLOGO PAMESA;;;60;120;10,5;7200;60x120;POL CREMA MARFIL;1.;https://www.pamesa.com/ERP/4.0/empresas/151/045/imagenes/t00010602/0178690026186.jpg
17;840;1;14565;0178400023456;SI;REC.GLASS;60x60 CREMA MARFIL 1.;A;SI;SI;0.0000;SOL12;PAMESA;PAMESA;F/30/04 9MM;8429991104405;;8429991773199;M2;4;1.44;30;43.20;29.75;912.50;120.00;80.00;73.50;;9.00;21/02/2025;PAMESA;PAMESA;GRES PORCELNICO;0178400023456;;SOLID;CREMA MARFIL;MARMOL;;POLIVALENTE;BASE;BASE;MATE RECTIFICADO;VARIACION LEVE;;NO;;;;CLASE 1;;;GRUPO BIa;GL Esmaltado;;;NO;;1600-2400 N - 35-45 N/mm2;1;017.840.0001.14565;60x60;CATLOGO PAMESA;;;60;60;9;3600;60x60;CREMA MARFIL;1.;https://www.pamesa.com/ERP/4.0/empresas/151/045/imagenes/t00010602/0178400023456.jpg
33;840;1;14565;0338400023456;SI;POLIMAT;60x60 CREMA MARFIL 1.;A;SI;SI;0.0000;SOL15;PAMESA;PAMESA;F/30/04 9MM;8429991103637;;8429991773199;M2;4;1.44;30;43.20;29.75;912.50;120.00;80.00;73.50;;9.00;19/02/2025;PAMESA;PAMESA;ANTIC GRES PORCELNICO RECTF.;0338400023456;;SOLID;CREMA MARFIL;MARMOL;;POLIVALENTE;BASE;BASE;ANTIC;VARIACION LEVE;;NO;;;;CLASE 0;;;GRUPO BIa;GL Esmaltado;;;NO;;;1;033.840.0001.14565;60X120 RF;CATLOGO PAMESA;;;60;60;9;3600;60x60;CREMA MARFIL;1.;https://www.pamesa.com/ERP/4.0/empresas/151/045/imagenes/t00010602/0338400023456.jpg
4;840;1;15239;0048400025453;SI;PUL.COMP.;60x60 POL CREMA MARFIL 1.;A;SI;SI;0.0000;POL06;PAMESA;PAMESA;F/30/04;8429991105303;;8429991773199;M2;4;1.44;30;43.20;30.00;920.00;120.00;80.00;73.50;;;24/02/2025;PAMESA;PAMESA;GRES PORCELNICO ESMALTADO PULIDO RECTF.;0048400025453;;SOLID;CREMA MARFIL;MARMOL;;POLIVALENTE;BASE;BASE;PULIDO;VARIACION LEVE;;NO;;;;CLASE 0;;;GRUPO BIa;GL Esmaltado;;;NO;;1600-2400 N - 35-45 N/mm2;1;004.840.0001.15239;90X90(N);CATLOGO PAMESA;;;60;60;9;3600;60x60;POL CREMA MARFIL;1.;https://www.pamesa.com/ERP/4.0/empresas/151/045/imagenes/t00010602/0048400025453.jpg
17;840;1;15239;0178400026182;SI;REC.GLASS;60x60 POL CREMA MARFIL 1.;A;SI;SI;0.0000;POL05;PAMESA;PAMESA;F/30/04;8429991111908;;8429991773199;M2;4;1.44;30;43.20;30.00;920.00;120.00;80.00;73.50;;;12/03/2025;PAMESA;PAMESA;GRES PORCELNICO ESMALTADO;0178400026182;;SOLID;CREMA MARFIL;MARMOL;;POLIVALENTE;BASE;BASE;SATEN RECTIFICADO;VARIACION LEVE;;NO;;;;CLASE 0;;;GRUPO BIa;GL Esmaltado;;;NO;;1600-2400 N - 35-45 N/mm2;1;017.840.0001.15239;33,3x33,3;CATLOGO PAMESA;;;60;60;9;3600;60x60;POL CREMA MARFIL;1.;https://www.pamesa.com/ERP/4.0/empresas/151/045/imagenes/t00010602/0178400026182.jpg
34;281;1;14565;0342810023456;SI;PZ.ESP.POLIMAT;30x30 (5)Malla CREMA MARFIL 1.;A;SI;SI;70.2500;MOS5;PAMESA;PAMESA;E/42/11;8429991962333;;;M2;11;1.00;42;42.00;23.00;986.00;120.00;80.00;;;;06/09/2024;PAMESA;PAMESA;;0342810023456;;SOLID;CREMA MARFIL;MARMOL;;POLIVALENTE;BASE;BASE;;VARIACION LEVE;;NO;;;;CLASE 0;;;GRUPO BIa;GL Esmaltado;;;NO;;;1;034.281.0001.14565;60X120 PB;CATLOGO PAMESA;;;30;30;0;900;30x30;CREMA MARFIL;1.;https://www.pamesa.com/ERP/4.0/empresas/151/045/imagenes/t00010602/0342810023456.jpg
35;120;12;2032;0351200122032;SI;REC.PEDRA;120x120 CROMAT BLANCO;A;SI;SI;42.5000;SOL35;PAMESA;PAMESA;23/36/01;8429991869717;;8429991773236;M2;1;1.44;36;51.84;34.36;1,276.96;126.00;126.00;71.00;;;07/12/2023;PAMESA;SERIE CROMAT;GRES PORCELNICO;0351200122032;;SOLID;CROMAT;PIEDRA;;POLIVALENTE;BASE;BASE;MATE RECTIFICADO;VARIACION LEVE;NO;SI;;;;CLASE 1;R9;;GRUPO BIa;UGL No esmaltado;60 Low;;NO;;1600-2400 N - 35-45 N/mm2;1;035.120.0012.02032;30X90PBCA;CATLOGO PAMESA;;;120;120;10,2;14400;120x120;CROMAT;BLANCO;https://www.pamesa.com/ERP/4.0/empresas/151/045/imagenes/t00010602/0351200122032.jpg
35;120;2;2032;0351200022032;SI;REC.PEDRA;120x120 CROMAT GRIS;A;SI;SI;42.5000;SOL35;PAMESA;PAMESA;23/36/01;8429991330255;;8429991773236;M2;1;1.44;36;51.84;34.36;1,276.96;126.00;126.00;71.00;;;08/09/2017;PAMESA;SERIE CROMAT;GRES PORCELNICO;0351200022032;;SOLID;CROMAT;PIEDRA;;POLIVALENTE;;BASE;MATE RECTIFICADO;VARIACION LEVE;NO;SI;;;;CLASE 1;R9;;GRUPO BIa;UGL No esmaltado;60 Low;;NO;;1600-2400 N - 35-45 N/mm2;1;035.120.0002.02032;30X90PBCA;CATLOGO PAMESA;;;120;120;10,2;14400;120x120;CROMAT;GRIS;https://www.pamesa.com/ERP/4.0/empresas/151/045/imagenes/t00010602/0351200022032.jpg
35;120;28;2032;0351200282032;SI;REC.PEDRA;120x120 CROMAT MARENGO;A;SI;SI;42.5000;SOL35;PAMESA;PAMESA;23/36/01;8429991330262;;8429991773236;M2;1;1.44;36;51.84;34.36;1,276.96;126.00;126.00;71.00;;;08/09/2017;PAMESA;SERIE CROMAT;GRES PORCELNICO;0351200282032;;SOLID;CROMAT;PIEDRA;;POLIVALENTE;BASE;BASE;MATE RECTIFICADO;VARIACION LEVE;NO;SI;;;;CLASE 1;R9;;GRUPO BIa;UGL No esmaltado;60 Low;;NO;;1600-2400 N - 35-45 N/mm2;1;035.120.0028.02032;40X120;CATLOGO PAMESA;;;120;120;10,2;14400;120x120;CROMAT;MARENGO;https://www.pamesa.com/ERP/4.0/empresas/151/045/imagenes/t00010602/0351200282032.jpg
35;120;33;2032;0351200332032;SI;REC.PEDRA;120x120 CROMAT MARFIL;A;SI;SI;42.5000;SOL35;PAMESA;PAMESA;23/36/01;8429991330279;;8429991773236;M2;1;1.44;36;51.84;34.36;1,276.96;126.00;126.00;71.00;;;08/09/2017;PAMESA;SERIE CROMAT;GRES PORCELNICO;0351200332032;;SOLID;CROMAT;PIEDRA;;POLIVALENTE;BASE;BASE;MATE RECTIFICADO;VARIACION LEVE;NO;SI;;;;CLASE 1;R9;;GRUPO BIa;UGL No esmaltado;60 Low;;NO;;1600-2400 N - 35-45 N/mm2;1;035.120.0033.02032;40X120;CATLOGO PAMESA;;;120;120;10,2;14400;120x120;CROMAT;MARFIL;https://www.pamesa.com/ERP/4.0/empresas/151/045/imagenes/t00010602/0351200332032.jpg
35;120;160;2032;0351201602032;SI;REC.PEDRA;120x120 CROMAT NOCE;A;SI;SI;42.5000;SOL35;PAMESA;PAMESA;23/36/01;8429991330293;;8429991773236;M2;1;1.44;36;51.84;34.36;1,276.96;126.00;126.00;71.00;;;08/09/2017;PAMESA;SERIE CROMAT;GRES PORCELNICO;0351201602032;;SOLID;CROMAT;PIEDRA;;POLIVALENTE;BASE;BASE;MATE RECTIFICADO;VARIACION LEVE;NO;SI;;;;CLASE 1;R9;;GRUPO BIa;UGL No esmaltado;60 Low;;NO;;1600-2400 N - 35-45 N/mm2;1;035.120.0160.02032;33,3x100;CATLOGO PAMESA;;;120;120;10,2;14400;120x120;CROMAT;NOCE;https://www.pamesa.com/ERP/4.0/empresas/151/045/imagenes/t00010602/0351201602032.jpg
35;120;37;2032;0351200372032;SI;REC.PEDRA;120x120 CROMAT PERLA;A;SI;SI;42.5000;SOL35;PAMESA;PAMESA;23/36/01;8429991330286;;8429991773236;M2;1;1.44;36;51.84;34.36;1,276.96;126.00;126.00;71.00;;;08/09/2017;PAMESA;SERIE CROMAT;GRES PORCELNICO;0351200372032;;SOLID;CROMAT;PIEDRA;;POLIVALENTE;;BASE;MATE RECTIFICADO;VARIACION LEVE;NO;SI;;;;CLASE 1;R9;;GRUPO BIa;UGL No esmaltado;60 Low;;NO;;1600-2400 N - 35-45 N/mm2;1;035.120.0037.02032;36x80;CATLOGO PAMESA;;;120;120;10,2;14400;120x120;CROMAT;PERLA;https://www.pamesa.com/ERP/4.0/empresas/151/045/imagenes/t00010602/0351200372032.jpg
35;120;33;14158;0351200022041;SI;REC.PEDRA;120x120 EXT.CROMAT MARFIL;A;SI;SI;0.0000;SOL36;PAM-ADZ.PAMESA;PAMESA;23/36/01;8429991973445;;8429991773236;M2;1;1.44;36;51.84;34.36;1,276.96;126.00;126.00;71.00;;;22/10/2024;PAMESA;PAMESA;GRES PORCELNICO;0351200022041;;SOLID;CROMAT;PIEDRA;;ANTIDESLIZANTE;;BASE;MATE RECTIFICADO;;NO;SI;;;;CLASE 3;R11;C;GRUPO BIa;UGL No esmaltado;;36 Low;NO;0.42;1600-2400 N - 35-45 N/mm2;1;035.120.0033.14158;40X120;CATLOGO PAMESA;;;120;120;10,2;14400;120x120;EXT.CROMAT;MARFIL;https://www.pamesa.com/ERP/4.0/empresas/151/045/imagenes/t00010602/0351200022041.jpg
35;120;37;14158;0351200022930;SI;REC.PEDRA;120x120 EXT.CROMAT PERLA;A;SI;SI;0.0000;SOL36;PAM-ADZ.PAMESA;PAMESA;23/36/01;8429991973452;;8429991773236;M2;1;1.44;36;51.84;34.36;1,276.96;126.00;126.00;71.00;;;22/10/2024;PAMESA;PAMESA;GRES PORCELNICO;0351200022930;;SOLID;CROMAT;PIEDRA;;ANTIDESLIZANTE;;BASE;MATE RECTIFICADO;;NO;SI;;;;CLASE 3;R11;C;GRUPO BIa;UGL No esmaltado;;36 Low;NO;0.42;1600-2400 N - 35-45 N/mm2;1;035.120.0037.14158;36x80;CATLOGO PAMESA;;;120;120;10,2;14400;120x120;EXT.CROMAT;PERLA;https://www.pamesa.com/ERP/4.0/empresas/151/045/imagenes/t00010602/0351200022930.jpg
35;90;12;2032;0350900122032;SI;REC.PEDRA;90x90(N) CROMAT BLANCO;A;SI;SI;31.7500;SOL29;PAMESA;PAMESA;19/32/02;8429991942366;;8429991773236;M2;2;1.62;32;51.84;33.00;1,081.00;97.00;97.00;86.00;;9.00;14/06/2024;PAMESA;PAMESA;GRES PORCELNICO;0350900122032;;SOLID;CROMAT;PIEDRA;;POLIVALENTE;BASE;BASE;MATE RECTIFICADO;VARIACION LEVE;NO;SI;NO;;;CLASE 1;R9;;GRUPO BIa;UGL No esmaltado;60 Low;;NO;;1600-2400 N - 35-45 N/mm2;1;035.090.0012.02032;33,3x100;CATLOGO PAMESA;;;90;90;9;8100;90x90;CROMAT;BLANCO;https://www.pamesa.com/ERP/4.0/empresas/151/045/imagenes/t00010602/0350900122032.jpg
35;90;2;2032;0350900022032;SI;REC.PEDRA;90x90(N) CROMAT GRIS;A;SI;SI;31.7500;SOL29;PAMESA;PAMESA;19/32/02;8429991942359;;8429991773236;M2;2;1.62;32;51.84;33.00;1,081.00;97.00;97.00;86.00;;9.00;14/06/2024;PAMESA;PAMESA;GRES PORCELNICO;0350900022032;;SOLID;CROMAT;PIEDRA;;POLIVALENTE;BASE;BASE;MATE RECTIFICADO;VARIACION LEVE;NO;SI;NO;;;CLASE 1;R9;;GRUPO BIa;UGL No esmaltado;60 Low;;NO;;1600-2400 N - 35-45 N/mm2;1;035.090.0002.02032;33,3x100;CATLOGO PAMESA;;;90;90;9;8100;90x90;CROMAT;GRIS;https://www.pamesa.com/ERP/4.0/empresas/151/045/imagenes/t00010602/0350900022032.jpg
35;90;28;2032;0350900282032;SI;REC.PEDRA;90x90(N) CROMAT MARENGO;A;SI;SI;31.7500;SOL29;PAMESA;PAMESA;19/32/02;8429991942373;;8429991773236;M2;2;1.62;32;51.84;33.00;1,081.00;97.00;97.00;86.00;;9.00;14/06/2024;PAMESA;PAMESA;GRES PORCELNICO;0350900282032;;SOLID;CROMAT;PIEDRA;;POLIVALENTE;BASE;BASE;MATE RECTIFICADO;VARIACION LEVE;NO;SI;NO;;;CLASE 1;R9;;GRUPO BIa;UGL No esmaltado;60 Low;;NO;;1600-2400 N - 35-45 N/mm2;1;035.090.0028.02032;33,3x100;CATLOGO PAMESA;;;90;90;9;8100;90x90;CROMAT;MARENGO;https://www.pamesa.com/ERP/4.0/empresas/151/045/imagenes/t00010602/0350900282032.jpg
35;90;33;2032;0350900332032;SI;REC.PEDRA;90x90(N) CROMAT MARFIL;A;SI;SI;31.7500;SOL29;PAMESA;PAMESA;19/32/02;8429991942380;;8429991773236;M2;2;1.62;32;51.84;33.00;1,081.00;97.00;97.00;86.00;;9.00;14/06/2024;PAMESA;PAMESA;GRES PORCELNICO;0350900332032;;SOLID;CROMAT;PIEDRA;;POLIVALENTE;BASE;BASE;MATE RECTIFICADO;VARIACION LEVE;NO;SI;NO;;;CLASE 1;R9;;GRUPO BIa;UGL No esmaltado;60 Low;;NO;;1600-2400 N - 35-45 N/mm2;1;035.090.0033.02032;33,3x100;CATLOGO PAMESA;;;90;90;9;8100;90x90;CROMAT;MARFIL;https://www.pamesa.com/ERP/4.0/empresas/151/045/imagenes/t00010602/0350900332032.jpg
35;90;160;2032;0350901602032;SI;REC.PEDRA;90x90(N) CROMAT NOCE;A;SI;SI;31.7500;SOL29;PAMESA;PAMESA;19/32/02;8429991942403;;8429991773236;M2;2;1.62;32;51.84;33.00;1,081.00;97.00;97.00;86.00;;9.00;14/06/2024;PAMESA;PAMESA;GRES PORCELNICO;0350901602032;;SOLID;CROMAT;PIEDRA;;POLIVALENTE;BASE;BASE;MATE RECTIFICADO;VARIACION LEVE;NO;SI;NO;;;CLASE 1;R9;;GRUPO BIa;UGL No esmaltado;60 Low;;NO;;1600-2400 N - 35-45 N/mm2;1;035.090.0160.02032;30X90PBCA;CATLOGO PAMESA;;;90;90;9;8100;90x90;CROMAT;NOCE;https://www.pamesa.com/ERP/4.0/empresas/151/045/imagenes/t00010602/0350901602032.jpg
35;90;37;2032;0350900372032;SI;REC.PEDRA;90x90(N) CROMAT PERLA;A;SI;SI;31.7500;SOL29;PAMESA;PAMESA;19/32/02;8429991942397;;8429991773236;M2;2;1.62;32;51.84;33.00;1,081.00;97.00;97.00;86.00;;9.00;14/06/2024;PAMESA;PAMESA;GRES PORCELNICO;0350900372032;;SOLID;CROMAT;PIEDRA;;POLIVALENTE;BASE;BASE;MATE RECTIFICADO;VARIACION LEVE;NO;SI;NO;;;CLASE 1;R9;;GRUPO BIa;UGL No esmaltado;60 Low;;NO;;1600-2400 N - 35-45 N/mm2;1;035.090.0037.02032;30X90PBCA;CATLOGO PAMESA;;;90;90;9;8100;90x90;CROMAT;PERLA;https://www.pamesa.com/ERP/4.0/empresas/151/045/imagenes/t00010602/0350900372032.jpg
17;250;12;2032;0172500042282;SI;REC.GLASS;60x120(n) CROMAT BLANCO;A;SI;SI;0.0000;SOL23;PAMESA;PAMESA;L/36/02 RF;8429991195908;;8429991773199;M2;2;1.44;36;51.84;28.62;1,055.32;122.00;84.00;73.50;;;13/11/2025;PAMESA;PAMESA;GRES PORCELNICO;0172500042282;;SOLID;CROMAT;PIEDRA;;POLIVALENTE;BASE;BASE;MATE RECTIFICADO;VARIACION LEVE;;;;;;CLASE 1;R9;;GRUPO BIa;GL Esmaltado;;;NO;;1600-2400 N - 35-45 N/mm2;1;017.250.0012.02032;60X120 RF;CATLOGO PAMESA;;;60;120;9;7200;60x120;CROMAT;BLANCO;https://www.pamesa.com/ERP/4.0/empresas/151/045/imagenes/t00010602/0172500042282.jpg
35;869;12;2032;0358690122032;SI;REC.PEDRA;60x120 CROMAT BLANCO;A;SI;SI;33.5000;SOL25;PAMESA;PAMESA;L/32/02;8429991869755;;8429991773236;M2;2;1.44;32;46.08;34.25;1,121.00;122.00;84.00;75.00;;10.50;07/12/2023;PAMESA;SERIE CROMAT;GRES PORCELNICO;0358690122032;;SOLID;CROMAT;PIEDRA;;POLIVALENTE;BASE;BASE;MATE RECTIFICADO;VARIACION LEVE;NO;SI;;12;;CLASE 1;R9;;GRUPO BIa;UGL No esmaltado;60 Low;;NO;;1600-2400 N - 35-45 N/mm2;1;035.869.0012.02032;60X120 PB;CATLOGO PAMESA;;;60;120;10,5;7200;60x120;CROMAT;BLANCO;https://www.pamesa.com/ERP/4.0/empresas/151/045/imagenes/t00010602/0358690122032.jpg
39;869;12;2032;0398690122032;SI;SEMI-PUL. PEDRA;60x120 CROMAT BLANCO;A;SI;SI;37.7500;SOL28;PAMESA;PAMESA;L/32/02;8429991869830;;8429991773236;M2;2;1.44;32;46.08;34.25;1,121.00;122.00;84.00;75.00;;10.50;07/12/2023;PAMESA;PAMESA;GRES PORCELNICO;0398690122032;;SOLID;CROMAT;PIEDRA;;POLIVALENTE;BASE;BASE;LAPATTO;VARIACION LEVE;;SI;;12;;CLASE 0;;;GRUPO BIa;UGL No esmaltado;;;NO;;1600-2400 N - 35-45 N/mm2;1;039.869.0012.02032;40X120;CATLOGO PAMESA;;;60;120;10,5;7200;60x120;CROMAT;BLANCO;https://www.pamesa.com/ERP/4.0/empresas/151/045/imagenes/t00010602/0398690122032.jpg
17;250;2;2032;0172500042276;SI;REC.GLASS;60x120(n) CROMAT GRIS;A;SI;SI;0.0000;SOL23;PAMESA;PAMESA;L/36/02 RF;8429991195892;;8429991773199;M2;2;1.44;36;51.84;28.62;1,055.32;122.00;84.00;73.50;;;13/11/2025;PAMESA;PAMESA;GRES PORCELNICO;0172500042276;;SOLID;CROMAT;PIEDRA;;POLIVALENTE;BASE;BASE;MATE RECTIFICADO;VARIACION LEVE;;;;;;CLASE 1;R9;;GRUPO BIa;GL Esmaltado;;;NO;;1600-2400 N - 35-45 N/mm2;1;017.250.0002.02032;30X30 (5)MALLA;CATLOGO PAMESA;;;60;120;9;7200;60x120;CROMAT;GRIS;https://www.pamesa.com/ERP/4.0/empresas/151/045/imagenes/t00010602/0172500042276.jpg
35;869;2;2032;0358690022032;SI;REC.PEDRA;60x120 CROMAT GRIS;A;SI;SI;33.5000;SOL25;PAMESA;PAMESA;L/32/02;8429991338633;;8429991773236;M2;2;1.44;32;46.08;34.25;1,121.00;122.00;84.00;75.00;;10.50;02/11/2017;PAMESA;SERIE CROMAT;GRES PORCELNICO;0358690022032;;SOLID;CROMAT;PIEDRA;;POLIVALENTE;BASE;BASE;MATE RECTIFICADO;VARIACION LEVE;NO;SI;;12;;CLASE 1;R9;;GRUPO BIa;UGL No esmaltado;60 Low;;NO;;1600-2400 N - 35-45 N/mm2;1;035.869.0002.02032;60X120 PB;CATLOGO PAMESA;;;60;120;10,5;7200;60x120;CROMAT;GRIS;https://www.pamesa.com/ERP/4.0/empresas/151/045/imagenes/t00010602/0358690022032.jpg
39;869;2;2032;0398690022032;SI;SEMI-PUL. PEDRA;60x120 CROMAT GRIS;A;SI;SI;37.7500;SOL28;PAMESA;PAMESA;L/32/02;8429991338688;;8429991773236;M2;2;1.44;32;46.08;34.25;1,121.00;122.00;84.00;75.00;;10.50;02/11/2017;PAMESA;PAMESA;GRES PORCELNICO;0398690022032;;SOLID;CROMAT;PIEDRA;;POLIVALENTE;BASE;BASE;LAPATTO;VARIACION LEVE;;SI;;12;;CLASE 0;;;GRUPO BIa;UGL No esmaltado;55 Low;30 Moderate;NO;;1600-2400 N - 35-45 N/mm2;1;039.869.0002.02032;40X120;CATLOGO PAMESA;;;60;120;10,5;7200;60x120;CROMAT;GRIS;https://www.pamesa.com/ERP/4.0/empresas/151/045/imagenes/t00010602/0398690022032.jpg
17;250;28;2032;0172500042283;SI;REC.GLASS;60x120(n) CROMAT MARENGO;A;SI;SI;0.0000;SOL23;PAMESA;PAMESA;L/36/02 RF;8429991195915;;8429991773199;M2;2;1.44;36;51.84;28.62;1,055.32;122.00;84.00;73.50;;;13/11/2025;PAMESA;PAMESA;GRES PORCELNICO;0172500042283;;SOLID;CROMAT;PIEDRA;;POLIVALENTE;BASE;BASE;MATE RECTIFICADO;VARIACION LEVE;;;;;;CLASE 1;R9;;GRUPO BIa;GL Esmaltado;;;NO;;1600-2400 N - 35-45 N/mm2;1;017.250.0028.02032;120X280(6MM);CATLOGO PAMESA;;;60;120;9;7200;60x120;CROMAT;MARENGO;https://www.pamesa.com/ERP/4.0/empresas/151/045/imagenes/t00010602/0172500042283.jpg
35;869;28;2032;0358690282032;SI;REC.PEDRA;60x120 CROMAT MARENGO;A;SI;SI;33.5000;SOL25;PAMESA;PAMESA;L/32/02;8429991338657;;8429991773236;M2;2;1.44;32;46.08;34.25;1,121.00;122.00;84.00;75.00;;10.50;02/11/2017;PAMESA;SERIE CROMAT;GRES PORCELNICO;0358690282032;;SOLID;CROMAT;PIEDRA;;POLIVALENTE;BASE;BASE;MATE RECTIFICADO;VARIACION LEVE;NO;SI;;12;;CLASE 1;R9;;GRUPO BIa;UGL No esmaltado;60 Low;;NO;;1600-2400 N - 35-45 N/mm2;1;035.869.0028.02032;60X120 PB;CATLOGO PAMESA;;;60;120;10,5;7200;60x120;CROMAT;MARENGO;https://www.pamesa.com/ERP/4.0/empresas/151/045/imagenes/t00010602/0358690282032.jpg
39;869;28;2032;0398690282032;SI;SEMI-PUL. PEDRA;60x120 CROMAT MARENGO;A;SI;SI;37.7500;SOL28;PAMESA;PAMESA;L/32/02;8429991338701;;8429991773236;M2;2;1.44;32;46.08;34.25;1,121.00;122.00;84.00;75.00;;10.50;02/11/2017;PAMESA;PAMESA;GRES PORCELNICO;0398690282032;;SOLID;CROMAT;PIEDRA;;POLIVALENTE;BASE;BASE;LAPATTO;VARIACION LEVE;;SI;;12;;CLASE 0;;;GRUPO BIa;UGL No esmaltado;55 Low;30 Moderate;NO;;1600-2400 N - 35-45 N/mm2;1;039.869.0028.02032;40X120;CATLOGO PAMESA;;;60;120;10,5;7200;60x120;CROMAT;MARENGO;https://www.pamesa.com/ERP/4.0/empresas/151/045/imagenes/t00010602/0398690282032.jpg
17;250;33;2032;0172500042284;SI;REC.GLASS;60x120(n) CROMAT MARFIL;A;SI;SI;0.0000;SOL23;PAMESA;PAMESA;L/36/02 RF;8429991195922;;8429991773199;M2;2;1.44;36;51.84;28.62;1,055.32;122.00;84.00;73.50;;;13/11/2025;PAMESA;PAMESA;GRES PORCELNICO;0172500042284;;SOLID;CROMAT;PIEDRA;;POLIVALENTE;BASE;BASE;MATE RECTIFICADO;VARIACION LEVE;;;;;;CLASE 1;R9;;GRUPO BIa;GL Esmaltado;;;NO;;1600-2400 N - 35-45 N/mm2;1;017.250.0033.02032;100X100;CATLOGO PAMESA;;;60;120;9;7200;60x120;CROMAT;MARFIL;https://www.pamesa.com/ERP/4.0/empresas/151/045/imagenes/t00010602/0172500042284.jpg
35;869;33;2032;0358690332032;SI;REC.PEDRA;60x120 CROMAT MARFIL;A;SI;SI;33.5000;SOL25;PAMESA;PAMESA;L/32/02;8429991338664;;8429991773236;M2;2;1.44;32;46.08;34.25;1,121.00;122.00;84.00;75.00;;10.50;02/11/2017;PAMESA;SERIE CROMAT;GRES PORCELNICO;0358690332032;;SOLID;CROMAT;PIEDRA;;POLIVALENTE;BASE;BASE;MATE RECTIFICADO;VARIACION LEVE;NO;SI;;12;;CLASE 1;R9;;GRUPO BIa;UGL No esmaltado;60 Low;;NO;;1600-2400 N - 35-45 N/mm2;1;035.869.0033.02032;33,3x100;CATLOGO PAMESA;;;60;120;10,5;7200;60x120;CROMAT;MARFIL;https://www.pamesa.com/ERP/4.0/empresas/151/045/imagenes/t00010602/0358690332032.jpg
39;869;33;2032;0398690332032;SI;SEMI-PUL. PEDRA;60x120 CROMAT MARFIL;A;SI;SI;37.7500;SOL28;PAMESA;PAMESA;L/32/02;8429991338718;;8429991773236;M2;2;1.44;32;46.08;34.25;1,121.00;122.00;84.00;75.00;;10.50;02/11/2017;PAMESA;PAMESA;GRES PORCELNICO;0398690332032;;SOLID;CROMAT;PIEDRA;;POLIVALENTE;BASE;BASE;LAPATTO;VARIACION LEVE;;SI;;12;;CLASE 0;;;GRUPO BIa;UGL No esmaltado;55 Low;30 Moderate;NO;;1600-2400 N - 35-45 N/mm2;1;039.869.0033.02032;40X120;CATLOGO PAMESA;;;60;120;10,5;7200;60x120;CROMAT;MARFIL;https://www.pamesa.com/ERP/4.0/empresas/151/045/imagenes/t00010602/0398690332032.jpg
17;250;160;2032;0172500042286;SI;REC.GLASS;60x120(n) CROMAT NOCE;A;SI;SI;0.0000;SOL23;PAMESA;PAMESA;L/36/02 RF;8429991195946;;8429991773199;M2;2;1.44;36;51.84;28.62;1,055.32;122.00;84.00;73.50;;;13/11/2025;PAMESA;PAMESA;GRES PORCELNICO;0172500042286;;SOLID;CROMAT;PIEDRA;;POLIVALENTE;BASE;BASE;MATE RECTIFICADO;VARIACION LEVE;;;;;;CLASE 1;R9;;GRUPO BIa;GL Esmaltado;;;NO;;1600-2400 N - 35-45 N/mm2;1;017.250.0160.02032;60X120(n);CATLOGO PAMESA;;;60;120;9;7200;60x120;CROMAT;NOCE;https://www.pamesa.com/ERP/4.0/empresas/151/045/imagenes/t00010602/0172500042286.jpg
35;869;160;2032;0358691602032;SI;REC.PEDRA;60x120 CROMAT NOCE;A;SI;SI;33.5000;SOL25;PAMESA;PAMESA;L/32/02;8429991338671;;8429991773236;M2;2;1.44;32;46.08;34.25;1,121.00;122.00;84.00;75.00;;10.50;02/11/2017;PAMESA;SERIE CROMAT;GRES PORCELNICO;0358691602032;;SOLID;CROMAT;PIEDRA;;POLIVALENTE;BASE;BASE;MATE RECTIFICADO;VARIACION LEVE;NO;SI;;12;;CLASE 1;R9;;GRUPO BIa;UGL No esmaltado;60 Low;;NO;;1600-2400 N - 35-45 N/mm2;1;035.869.0160.02032;30X90PBCA;CATLOGO PAMESA;;;60;120;10,5;7200;60x120;CROMAT;NOCE;https://www.pamesa.com/ERP/4.0/empresas/151/045/imagenes/t00010602/0358691602032.jpg
39;869;160;2032;0398691602032;SI;SEMI-PUL. PEDRA;60x120 CROMAT NOCE;A;SI;SI;37.7500;SOL28;PAMESA;PAMESA;L/32/02;8429991338725;;8429991773236;M2;2;1.44;32;46.08;34.25;1,121.00;122.00;84.00;75.00;;10.50;02/11/2017;PAMESA;PAMESA;GRES PORCELNICO;0398691602032;;SOLID;CROMAT;PIEDRA;;POLIVALENTE;BASE;BASE;LAPATTO;VARIACION LEVE;;SI;;12;;CLASE 0;;;GRUPO BIa;UGL No esmaltado;55 Low;30 Moderate;NO;;1600-2400 N - 35-45 N/mm2;1;039.869.0160.02032;40X120;CATLOGO PAMESA;;;60;120;10,5;7200;60x120;CROMAT;NOCE;https://www.pamesa.com/ERP/4.0/empresas/151/045/imagenes/t00010602/0398691602032.jpg
17;250;37;2032;0172500042285;SI;REC.GLASS;60x120(n) CROMAT PERLA;A;SI;SI;0.0000;SOL23;PAMESA;PAMESA;L/36/02 RF;8429991195939;;8429991773199;M2;2;1.44;36;51.84;28.62;1,055.32;122.00;84.00;73.50;;;13/11/2025;PAMESA;PAMESA;GRES PORCELNICO;0172500042285;;SOLID;CROMAT;PIEDRA;;POLIVALENTE;BASE;BASE;MATE RECTIFICADO;VARIACION LEVE;;;;;;CLASE 1;R9;;GRUPO BIa;GL Esmaltado;;;NO;;1600-2400 N - 35-45 N/mm2;1;017.250.0037.02032;60x60;CATLOGO PAMESA;;;60;120;9;7200;60x120;CROMAT;PERLA;https://www.pamesa.com/ERP/4.0/empresas/151/045/imagenes/t00010602/0172500042285.jpg
35;869;37;2032;0358690372032;SI;REC.PEDRA;60x120 CROMAT PERLA;A;SI;SI;33.5000;SOL25;PAMESA;PAMESA;L/32/02;8429991338640;;8429991773236;M2;2;1.44;32;46.08;34.25;1,121.00;122.00;84.00;75.00;;10.50;02/11/2017;PAMESA;SERIE CROMAT;GRES PORCELNICO;0358690372032;;SOLID;CROMAT;PIEDRA;;POLIVALENTE;BASE;BASE;MATE RECTIFICADO;VARIACION LEVE;NO;SI;;12;;CLASE 1;R9;;GRUPO BIa;UGL No esmaltado;60 Low;;NO;;1600-2400 N - 35-45 N/mm2;1;035.869.0037.02032;33,3x100;CATLOGO PAMESA;;;60;120;10,5;7200;60x120;CROMAT;PERLA;https://www.pamesa.com/ERP/4.0/empresas/151/045/imagenes/t00010602/0358690372032.jpg
39;869;37;2032;0398690372032;SI;SEMI-PUL. PEDRA;60x120 CROMAT PERLA;A;SI;SI;37.7500;SOL28;PAMESA;PAMESA;L/32/02;8429991338695;;8429991773236;M2;2;1.44;32;46.08;34.25;1,121.00;122.00;84.00;75.00;;10.50;02/11/2017;PAMESA;PAMESA;GRES PORCELNICO;0398690372032;;SOLID;CROMAT;PIEDRA;;POLIVALENTE;BASE;BASE;LAPATTO;VARIACION LEVE;;SI;;12;;CLASE 0;;;GRUPO BIa;UGL No esmaltado;55 Low;30 Moderate;NO;;1600-2400 N - 35-45 N/mm2;1;039.869.0037.02032;40X120;CATLOGO PAMESA;;;60;120;10,5;7200;60x120;CROMAT;PERLA;https://www.pamesa.com/ERP/4.0/empresas/151/045/imagenes/t00010602/0398690372032.jpg
35;869;33;14158;0358690022041;SI;REC.PEDRA;60x120 EXT.CROMAT MARFIL;A;SI;SI;34.0000;SOL26;PAM-ADZ.PAMESA;PAMESA;L/32/02;8429991882839;;8429991773236;M2;2;1.44;32;46.08;34.25;1,121.00;122.00;84.00;75.00;;10.50;02/02/2024;PAMESA;PAMESA;GRES PORCELNICO;0358690022041;;SOLID;CROMAT;PIEDRA;;ANTIDESLIZANTE;;BASE;MATE RECTIFICADO;;NO;SI;;12;;CLASE 3;R11;C;GRUPO BIa;UGL No esmaltado;;36 Low;NO;0.42;1600-2400 N - 35-45 N/mm2;1;035.869.0033.14158;33,3x100;CATLOGO PAMESA;;;60;120;10,5;7200;60x120;EXT.CROMAT;MARFIL;https://www.pamesa.com/ERP/4.0/empresas/151/045/imagenes/t00010602/0358690022041.jpg
35;869;37;14158;0358690022930;SI;REC.PEDRA;60x120 EXT.CROMAT PERLA;A;SI;SI;34.0000;SOL26;PAM-ADZ.PAMESA;PAMESA;L/32/02;8429991919696;;8429991773236;M2;2;1.44;32;46.08;34.25;1,121.00;122.00;84.00;75.00;;10.50;12/04/2024;PAMESA;PAMESA;GRES PORCELNICO;0358690022930;;SOLID;CROMAT;PIEDRA;;ANTIDESLIZANTE;;BASE;MATE RECTIFICADO;;NO;SI;;12;;CLASE 3;R11;C;GRUPO BIa;UGL No esmaltado;;36 Low;NO;0.42;1600-2400 N - 35-45 N/mm2;1;035.869.0037.14158;33,3x100;CATLOGO PAMESA;;;60;120;10,5;7200;60x120;EXT.CROMAT;PERLA;https://www.pamesa.com/ERP/4.0/empresas/151/045/imagenes/t00010602/0358690022930.jpg
35;840;12;2032;0358400122032;SI;REC.PEDRA;60x60 CROMAT BLANCO;A;SI;SI;24.0000;SOL12;PAMESA;PAMESA;F/30/04 9MM;8429991869731;;8429991773236;M2;4;1.44;30;43.20;29.75;912.50;120.00;80.00;73.50;;9.00;07/12/2023;PAMESA;SERIE CROMAT;GRES PORCELNICO;0358400122032;;SOLID;CROMAT;PIEDRA;;POLIVALENTE;BASE;BASE;MATE RECTIFICADO;VARIACION LEVE;NO;SI;;;;CLASE 1;R9;;GRUPO BIa;UGL No esmaltado;60 Low;;NO;;1600-2400 N - 35-45 N/mm2;1;035.840.0012.02032;30X90PBCA;CATLOGO PAMESA;;;60;60;9;3600;60x60;CROMAT;BLANCO;https://www.pamesa.com/ERP/4.0/empresas/151/045/imagenes/t00010602/0358400122032.jpg
35;840;2;2032;0358400022032;SI;REC.PEDRA;60x60 CROMAT GRIS;A;SI;SI;24.0000;SOL12;PAMESA;PAMESA;F/30/04 9MM;8429991338060;;8429991773236;M2;4;1.44;30;43.20;29.75;912.50;120.00;80.00;73.50;;9.00;31/10/2017;PAMESA;SERIE CROMAT;GRES PORCELNICO;0358400022032;;SOLID;CROMAT;PIEDRA;;POLIVALENTE;BASE;BASE;MATE RECTIFICADO;VARIACION LEVE;NO;SI;;;;CLASE 1;R9;;GRUPO BIa;UGL No esmaltado;60 Low;;NO;;1600-2400 N - 35-45 N/mm2;1;035.840.0002.02032;36x80;CATLOGO PAMESA;;;60;60;9;3600;60x60;CROMAT;GRIS;https://www.pamesa.com/ERP/4.0/empresas/151/045/imagenes/t00010602/0358400022032.jpg
35;840;28;2032;0358400282032;SI;REC.PEDRA;60x60 CROMAT MARENGO;A;SI;SI;24.0000;SOL12;PAMESA;PAMESA;F/30/04 9MM;8429991338084;;8429991773236;M2;4;1.44;30;43.20;29.75;912.50;120.00;80.00;73.50;;9.00;31/10/2017;PAMESA;SERIE CROMAT;GRES PORCELNICO;0358400282032;;SOLID;CROMAT;PIEDRA;;POLIVALENTE;;BASE;MATE RECTIFICADO;VARIACION LEVE;NO;SI;;;;CLASE 1;R9;;GRUPO BIa;UGL No esmaltado;60 Low;;NO;;1600-2400 N - 35-45 N/mm2;1;035.840.0028.02032;30X90PBCA;CATLOGO PAMESA;;;60;60;9;3600;60x60;CROMAT;MARENGO;https://www.pamesa.com/ERP/4.0/empresas/151/045/imagenes/t00010602/0358400282032.jpg
35;840;33;2032;0358400332032;SI;REC.PEDRA;60x60 CROMAT MARFIL;A;SI;SI;24.0000;SOL12;PAMESA;PAMESA;F/30/04 9MM;8429991338091;;8429991773236;M2;4;1.44;30;43.20;29.75;912.50;120.00;80.00;73.50;;9.00;31/10/2017;PAMESA;SERIE CROMAT;GRES PORCELNICO;0358400332032;;SOLID;CROMAT;PIEDRA;;POLIVALENTE;BASE;BASE;MATE RECTIFICADO;VARIACION LEVE;NO;SI;;;;CLASE 1;R9;;GRUPO BIa;UGL No esmaltado;60 Low;;NO;;1600-2400 N - 35-45 N/mm2;1;035.840.0033.02032;30X90PBCA;CATLOGO PAMESA;;;60;60;9;3600;60x60;CROMAT;MARFIL;https://www.pamesa.com/ERP/4.0/empresas/151/045/imagenes/t00010602/0358400332032.jpg
35;840;160;2032;0358401602032;SI;REC.PEDRA;60x60 CROMAT NOCE;A;SI;SI;24.0000;SOL12;PAMESA;PAMESA;F/30/04 9MM;8429991338107;;8429991773236;M2;4;1.44;30;43.20;29.75;912.50;120.00;80.00;73.50;;9.00;31/10/2017;PAMESA;SERIE CROMAT;GRES PORCELNICO;0358401602032;;SOLID;CROMAT;PIEDRA;;POLIVALENTE;;BASE;MATE RECTIFICADO;VARIACION LEVE;NO;SI;;;;CLASE 1;R9;;GRUPO BIa;UGL No esmaltado;60 Low;;NO;;1600-2400 N - 35-45 N/mm2;1;035.840.0160.02032;30X90PBCA;CATLOGO PAMESA;;;60;60;9;3600;60x60;CROMAT;NOCE;https://www.pamesa.com/ERP/4.0/empresas/151/045/imagenes/t00010602/0358401602032.jpg
35;840;37;2032;0358400372032;SI;REC.PEDRA;60x60 CROMAT PERLA;A;SI;SI;24.0000;SOL12;PAMESA;PAMESA;F/30/04 9MM;8429991338077;;8429991773236;M2;4;1.44;30;43.20;29.75;912.50;120.00;80.00;73.50;;9.00;31/10/2017;PAMESA;SERIE CROMAT;GRES PORCELNICO;0358400372032;;SOLID;CROMAT;PIEDRA;;POLIVALENTE;BASE;BASE;MATE RECTIFICADO;VARIACION LEVE;NO;SI;;;;CLASE 1;R9;;GRUPO BIa;UGL No esmaltado;60 Low;;NO;;1600-2400 N - 35-45 N/mm2;1;035.840.0037.02032;30X90PBCA;CATLOGO PAMESA;;;60;60;9;3600;60x60;CROMAT;PERLA;https://www.pamesa.com/ERP/4.0/empresas/151/045/imagenes/t00010602/0358400372032.jpg
35;840;33;14158;0358400022041;SI;REC.PEDRA;60x60 EXT.CROMAT MARFIL;A;SI;SI;25.0000;SOL13;PAM-ADZ.PAMESA;PAMESA;F/30/04 9MM;8429991874544;;8429991773236;M2;4;1.44;30;43.20;29.75;912.50;120.00;80.00;73.50;;9.00;05/01/2024;PAMESA;PAMESA;GRES PORCELNICO;0358400022041;;SOLID;CROMAT;PIEDRA;;ANTIDESLIZANTE;;BASE;MATE RECTIFICADO;;NO;SI;;;;CLASE 3;R11;C;GRUPO BIa;UGL No esmaltado;;36 Low;NO;0.42;1600-2400 N - 35-45 N/mm2;1;035.840.0033.14158;30X90PBCA;CATLOGO PAMESA;;;60;60;9;3600;60x60;EXT.CROMAT;MARFIL;https://www.pamesa.com/ERP/4.0/empresas/151/045/imagenes/t00010602/0358400022041.jpg
35;840;37;14158;0358400022930;SI;REC.PEDRA;60x60 EXT.CROMAT PERLA;A;SI;SI;25.0000;SOL13;PAM-ADZ.PAMESA;PAMESA;F/30/04 9MM;8429991919603;;8429991773236;M2;4;1.44;30;43.20;29.75;912.50;120.00;80.00;73.50;;9.00;12/04/2024;PAMESA;PAMESA;GRES PORCELNICO;0358400022930;;SOLID;CROMAT;PIEDRA;;ANTIDESLIZANTE;;BASE;MATE RECTIFICADO;;NO;SI;;;;CLASE 3;R11;C;GRUPO BIa;UGL No esmaltado;;36 Low;NO;0.42;1600-2400 N - 35-45 N/mm2;1;035.840.0037.14158;30X90PBCA;CATLOGO PAMESA;;;60;60;9;3600;60x60;EXT.CROMAT;PERLA;https://www.pamesa.com/ERP/4.0/empresas/151/045/imagenes/t00010602/0358400022930.jpg
35;450;12;2032;0354500122032;SI;REC.PEDRA;30x60 (C) CROMAT BLANCO;A;SI;SI;24.0000;SOL06;PAMESA;PAMESA;F/48/06 9MM;8429991869724;;8429991773236;M2;6;1.08;48;51.84;22.63;1,106.24;120.00;80.00;74.00;;9.00;07/12/2023;PAMESA;SERIE CROMAT;GRES PORCELNICO;0354500122032;;SOLID;CROMAT;PIEDRA;;POLIVALENTE;BASE;BASE;MATE RECTIFICADO;VARIACION LEVE;NO;SI;;;;CLASE 1;R9;;GRUPO BIa;UGL No esmaltado;60 Low;;NO;;1600-2400 N - 35-45 N/mm2;1;035.450.0012.02032;36x80;CATLOGO PAMESA;;;30;60;9,5;1800;30x60;CROMAT;BLANCO;https://www.pamesa.com/ERP/4.0/empresas/151/045/imagenes/t00010602/0354500122032.jpg
35;450;2;2032;0354500022032;SI;REC.PEDRA;30x60 (C) CROMAT GRIS;A;SI;SI;24.0000;SOL06;PAMESA;PAMESA;F/48/06 9MM;8429991338114;;8429991773236;M2;6;1.08;48;51.84;22.63;1,106.24;120.00;80.00;74.00;;9.00;31/10/2017;PAMESA;SERIE CROMAT;GRES PORCELNICO;0354500022032;;SOLID;CROMAT;PIEDRA;;POLIVALENTE;;BASE;MATE RECTIFICADO;VARIACION LEVE;NO;SI;;;;CLASE 1;R9;;GRUPO BIa;UGL No esmaltado;60 Low;;NO;;1600-2400 N - 35-45 N/mm2;1;035.450.0002.02032;33,3x100;CATLOGO PAMESA;;;30;60;9,5;1800;30x60;CROMAT;GRIS;https://www.pamesa.com/ERP/4.0/empresas/151/045/imagenes/t00010602/0354500022032.jpg
35;450;28;2032;0354500282032;SI;REC.PEDRA;30x60 (C) CROMAT MARENGO;A;SI;SI;24.0000;SOL06;PAMESA;PAMESA;F/48/06 9MM;8429991338138;;8429991773236;M2;6;1.08;48;51.84;22.63;1,106.24;120.00;80.00;74.00;;9.00;31/10/2017;PAMESA;SERIE CROMAT;GRES PORCELNICO;0354500282032;;SOLID;CROMAT;PIEDRA;;POLIVALENTE;BASE;BASE;MATE RECTIFICADO;VARIACION LEVE;NO;SI;;;;CLASE 1;R9;;GRUPO BIa;UGL No esmaltado;60 Low;;NO;;1600-2400 N - 35-45 N/mm2;1;035.450.0028.02032;36x80;CATLOGO PAMESA;;;30;60;9,5;1800;30x60;CROMAT;MARENGO;https://www.pamesa.com/ERP/4.0/empresas/151/045/imagenes/t00010602/0354500282032.jpg
35;450;33;2032;0354500332032;SI;REC.PEDRA;30x60 (C) CROMAT MARFIL;A;SI;SI;24.0000;SOL06;PAMESA;PAMESA;F/48/06 9MM;8429991338145;;8429991773236;M2;6;1.08;48;51.84;22.63;1,106.24;120.00;80.00;74.00;;9.00;31/10/2017;PAMESA;SERIE CROMAT;GRES PORCELNICO;0354500332032;;SOLID;CROMAT;PIEDRA;;POLIVALENTE;BASE;BASE;MATE RECTIFICADO;VARIACION LEVE;NO;SI;;;;CLASE 1;R9;;GRUPO BIa;UGL No esmaltado;60 Low;;NO;;1600-2400 N - 35-45 N/mm2;1;035.450.0033.02032;36x80;CATLOGO PAMESA;;;30;60;9,5;1800;30x60;CROMAT;MARFIL;https://www.pamesa.com/ERP/4.0/empresas/151/045/imagenes/t00010602/0354500332032.jpg
35;450;160;2032;0354501602032;SI;REC.PEDRA;30x60 (C) CROMAT NOCE;A;SI;SI;24.0000;SOL06;PAMESA;PAMESA;F/48/06 9MM;8429991338152;;8429991773236;M2;6;1.08;48;51.84;22.63;1,106.24;120.00;80.00;74.00;;9.00;31/10/2017;PAMESA;SERIE CROMAT;GRES PORCELNICO;0354501602032;;SOLID;CROMAT;PIEDRA;;POLIVALENTE;;BASE;MATE RECTIFICADO;VARIACION LEVE;NO;SI;;;;CLASE 1;R9;;GRUPO BIa;UGL No esmaltado;60 Low;;NO;;1600-2400 N - 35-45 N/mm2;1;035.450.0160.02032;30X90PBCA;CATLOGO PAMESA;;;30;60;9,5;1800;30x60;CROMAT;NOCE;https://www.pamesa.com/ERP/4.0/empresas/151/045/imagenes/t00010602/0354501602032.jpg
35;450;37;2032;0354500372032;SI;REC.PEDRA;30x60 (C) CROMAT PERLA;A;SI;SI;24.0000;SOL06;PAMESA;PAMESA;F/48/06 9MM;8429991338121;;8429991773236;M2;6;1.08;48;51.84;22.63;1,106.24;120.00;80.00;74.00;;9.00;31/10/2017;PAMESA;SERIE CROMAT;GRES PORCELNICO;0354500372032;;SOLID;CROMAT;PIEDRA;;POLIVALENTE;;BASE;MATE RECTIFICADO;VARIACION LEVE;NO;SI;;;;CLASE 1;R9;;GRUPO BIa;UGL No esmaltado;60 Low;;NO;;1600-2400 N - 35-45 N/mm2;1;035.450.0037.02032;36x80;CATLOGO PAMESA;;;30;60;9,5;1800;30x60;CROMAT;PERLA;https://www.pamesa.com/ERP/4.0/empresas/151/045/imagenes/t00010602/0354500372032.jpg
21;590;12;2032;0215900122032;SI;PZ ESP.PEDRA;30x30(7)Malla CROMAT BLANCO;A;SI;SI;57.7500;MOS7;PAMESA;PAMESA;E/42/11;8429991915094;;;M2;11;1.00;42;42.00;23.10;990.20;120.00;80.00;;;;04/04/2024;PAMESA;PAMESA;GRES PORCELNICO;0215900122032;;SOLID;CROMAT;PIEDRA;;POLIVALENTE;MALLA;MOSAICO;MATE RECTIFICADO;VARIACION LEVE;;SI;NO;;;CLASE 1;;;GRUPO BIa;UGL No esmaltado;;;NO;;;1;021.590.0012.02032;100X100;CATLOGO PAMESA;;;30;30;0;900;30x30;CROMAT;BLANCO;https://www.pamesa.com/ERP/4.0/empresas/151/045/imagenes/t00010602/0215900122032.jpg
40;590;12;2032;0405900122032;SI;PZ.E.SPUL.PEDRA;30x30(7)Malla CROMAT BLANCO;A;SI;SI;57.7500;MOS7;PAMESA;PAMESA;E/42/11;8429991915100;;;M2;11;1.00;42;42.00;23.10;990.20;120.00;80.00;;;;04/04/2024;PAMESA;PAMESA;GRES PORCELNICO;0405900122032;;SOLID;CROMAT;PIEDRA;;POLIVALENTE;MALLA;MOSAICO;LAPATTO;VARIACION LEVE;;SI;NO;;;CLASE 0;;;GRUPO BIa;UGL No esmaltado;;;NO;;;1;040.590.0012.02032;30X90 PB;CATLOGO PAMESA;;;30;30;0;900;30x30;CROMAT;BLANCO;https://www.pamesa.com/ERP/4.0/empresas/151/045/imagenes/t00010602/0405900122032.jpg
21;590;2;2032;0215900022032;SI;PZ ESP.PEDRA;30x30(7)Malla CROMAT GRIS;A;SI;SI;57.7500;MOS7;PAMESA;PAMESA;E/42/11;8429991549107;;;M2;11;1.00;42;42.00;23.10;990.20;120.00;80.00;;;;07/02/2018;PAMESA;SERIE CROMAT;GRES PORCELNICO;0215900022032;;SOLID;CROMAT;PIEDRA;;POLIVALENTE;MALLA;MOSAICO;MATE RECTIFICADO;VARIACION LEVE;;SI;;;;CLASE 1;;;GRUPO BIa;UGL No esmaltado;;;NO;;1600-2400 N - 35-45 N/mm2;1;021.590.0002.02032;120X120;CATLOGO PAMESA;;;30;30;0;900;30x30;CROMAT;GRIS;https://www.pamesa.com/ERP/4.0/empresas/151/045/imagenes/t00010602/0215900022032.jpg
40;590;2;2032;0405900022032;SI;PZ.E.SPUL.PEDRA;30x30(7)Malla CROMAT GRIS;A;SI;SI;57.7500;MOS7;PAMESA;PAMESA;E/42/11;8429991550738;;;M2;11;1.00;42;42.00;23.10;990.20;120.00;80.00;;;;07/02/2018;PAMESA;SERIE CROMAT;GRES PORCELNICO;0405900022032;;SOLID;CROMAT;PIEDRA;;POLIVALENTE;MALLA;MOSAICO;LAPATTO;VARIACION LEVE;;SI;;;;CLASE 0;;;GRUPO BIa;UGL No esmaltado;;;NO;;1600-2400 N - 35-45 N/mm2;1;040.590.0002.02032;30X90 PB;CATLOGO PAMESA;;;30;30;0;900;30x30;CROMAT;GRIS;https://www.pamesa.com/ERP/4.0/empresas/151/045/imagenes/t00010602/0405900022032.jpg
21;590;28;2032;0215900282032;SI;PZ ESP.PEDRA;30x30(7)Malla CROMAT MARENGO;A;SI;SI;57.7500;MOS7;PAMESA;PAMESA;E/42/11;8429991549183;;;M2;11;1.00;42;42.00;23.10;990.20;120.00;80.00;;;;07/02/2018;PAMESA;SERIE CROMAT;GRES PORCELNICO;0215900282032;;SOLID;CROMAT;PIEDRA;;POLIVALENTE;MALLA;MOSAICO;MATE RECTIFICADO;VARIACION LEVE;;SI;;;;CLASE 1;;;GRUPO BIa;UGL No esmaltado;;;NO;;1600-2400 N - 35-45 N/mm2;1;021.590.0028.02032;100X100;CATLOGO PAMESA;;;30;30;0;900;30x30;CROMAT;MARENGO;https://www.pamesa.com/ERP/4.0/empresas/151/045/imagenes/t00010602/0215900282032.jpg
40;590;28;2032;0405900282032;SI;PZ.E.SPUL.PEDRA;30x30(7)Malla CROMAT MARENGO;A;SI;SI;57.7500;MOS7;PAMESA;PAMESA;E/42/11;8429991550776;;;M2;11;1.00;42;42.00;23.10;990.20;120.00;80.00;;;;07/02/2018;PAMESA;SERIE CROMAT;GRES PORCELNICO;0405900282032;;SOLID;CROMAT;PIEDRA;;POLIVALENTE;MALLA;MOSAICO;LAPATTO;VARIACION LEVE;;SI;;;;CLASE 0;;;GRUPO BIa;UGL No esmaltado;;;NO;;1600-2400 N - 35-45 N/mm2;1;040.590.0028.02032;30X90 PB;CATLOGO PAMESA;;;30;30;0;900;30x30;CROMAT;MARENGO;https://www.pamesa.com/ERP/4.0/empresas/151/045/imagenes/t00010602/0405900282032.jpg
21;590;33;2032;0215900332032;SI;PZ ESP.PEDRA;30x30(7)Malla CROMAT MARFIL;A;SI;SI;57.7500;MOS7;PAMESA;PAMESA;E/42/11;8429991549206;;;M2;11;1.00;42;42.00;23.10;990.20;120.00;80.00;;;;07/02/2018;PAMESA;SERIE CROMAT;GRES PORCELNICO;0215900332032;;SOLID;CROMAT;PIEDRA;;POLIVALENTE;MALLA;MOSAICO;MATE RECTIFICADO;VARIACION LEVE;;SI;;;;CLASE 1;;;GRUPO BIa;UGL No esmaltado;;;NO;;1600-2400 N - 35-45 N/mm2;1;021.590.0033.02032;100X100;CATLOGO PAMESA;;;30;30;0;900;30x30;CROMAT;MARFIL;https://www.pamesa.com/ERP/4.0/empresas/151/045/imagenes/t00010602/0215900332032.jpg
40;590;33;2032;0405900332032;SI;PZ.E.SPUL.PEDRA;30x30(7)Malla CROMAT MARFIL;A;SI;SI;57.7500;MOS7;PAMESA;PAMESA;E/42/11;8429991550783;;;M2;11;1.00;42;42.00;23.10;990.20;120.00;80.00;;;;07/02/2018;PAMESA;SERIE CROMAT;GRES PORCELNICO;0405900332032;;SOLID;CROMAT;PIEDRA;;POLIVALENTE;MALLA;MOSAICO;LAPATTO;VARIACION LEVE;;SI;;;;CLASE 0;;;GRUPO BIa;UGL No esmaltado;;;NO;;1600-2400 N - 35-45 N/mm2;1;040.590.0033.02032;30X90PBCA;CATLOGO PAMESA;;;30;30;0;900;30x30;CROMAT;MARFIL;https://www.pamesa.com/ERP/4.0/empresas/151/045/imagenes/t00010602/0405900332032.jpg
21;590;160;2032;0215901602032;SI;PZ ESP.PEDRA;30x30(7)Malla CROMAT NOCE;A;SI;SI;57.7500;MOS7;PAMESA;PAMESA;E/42/11;8429991549329;;;M2;11;1.00;42;42.00;23.10;990.20;120.00;80.00;;;;07/02/2018;PAMESA;SERIE CROMAT;GRES PORCELNICO;0215901602032;;SOLID;CROMAT;PIEDRA;;POLIVALENTE;MALLA;MOSAICO;MATE RECTIFICADO;VARIACION LEVE;;SI;;;;CLASE 1;;;GRUPO BIa;UGL No esmaltado;;;NO;;1600-2400 N - 35-45 N/mm2;1;021.590.0160.02032;90X90N(20MM);CATLOGO PAMESA;;;30;30;0;900;30x30;CROMAT;NOCE;https://www.pamesa.com/ERP/4.0/empresas/151/045/imagenes/t00010602/0215901602032.jpg
40;590;160;2032;0405901602032;SI;PZ.E.SPUL.PEDRA;30x30(7)Malla CROMAT NOCE;A;SI;SI;57.7500;MOS7;PAMESA;PAMESA;E/42/11;8429991550820;;;M2;11;1.00;42;42.00;23.10;990.20;120.00;80.00;;;;07/02/2018;PAMESA;SERIE CROMAT;GRES PORCELNICO;0405901602032;;SOLID;CROMAT;PIEDRA;;POLIVALENTE;MALLA;MOSAICO;LAPATTO;VARIACION LEVE;;SI;;;;CLASE 0;;;GRUPO BIa;UGL No esmaltado;;;NO;;1600-2400 N - 35-45 N/mm2;1;040.590.0160.02032;30X90PBCA;CATLOGO PAMESA;;;30;30;0;900;30x30;CROMAT;NOCE;https://www.pamesa.com/ERP/4.0/empresas/151/045/imagenes/t00010602/0405901602032.jpg
21;590;37;2032;0215900372032;SI;PZ ESP.PEDRA;30x30(7)Malla CROMAT PERLA;A;SI;SI;57.7500;MOS7;PAMESA;PAMESA;E/42/11;8429991549220;;;M2;11;1.00;42;42.00;23.10;990.20;120.00;80.00;;;;07/02/2018;PAMESA;SERIE CROMAT;GRES PORCELNICO;0215900372032;;SOLID;CROMAT;PIEDRA;;POLIVALENTE;MALLA;MOSAICO;MATE RECTIFICADO;VARIACION LEVE;;SI;;;;CLASE 1;;;GRUPO BIa;UGL No esmaltado;;;NO;;1600-2400 N - 35-45 N/mm2;1;021.590.0037.02032;100X100;CATLOGO PAMESA;;;30;30;0;900;30x30;CROMAT;PERLA;https://www.pamesa.com/ERP/4.0/empresas/151/045/imagenes/t00010602/0215900372032.jpg
40;590;37;2032;0405900372032;SI;PZ.E.SPUL.PEDRA;30x30(7)Malla CROMAT PERLA;A;SI;SI;57.7500;MOS7;PAMESA;PAMESA;E/42/11;8429991550790;;;M2;11;1.00;42;42.00;23.10;990.20;120.00;80.00;;;;07/02/2018;PAMESA;SERIE CROMAT;GRES PORCELNICO;0405900372032;;SOLID;CROMAT;PIEDRA;;POLIVALENTE;MALLA;MOSAICO;LAPATTO;VARIACION LEVE;;SI;;;;CLASE 0;;;GRUPO BIa;UGL No esmaltado;;;NO;;1600-2400 N - 35-45 N/mm2;1;040.590.0037.02032;30X90PBCA;CATLOGO PAMESA;;;30;30;0;900;30x30;CROMAT;PERLA;https://www.pamesa.com/ERP/4.0/empresas/151/045/imagenes/t00010602/0405900372032.jpg
52;961;12;14630;0529610023672;SI;SLIM MATE RECTIF.;120x280(6mm) DORSET BLANCO;A;SI;SI;62.5000;XXL04;PAMESA;PAMESA;05/20/01;8429991942045;;8429991773199;M2;1;3.36;20;67.20;52.00;1,140.00;290.00;140.00;36.00;;;12/06/2024;PAMESA;PAMESA;GRES PORCELNICO;0529610023672;;SOLID;DORSET;MARMOL;;POLIVALENTE;;BASE;;;;NO;;;;CLASE 1;R9;;GRUPO BIa;GL Esmaltado;;36 Low;NO;;>700 N - 35-45 N/mm2;1;052.961.0012.14630;25X150;CATLOGO PAMESA;;;120;280;6;33600;120x280;DORSET;BLANCO;https://www.pamesa.com/ERP/4.0/empresas/151/045/imagenes/t00010602/0529610023672.jpg
52;961;2;14630;0529610023675;SI;SLIM MATE RECTIF.;120x280(6mm) DORSET GRIS;A;SI;SI;62.5000;XXL04;PAMESA;PAMESA;05/20/01;8429991942052;;8429991773199;M2;1;3.36;20;67.20;52.00;1,140.00;290.00;140.00;36.00;;;12/06/2024;PAMESA;PAMESA;GRES PORCELNICO;0529610023675;;SOLID;DORSET;MARMOL;;POLIVALENTE;;BASE;MATE RECTIFICADO;VARIACION LEVE;;NO;NO;;;CLASE 1;R9;;GRUPO BIa;GL Esmaltado;;36 Low;NO;;>700 N - 35-45 N/mm2;1;052.961.0002.14630;30x180;CATLOGO PAMESA;;;120;280;6;33600;120x280;DORSET;GRIS;https://www.pamesa.com/ERP/4.0/empresas/151/045/imagenes/t00010602/0529610023675.jpg
52;961;33;14630;0529610023673;SI;SLIM MATE RECTIF.;120x280(6mm) DORSET MARFIL;A;SI;SI;62.5000;XXL04;PAMESA;PAMESA;05/20/01;8429991942069;;8429991773199;M2;1;3.36;20;67.20;52.00;1,140.00;290.00;140.00;36.00;;;12/06/2024;PAMESA;PAMESA;GRES PORCELNICO;0529610023673;;SOLID;DORSET;MARMOL;;POLIVALENTE;;BASE;MATE RECTIFICADO;VARIACION LEVE;;NO;NO;;;CLASE 1;R9;;GRUPO BIa;GL Esmaltado;;36 Low;NO;;>700 N - 35-45 N/mm2;1;052.961.0033.14630;20x120 (n);CATLOGO PAMESA;;;120;280;6;33600;120x280;DORSET;MARFIL;https://www.pamesa.com/ERP/4.0/empresas/151/045/imagenes/t00010602/0529610023673.jpg
52;961;285;14630;0529610023674;SI;SLIM MATE RECTIF.;120x280(6mm) DORSET TAUPE;A;SI;SI;62.5000;XXL04;PAMESA;PAMESA;05/20/01;8429991942076;;8429991773199;M2;1;3.36;20;67.20;52.00;1,140.00;290.00;140.00;36.00;;;12/06/2024;PAMESA;PAMESA;GRES PORCELNICO;0529610023674;;SOLID;DORSET;MARMOL;;POLIVALENTE;;BASE;MATE RECTIFICADO;VARIACION LEVE;;NO;NO;;;CLASE 1;R9;;GRUPO BIa;GL Esmaltado;;36 Low;NO;;>700 N - 35-45 N/mm2;1;052.961.0285.14630;25X150;CATLOGO PAMESA;;;120;280;6;33600;120x280;DORSET;TAUPE;https://www.pamesa.com/ERP/4.0/empresas/151/045/imagenes/t00010602/0529610023674.jpg
17;120;12;14630;0171200023672;SI;REC.GLASS;120x120 DORSET BLANCO;A;SI;SI;0.0000;SOL35;PAMESA;PAMESA;23/36/01;8429991967000;;8429991773199;M2;1;1.44;36;51.84;34.36;1,276.96;126.00;126.00;71.00;;;27/09/2024;PAMESA;PAMESA;GRES PORCELNICO;0171200023672;;SOLID;DORSET;MARMOL;;POLIVALENTE;;BASE;MATE RECTIFICADO;VARIACION LEVE;;ESTRUCTURANTE;;;;CLASE 1;R9;;GRUPO BIa;GL Esmaltado;;36 Low;NO;;1600-2400 N - 35-45 N/mm2;1;017.120.0012.14630;25x70;CATLOGO PAMESA;;;120;120;10,2;14400;120x120;DORSET;BLANCO;https://www.pamesa.com/ERP/4.0/empresas/151/045/imagenes/t00010602/0171200023672.jpg
17;120;2;14630;0171200023675;SI;REC.GLASS;120x120 DORSET GRIS;A;SI;SI;0.0000;SOL35;PAMESA;PAMESA;23/36/01;8429991966997;;8429991773199;M2;1;1.44;36;51.84;34.36;1,276.96;126.00;126.00;71.00;;;27/09/2024;PAMESA;PAMESA;GRES PORCELNICO;0171200023675;;SOLID;DORSET;MARMOL;;POLIVALENTE;;BASE;MATE RECTIFICADO;VARIACION LEVE;;ESTRUCTURANTE;;;;CLASE 1;R9;;GRUPO BIa;GL Esmaltado;;36 Low;NO;;1600-2400 N - 35-45 N/mm2;1;017.120.0002.14630;33,3x55;CATLOGO PAMESA;;;120;120;10,2;14400;120x120;DORSET;GRIS;https://www.pamesa.com/ERP/4.0/empresas/151/045/imagenes/t00010602/0171200023675.jpg
17;120;33;14630;0171200023673;SI;REC.GLASS;120x120 DORSET MARFIL;A;SI;SI;0.0000;SOL35;PAMESA;PAMESA;23/36/01;8429991967024;;8429991773199;M2;1;1.44;36;51.84;34.36;1,276.96;126.00;126.00;71.00;;;27/09/2024;PAMESA;PAMESA;GRES PORCELNICO;0171200023673;;SOLID;DORSET;MARMOL;;POLIVALENTE;;BASE;MATE RECTIFICADO;VARIACION LEVE;;ESTRUCTURANTE;;;;CLASE 1;R9;;GRUPO BIa;GL Esmaltado;;36 Low;NO;;1600-2400 N - 35-45 N/mm2;1;017.120.0033.14630;33,3x55;CATLOGO PAMESA;;;120;120;10,2;14400;120x120;DORSET;MARFIL;https://www.pamesa.com/ERP/4.0/empresas/151/045/imagenes/t00010602/0171200023673.jpg
17;120;285;14630;0171200023674;SI;REC.GLASS;120x120 DORSET TAUPE;A;SI;SI;0.0000;SOL35;PAMESA;PAMESA;23/36/01;8429991967017;;8429991773199;M2;1;1.44;36;51.84;34.36;1,276.96;126.00;126.00;71.00;;;27/09/2024;PAMESA;PAMESA;GRES PORCELNICO;0171200023674;;SOLID;DORSET;MARMOL;;POLIVALENTE;;BASE;MATE RECTIFICADO;VARIACION LEVE;;ESTRUCTURANTE;;;;CLASE 1;R9;;GRUPO BIa;GL Esmaltado;;36 Low;NO;;1600-2400 N - 35-45 N/mm2;1;017.120.0285.14630;33,3x55;CATLOGO PAMESA;;;120;120;10,2;14400;120x120;DORSET;TAUPE;https://www.pamesa.com/ERP/4.0/empresas/151/045/imagenes/t00010602/0171200023674.jpg
17;10;12;14630;0170100023672;SI;REC.GLASS;100x100 DORSET BLANCO;A;SI;SI;0.0000;SOL54;PAMESA;PAMESA;27/27/02;8429991106812;;8429991773199;M2;2;2.00;27;54.00;41.15;1,133.05;107.00;107.00;77.00;;;28/02/2025;PAMESA;PAMESA;GRES PORCELNICO;0170100023672;;SOLID;DORSET;MARMOL;;POLIVALENTE;BASE;BASE;MATE RECTIFICADO;VARIACION LEVE;;ESTRUCTURANTE;;;;CLASE 1;R9;;GRUPO BIa;GL Esmaltado;;36 Low;NO;;1600-2400 N - 35-45 N/mm2;1;017.010.0012.14630;100X100;CATLOGO PAMESA;;;100;100;9;10000;100x100;DORSET;BLANCO;https://www.pamesa.com/ERP/4.0/empresas/151/045/imagenes/t00010602/0170100023672.jpg
17;10;2;14630;0170100039680;SI;REC.GLASS;100x100 DORSET GRIS;A;SI;SI;0.0000;SOL54;PAMESA;PAMESA;27/27/02;8429991184964;;8429991773199;M2;2;2.00;27;54.00;41.15;1,133.05;107.00;107.00;77.00;;;13/10/2025;PAMESA;PAMESA;GRES PORCELNICO;0170100039680;;SOLID;DORSET;MARMOL;;POLIVALENTE;BASE;BASE;MATE RECTIFICADO;VARIACION LEVE;;ESTRUCTURANTE;;;;CLASE 1;R9;;GRUPO BIa;GL Esmaltado;;36 Low;NO;;1600-2400 N - 35-45 N/mm2;1;017.010.0002.14630;30,3X61,3;CATLOGO PAMESA;;;100;100;9;10000;100x100;DORSET;GRIS;https://www.pamesa.com/ERP/4.0/empresas/151/045/imagenes/t00010602/0170100039680.jpg
17;10;33;14630;0170100039681;SI;REC.GLASS;100x100 DORSET MARFIL;A;SI;SI;0.0000;SOL54;PAMESA;PAMESA;27/27/02;8429991184971;;8429991773199;M2;2;2.00;27;54.00;41.15;1,133.05;107.00;107.00;77.00;;;13/10/2025;PAMESA;PAMESA;GRES PORCELNICO;0170100039681;;SOLID;DORSET;MARMOL;;POLIVALENTE;BASE;BASE;MATE RECTIFICADO;VARIACION LEVE;;ESTRUCTURANTE;;;;CLASE 1;R9;;GRUPO BIa;GL Esmaltado;;36 Low;NO;;1600-2400 N - 35-45 N/mm2;1;017.010.0033.14630;60X120(n);CATLOGO PAMESA;;;100;100;9;10000;100x100;DORSET;MARFIL;https://www.pamesa.com/ERP/4.0/empresas/151/045/imagenes/t00010602/0170100039681.jpg
17;10;285;14630;0170100039682;SI;REC.GLASS;100x100 DORSET TAUPE;A;SI;SI;0.0000;SOL54;PAMESA;PAMESA;27/27/02;8429991184988;;8429991773199;M2;2;2.00;27;54.00;41.15;1,133.05;107.00;107.00;77.00;;;13/10/2025;PAMESA;PAMESA;GRES PORCELNICO;0170100039682;;SOLID;DORSET;MARMOL;;POLIVALENTE;BASE;BASE;MATE RECTIFICADO;VARIACION LEVE;;ESTRUCTURANTE;;;;CLASE 1;R9;;GRUPO BIa;GL Esmaltado;;36 Low;NO;;1600-2400 N - 35-45 N/mm2;1;017.010.0285.14630;60X120(n);CATLOGO PAMESA;;;100;100;9;10000;100x100;DORSET;TAUPE;https://www.pamesa.com/ERP/4.0/empresas/151/045/imagenes/t00010602/0170100039682.jpg
17;90;12;14630;0170900023672;SI;REC.GLASS;90x90(N) DORSET BLANCO;A;SI;SI;0.0000;SOL29;PAMESA;PAMESA;19/32/02;8429991966966;;8429991773199;M2;2;1.62;32;51.84;33.00;1,081.00;97.00;97.00;86.00;;9.00;27/09/2024;PAMESA;PAMESA;GRES PORCELNICO;0170900023672;;SOLID;DORSET;MARMOL;;POLIVALENTE;;BASE;MATE RECTIFICADO;VARIACION LEVE;;ESTRUCTURANTE;;;;CLASE 1;R9;;GRUPO BIa;GL Esmaltado;;36 Low;NO;;1600-2400 N - 35-45 N/mm2;1;017.090.0012.14630;45X45;CATLOGO PAMESA;;;90;90;9;8100;90x90;DORSET;BLANCO;https://www.pamesa.com/ERP/4.0/empresas/151/045/imagenes/t00010602/0170900023672.jpg
17;90;2;14630;0170900023675;SI;REC.GLASS;90x90(N) DORSET GRIS;A;SI;SI;0.0000;SOL29;PAMESA;PAMESA;19/32/02;8429991966959;;8429991773199;M2;2;1.62;32;51.84;33.00;1,081.00;97.00;97.00;86.00;;9.00;27/09/2024;PAMESA;PAMESA;GRES PORCELNICO;0170900023675;;SOLID;DORSET;MARMOL;;POLIVALENTE;;BASE;MATE RECTIFICADO;VARIACION LEVE;;ESTRUCTURANTE;;;;CLASE 1;R9;;GRUPO BIa;GL Esmaltado;;36 Low;NO;;1600-2400 N - 35-45 N/mm2;1;017.090.0002.14630;30x30(7)Malla;CATLOGO PAMESA;;;90;90;9;8100;90x90;DORSET;GRIS;https://www.pamesa.com/ERP/4.0/empresas/151/045/imagenes/t00010602/0170900023675.jpg
17;90;33;14630;0170900023673;SI;REC.GLASS;90x90(N) DORSET MARFIL;A;SI;SI;0.0000;SOL29;PAMESA;PAMESA;19/32/02;8429991966980;;8429991773199;M2;2;1.62;32;51.84;33.00;1,081.00;97.00;97.00;86.00;;9.00;27/09/2024;PAMESA;PAMESA;GRES PORCELNICO;0170900023673;;SOLID;DORSET;MARMOL;;POLIVALENTE;;BASE;MATE RECTIFICADO;VARIACION LEVE;;ESTRUCTURANTE;;;;CLASE 1;R9;;GRUPO BIa;GL Esmaltado;;36 Low;NO;;1600-2400 N - 35-45 N/mm2;1;017.090.0033.14630;25x70;CATLOGO PAMESA;;;90;90;9;8100;90x90;DORSET;MARFIL;https://www.pamesa.com/ERP/4.0/empresas/151/045/imagenes/t00010602/0170900023673.jpg
17;90;285;14630;0170900023674;SI;REC.GLASS;90x90(N) DORSET TAUPE;A;SI;SI;0.0000;SOL29;PAMESA;PAMESA;19/32/02;8429991966973;;8429991773199;M2;2;1.62;32;51.84;33.00;1,081.00;97.00;97.00;86.00;;9.00;27/09/2024;PAMESA;PAMESA;GRES PORCELNICO;0170900023674;;SOLID;DORSET;MARMOL;;POLIVALENTE;;BASE;MATE RECTIFICADO;VARIACION LEVE;;ESTRUCTURANTE;;;;CLASE 1;R9;;GRUPO BIa;GL Esmaltado;;36 Low;NO;;1600-2400 N - 35-45 N/mm2;1;017.090.0285.14630;33,3x55;CATLOGO PAMESA;;;90;90;9;8100;90x90;DORSET;TAUPE;https://www.pamesa.com/ERP/4.0/empresas/151/045/imagenes/t00010602/0170900023674.jpg
17;250;12;14630;0172500023672;SI;REC.GLASS;60x120(n) DORSET BLANCO;A;SI;SI;0.0000;SOL23;PAMESA;PAMESA;L/36/02 RF;8429991957322;;8429991773199;M2;2;1.44;36;51.84;28.62;1,055.32;122.00;84.00;73.50;;;06/08/2024;PAMESA;PAMESA;GRES PORCELNICO;0172500023672;;SOLID;DORSET;MARMOL;;POLIVALENTE;;BASE;MATE RECTIFICADO;VARIACION LEVE;;ESTRUCTURANTE;NO;;;CLASE 1;R9;;GRUPO BIa;GL Esmaltado;;36 Low;NO;;1600-2400 N - 35-45 N/mm2;1;017.250.0012.14630;60x60;CATLOGO PAMESA;;;60;120;9;7200;60x120;DORSET;BLANCO;https://www.pamesa.com/ERP/4.0/empresas/151/045/imagenes/t00010602/0172500023672.jpg
17;250;2;14630;0172500023675;SI;REC.GLASS;60x120(n) DORSET GRIS;A;SI;SI;0.0000;SOL23;PAMESA;PAMESA;L/36/02 RF;8429991957315;;8429991773199;M2;2;1.44;36;51.84;28.62;1,055.32;122.00;84.00;73.50;;;06/08/2024;PAMESA;PAMESA;GRES PORCELNICO;0172500023675;;SOLID;DORSET;MARMOL;;POLIVALENTE;;BASE;MATE RECTIFICADO;VARIACION LEVE;;ESTRUCTURANTE;NO;;;CLASE 1;R9;;GRUPO BIa;GL Esmaltado;;36 Low;NO;;1600-2400 N - 35-45 N/mm2;1;017.250.0002.14630;60X120(n);CATLOGO PAMESA;;;60;120;9;7200;60x120;DORSET;GRIS;https://www.pamesa.com/ERP/4.0/empresas/151/045/imagenes/t00010602/0172500023675.jpg
17;250;33;14630;0172500023673;SI;REC.GLASS;60x120(n) DORSET MARFIL;A;SI;SI;0.0000;SOL23;PAMESA;PAMESA;L/36/02 RF;8429991957339;;8429991773199;M2;2;1.44;36;51.84;28.62;1,055.32;122.00;84.00;73.50;;;06/08/2024;PAMESA;PAMESA;GRES PORCELNICO;0172500023673;;SOLID;DORSET;MARMOL;;POLIVALENTE;;BASE;MATE RECTIFICADO;VARIACION LEVE;;ESTRUCTURANTE;NO;;;CLASE 1;R9;;GRUPO BIa;GL Esmaltado;;36 Low;NO;;1600-2400 N - 35-45 N/mm2;1;017.250.0033.14630;60x120(N)20MM;CATLOGO PAMESA;;;60;120;9;7200;60x120;DORSET;MARFIL;https://www.pamesa.com/ERP/4.0/empresas/151/045/imagenes/t00010602/0172500023673.jpg
17;250;285;14630;0172500023674;SI;REC.GLASS;60x120(n) DORSET TAUPE;A;SI;SI;0.0000;SOL23;PAMESA;PAMESA;L/36/02 RF;8429991957346;;8429991773199;M2;2;1.44;36;51.84;28.62;1,055.32;122.00;84.00;73.50;;;06/08/2024;PAMESA;PAMESA;GRES PORCELNICO;0172500023674;;SOLID;DORSET;MARMOL;;POLIVALENTE;;BASE;MATE RECTIFICADO;VARIACION LEVE;;ESTRUCTURANTE;NO;;;CLASE 1;R9;;GRUPO BIa;GL Esmaltado;;36 Low;NO;;1600-2400 N - 35-45 N/mm2;1;017.250.0285.14630;90X90(N);CATLOGO PAMESA;;;60;120;9;7200;60x120;DORSET;TAUPE;https://www.pamesa.com/ERP/4.0/empresas/151/045/imagenes/t00010602/0172500023674.jpg
17;250;12;15904;0172500038086;SI;REC.GLASS;60x120(n) RLV.DORSET BLANCO;A;SI;SI;0.0000;;PAMESA;PAMESA;L/36/02 RF;8429991180454;;8429991773199;M2;2;1.44;36;51.84;28.62;1,055.32;122.00;84.00;73.50;;;29/09/2025;PAMESA;PAMESA;GRES PORCELNICO;0172500038086;;SOLID;DORSET;PIEDRA;;REVESTIMIENTO;DECORADO;RLV DECORADO;MATE RECTIFICADO;VARIACION LEVE;;;;;;;;;GRUPO BIa;GL Esmaltado;;;NO;;1600-2400 N - 35-45 N/mm2;1;017.250.0012.15904;30x30(7)Malla;CATLOGO PAMESA;;;60;120;9;7200;60x120;RLV.DORSET;BLANCO;https://www.pamesa.com/ERP/4.0/empresas/151/045/imagenes/t00010602/0172500038086.jpg
17;250;2;15904;0172500038082;SI;REC.GLASS;60x120(n) RLV.DORSET GRIS;A;SI;SI;0.0000;;PAMESA;PAMESA;L/36/02 RF;8429991180430;;8429991773199;M2;2;1.44;36;51.84;28.62;1,055.32;122.00;84.00;73.50;;;29/09/2025;PAMESA;PAMESA;GRES PORCELNICO;0172500038082;;SOLID;DORSET;PIEDRA;;REVESTIMIENTO;DECORADO;RLV DECORADO;MATE RECTIFICADO;VARIACION LEVE;;;;;;;;;GRUPO BIa;GL Esmaltado;;;NO;;1600-2400 N - 35-45 N/mm2;1;017.250.0002.15904;120X120;CATLOGO PAMESA;;;60;120;9;7200;60x120;RLV.DORSET;GRIS;https://www.pamesa.com/ERP/4.0/empresas/151/045/imagenes/t00010602/0172500038082.jpg
17;250;285;15904;0172500038085;SI;REC.GLASS;60x120(n) RLV.DORSET TAUPE;A;SI;SI;0.0000;;PAMESA;PAMESA;L/36/02 RF;8429991180447;;8429991773199;M2;2;1.44;36;51.84;28.62;1,055.32;122.00;84.00;73.50;;;29/09/2025;PAMESA;PAMESA;GRES PORCELNICO;0172500038085;;SOLID;DORSET;PIEDRA;;REVESTIMIENTO;DECORADO;RLV DECORADO;MATE RECTIFICADO;VARIACION LEVE;;;;;;;;;GRUPO BIa;GL Esmaltado;;;NO;;1600-2400 N - 35-45 N/mm2;1;017.250.0285.15904;45X90C(N);CATLOGO PAMESA;;;60;120;9;7200;60x120;RLV.DORSET;TAUPE;https://www.pamesa.com/ERP/4.0/empresas/151/045/imagenes/t00010602/0172500038085.jpg
25;590;12;14630;0255900023672;SI;PZ.ESP COM-GLAS;30x30(7)Malla DORSET BLANCO;A;SI;SI;57.7500;MOS7;PAMESA;PAMESA;E/42/11;8429991962357;;;M2;11;1.00;42;42.00;23.10;990.20;120.00;80.00;;;;06/09/2024;PAMESA;PAMESA;GRES PORCELNICO;0255900023672;;SOLID;DORSET;MARMOL;;POLIVALENTE;MALLA;MOSAICO;MATE RECTIFICADO;VARIACION LEVE;;ESTRUCTURANTE;NO;;;CLASE 1;;;GRUPO BIa;GL Esmaltado;;;NO;;;1;025.590.0012.14630;90X90(N);CATLOGO PAMESA;;;30;30;0;900;30x30;DORSET;BLANCO;https://www.pamesa.com/ERP/4.0/empresas/151/045/imagenes/t00010602/0255900023672.jpg
25;590;2;14630;0255900023675;SI;PZ.ESP COM-GLAS;30x30(7)Malla DORSET GRIS;A;SI;SI;57.7500;MOS7;PAMESA;PAMESA;E/42/11;8429991962340;;;M2;11;1.00;42;42.00;23.10;990.20;120.00;80.00;;;;06/09/2024;PAMESA;PAMESA;GRES PORCELNICO;0255900023675;;SOLID;DORSET;MARMOL;;POLIVALENTE;MALLA;MOSAICO;MATE RECTIFICADO;VARIACION LEVE;;ESTRUCTURANTE;NO;;;CLASE 1;;;GRUPO BIa;GL Esmaltado;;;NO;;;1;025.590.0002.14630;30x30(7)Malla;CATLOGO PAMESA;;;30;30;0;900;30x30;DORSET;GRIS;https://www.pamesa.com/ERP/4.0/empresas/151/045/imagenes/t00010602/0255900023675.jpg
25;590;33;14630;0255900023673;SI;PZ.ESP COM-GLAS;30x30(7)Malla DORSET MARFIL;A;SI;SI;57.7500;MOS7;PAMESA;PAMESA;E/42/11;8429991962364;;;M2;11;1.00;42;42.00;23.10;990.20;120.00;80.00;;;;06/09/2024;PAMESA;PAMESA;GRES PORCELNICO;0255900023673;;SOLID;DORSET;MARMOL;;POLIVALENTE;MALLA;MOSAICO;MATE RECTIFICADO;VARIACION LEVE;;ESTRUCTURANTE;NO;;;CLASE 1;;;GRUPO BIa;GL Esmaltado;;;NO;;;1;025.590.0033.14630;60x60;CATLOGO PAMESA;;;30;30;0;900;30x30;DORSET;MARFIL;https://www.pamesa.com/ERP/4.0/empresas/151/045/imagenes/t00010602/0255900023673.jpg
25;590;285;14630;0255900023674;SI;PZ.ESP COM-GLAS;30x30(7)Malla DORSET TAUPE;A;SI;SI;57.7500;MOS7;PAMESA;PAMESA;E/42/11;8429991962371;;;M2;11;1.00;42;42.00;23.10;990.20;120.00;80.00;;;;06/09/2024;PAMESA;PAMESA;GRES PORCELNICO;0255900023674;;SOLID;DORSET;MARMOL;;POLIVALENTE;MALLA;MOSAICO;MATE RECTIFICADO;VARIACION LEVE;;ESTRUCTURANTE;NO;;;CLASE 1;;;GRUPO BIa;GL Esmaltado;;;NO;;;1;025.590.0285.14630;30X30 (5)MALLA;CATLOGO PAMESA;;;30;30;0;900;30x30;DORSET;TAUPE;https://www.pamesa.com/ERP/4.0/empresas/151/045/imagenes/t00010602/0255900023674.jpg
17;250;2;2509;0172500027680;SI;REC.GLASS;60x120(n) DUPLOCEM GRIS;A;SI;SI;0.0000;SOL25;PAMESA;PAMESA;L/36/02 RF;8429991120214;;8429991773199;M2;2;1.44;36;51.84;28.62;1,055.32;122.00;84.00;73.50;;;08/04/2025;PAMESA;PAMESA;GRES PORCELNICO;0172500027680;;SOLID;DUPLOCEM;CEMENTO;;POLIVALENTE;BASE;BASE;MATE RECTIFICADO;VARIACION MODERADA;;SI;;;;CLASE 3;R10;C;GRUPO BIa;GL Esmaltado;;36 Low;NO;0.79;1600-2400 N - 35-45 N/mm2;1;017.250.0002.02509;30X30 (5)MALLA;CATLOGO PAMESA;;;60;120;9;7200;60x120;DUPLOCEM;GRIS;https://www.pamesa.com/ERP/4.0/empresas/151/045/imagenes/t00010602/0172500027680.jpg
17;696;2;2509;0176960022509;SI;REC.GLASS;60x120(N)20MM DUPLOCEM GRIS;A;SI;SI;0.0000;2CM04;PAMESA.C.P;PAMESA;30/22/01 S/C;8429991961527;;;M2;1;0.72;33;23.76;29.30;991.90;126.00;70.00;75.00;;20.00;26/07/2024;PAMESA;PAMESA;GRES PORCELNICO;0176960022509;;SOLID;DUPLOCEM;CEMENTO;;PAVIMENTO;;BASE;;;;NO;;;;CLASE 3;R11;C;GRUPO BIa;GL Esmaltado;65 Low;36 Low;NO;0.42;>8000 N - 35-45 N/mm2;1;017.696.0002.02509;60x60;CATLOGO PAMESA;;;60;120;20;7200;60x120;DUPLOCEM;GRIS;https://www.pamesa.com/ERP/4.0/empresas/151/045/imagenes/t00010602/0176960022509.jpg
17;250;33;2509;0172500027681;SI;REC.GLASS;60x120(n) DUPLOCEM MARFIL;A;SI;SI;0.0000;SOL25;PAMESA;PAMESA;L/36/02 RF;8429991120245;;8429991773199;M2;2;1.44;36;51.84;28.62;1,055.32;122.00;84.00;73.50;;;08/04/2025;PAMESA;PAMESA;GRES PORCELNICO;0172500027681;;SOLID;DUPLOCEM;CEMENTO;;POLIVALENTE;BASE;BASE;MATE RECTIFICADO;VARIACION MODERADA;;SI;;;;CLASE 3;R10;C;GRUPO BIa;GL Esmaltado;;36 Low;NO;0.79;1600-2400 N - 35-45 N/mm2;1;017.250.0033.02509;90X90(N);CATLOGO PAMESA;;;60;120;9;7200;60x120;DUPLOCEM;MARFIL;https://www.pamesa.com/ERP/4.0/empresas/151/045/imagenes/t00010602/0172500027681.jpg
17;696;33;2509;0176960332509;SI;REC.GLASS;60x120(N)20MM DUPLOCEM MARFIL;A;SI;SI;0.0000;2CM04;PAMESA.C.P;PAMESA;30/22/01 S/C;8429991954154;;;M2;1;0.72;33;23.76;29.30;991.90;126.00;70.00;75.00;;20.00;26/07/2024;PAMESA;PAMESA;GRES PORCELNICO;0176960332509;;SOLID;DUPLOCEM;CEMENTO;;PAVIMENTO;;BASE;;;;NO;;;;CLASE 3;R11;C;GRUPO BIa;GL Esmaltado;65 Low;36 Low;NO;0.42;>8000 N - 35-45 N/mm2;1;017.696.0033.02509;30X30 (5)MALLA;CATLOGO PAMESA;;;60;120;20;7200;60x120;DUPLOCEM;MARFIL;https://www.pamesa.com/ERP/4.0/empresas/151/045/imagenes/t00010602/0176960332509.jpg
17;250;37;2509;0172500027684;SI;REC.GLASS;60x120(n) DUPLOCEM PERLA;A;SI;SI;0.0000;SOL25;PAMESA;PAMESA;L/36/02 RF;8429991120269;;8429991773199;M2;2;1.44;36;51.84;28.62;1,055.32;122.00;84.00;73.50;;;08/04/2025;PAMESA;PAMESA;GRES PORCELNICO;0172500027684;;SOLID;DUPLOCEM;CEMENTO;;POLIVALENTE;BASE;BASE;MATE RECTIFICADO;VARIACION MODERADA;;SI;;;;CLASE 3;R10;C;GRUPO BIa;GL Esmaltado;;36 Low;NO;0.79;1600-2400 N - 35-45 N/mm2;1;017.250.0037.02509;60x60;CATLOGO PAMESA;;;60;120;9;7200;60x120;DUPLOCEM;PERLA;https://www.pamesa.com/ERP/4.0/empresas/151/045/imagenes/t00010602/0172500027684.jpg
17;696;37;2509;0176960372509;SI;REC.GLASS;60x120(N)20MM DUPLOCEM PERLA;A;SI;SI;0.0000;2CM04;PAMESA.C.P;PAMESA;30/22/01 S/C;8429991954161;;;M2;1;0.72;33;23.76;29.30;991.90;126.00;70.00;75.00;;20.00;26/07/2024;PAMESA;PAMESA;GRES PORCELNICO;0176960372509;;SOLID;DUPLOCEM;CEMENTO;;PAVIMENTO;;BASE;;;;NO;;;;CLASE 3;R11;C;GRUPO BIa;GL Esmaltado;65 Low;36 Low;NO;0.42;>8000 N - 35-45 N/mm2;1;017.696.0037.02509;30X30 (5)MALLA;CATLOGO PAMESA;;;60;120;20;7200;60x120;DUPLOCEM;PERLA;https://www.pamesa.com/ERP/4.0/empresas/151/045/imagenes/t00010602/0176960372509.jpg
17;250;285;2509;0172500027686;SI;REC.GLASS;60x120(n) DUPLOCEM TAUPE;A;SI;SI;0.0000;SOL25;PAMESA;PAMESA;L/36/02 RF;8429991120283;;8429991773199;M2;2;1.44;36;51.84;28.62;1,055.32;122.00;84.00;73.50;;;08/04/2025;PAMESA;PAMESA;GRES PORCELNICO;0172500027686;;SOLID;DUPLOCEM;CEMENTO;;POLIVALENTE;BASE;BASE;MATE RECTIFICADO;VARIACION MODERADA;;SI;;;;CLASE 3;R10;C;GRUPO BIa;GL Esmaltado;;36 Low;NO;0.79;1600-2400 N - 35-45 N/mm2;1;017.250.0285.02509;30x30(7)Malla;CATLOGO PAMESA;;;60;120;9;7200;60x120;DUPLOCEM;TAUPE;https://www.pamesa.com/ERP/4.0/empresas/151/045/imagenes/t00010602/0172500027686.jpg
17;696;285;2509;0176962852509;SI;REC.GLASS;60x120(N)20MM DUPLOCEM TAUPE;A;SI;SI;0.0000;2CM04;PAMESA.C.P;PAMESA;30/22/01 S/C;8429991954185;;;M2;1;0.72;33;23.76;29.30;991.90;126.00;70.00;75.00;;20.00;26/07/2024;PAMESA;PAMESA;GRES PORCELNICO;0176962852509;;SOLID;DUPLOCEM;CEMENTO;;PAVIMENTO;;BASE;;;;NO;;;;CLASE 3;R11;C;GRUPO BIa;GL Esmaltado;65 Low;36 Low;NO;0.42;>8000 N - 35-45 N/mm2;1;017.696.0285.02509;120X120;CATLOGO PAMESA;;;60;120;20;7200;60x120;DUPLOCEM;TAUPE;https://www.pamesa.com/ERP/4.0/empresas/151/045/imagenes/t00010602/0176962852509.jpg
17;250;108;2509;0172500027685;SI;REC.GLASS;60x120(n) DUPLOCEM WHITE;A;SI;SI;0.0000;SOL25;PAMESA;PAMESA;L/36/02 RF;8429991120276;;8429991773199;M2;2;1.44;36;51.84;28.62;1,055.32;122.00;84.00;73.50;;;08/04/2025;PAMESA;PAMESA;GRES PORCELNICO;0172500027685;;SOLID;DUPLOCEM;CEMENTO;;POLIVALENTE;BASE;BASE;MATE RECTIFICADO;VARIACION MODERADA;;SI;;;;CLASE 3;R10;C;GRUPO BIa;GL Esmaltado;;36 Low;NO;0.79;1600-2400 N - 35-45 N/mm2;1;017.250.0108.02509;60x120(N)20MM;CATLOGO PAMESA;;;60;120;9;7200;60x120;DUPLOCEM;WHITE;https://www.pamesa.com/ERP/4.0/empresas/151/045/imagenes/t00010602/0172500027685.jpg
17;696;108;2509;0176961082509;SI;REC.GLASS;60x120(N)20MM DUPLOCEM WHITE;A;SI;SI;0.0000;2CM04;PAMESA.C.P;PAMESA;30/22/01 S/C;8429991954178;;;M2;1;0.72;33;23.76;29.30;991.90;126.00;70.00;75.00;;20.00;26/07/2024;PAMESA;PAMESA;GRES PORCELNICO;0176961082509;;SOLID;DUPLOCEM;CEMENTO;;PAVIMENTO;;BASE;;;;NO;;;;CLASE 3;R11;C;GRUPO BIa;GL Esmaltado;65 Low;36 Low;NO;0.42;>8000 N - 35-45 N/mm2;1;017.696.0108.02509;30X30 (5)MALLA;CATLOGO PAMESA;;;60;120;20;7200;60x120;DUPLOCEM;WHITE;https://www.pamesa.com/ERP/4.0/empresas/151/045/imagenes/t00010602/0176961082509.jpg
17;84;2;2509;0170840022509;SI;REC.GLASS;45x90C(N) DUPLOCEM GRIS;A;SI;SI;21.7500;SOL17;PAMESA;PAMESA;F/55/03;8429991886653;;8429991773199;M2;3;1.21;55;66.55;25.00;1,395.00;120.00;80.00;105.00;;;19/02/2024;PAMESA;PAMESA;GRES PORCELNICO;0170840022509;;SOLID;DUPLOCEM;CEMENTO;;POLIVALENTE;;BASE;MATE RECTIFICADO;VARIACION MODERADA;;SI;NO;;;CLASE 3;R10;C;GRUPO BIa;GL Esmaltado;;36 Low;NO;0.79;1600-2400 N - 35-45 N/mm2;1;017.084.0002.02509;100X100;CATLOGO PAMESA;;;45;90;9;4050;45x90;DUPLOCEM;GRIS;https://www.pamesa.com/ERP/4.0/empresas/151/045/imagenes/t00010602/0170840022509.jpg
17;84;33;2509;0170840332509;SI;REC.GLASS;45x90C(N) DUPLOCEM MARFIL;A;SI;SI;21.7500;SOL17;PAMESA;PAMESA;F/55/03;8429991886660;;8429991773199;M2;3;1.21;55;66.55;25.00;1,395.00;120.00;80.00;105.00;;;19/02/2024;PAMESA;PAMESA;GRES PORCELNICO;0170840332509;;SOLID;DUPLOCEM;CEMENTO;;POLIVALENTE;;BASE;MATE RECTIFICADO;VARIACION MODERADA;;SI;NO;;;CLASE 3;R10;C;GRUPO BIa;GL Esmaltado;;36 Low;NO;0.79;1600-2400 N - 35-45 N/mm2;1;017.084.0033.02509;60X120(n);CATLOGO PAMESA;;;45;90;9;4050;45x90;DUPLOCEM;MARFIL;https://www.pamesa.com/ERP/4.0/empresas/151/045/imagenes/t00010602/0170840332509.jpg
17;84;37;2509;0170840372509;SI;REC.GLASS;45x90C(N) DUPLOCEM PERLA;A;SI;SI;21.7500;SOL17;PAMESA;PAMESA;F/55/03;8429991886677;;8429991773199;M2;3;1.21;55;66.55;25.00;1,395.00;120.00;80.00;105.00;;;19/02/2024;PAMESA;PAMESA;GRES PORCELNICO;0170840372509;;SOLID;DUPLOCEM;CEMENTO;;POLIVALENTE;;BASE;MATE RECTIFICADO;VARIACION MODERADA;;SI;NO;;;CLASE 3;R10;C;GRUPO BIa;GL Esmaltado;;36 Low;NO;0.79;1600-2400 N - 35-45 N/mm2;1;017.084.0037.02509;60X120(n);CATLOGO PAMESA;;;45;90;9;4050;45x90;DUPLOCEM;PERLA;https://www.pamesa.com/ERP/4.0/empresas/151/045/imagenes/t00010602/0170840372509.jpg
17;84;285;2509;0170842852509;SI;REC.GLASS;45x90C(N) DUPLOCEM TAUPE;A;SI;SI;21.7500;SOL17;PAMESA;PAMESA;F/55/03;8429991886691;;8429991773199;M2;3;1.21;55;66.55;25.00;1,395.00;120.00;80.00;105.00;;;19/02/2024;PAMESA;PAMESA;GRES PORCELNICO;0170842852509;;SOLID;DUPLOCEM;CEMENTO;;POLIVALENTE;;BASE;MATE RECTIFICADO;VARIACION MODERADA;;SI;NO;;;CLASE 3;R10;C;GRUPO BIa;GL Esmaltado;;36 Low;NO;0.79;1600-2400 N - 35-45 N/mm2;1;017.084.0285.02509;60X120(n);CATLOGO PAMESA;;;45;90;9;4050;45x90;DUPLOCEM;TAUPE;https://www.pamesa.com/ERP/4.0/empresas/151/045/imagenes/t00010602/0170842852509.jpg
17;84;108;2509;0170841082509;SI;REC.GLASS;45x90C(N) DUPLOCEM WHITE;A;SI;SI;21.7500;SOL17;PAMESA;PAMESA;F/55/03;8429991886684;;8429991773199;M2;3;1.21;55;66.55;25.00;1,395.00;120.00;80.00;105.00;;;19/02/2024;PAMESA;PAMESA;GRES PORCELNICO;0170841082509;;SOLID;DUPLOCEM;CEMENTO;;POLIVALENTE;;BASE;MATE RECTIFICADO;VARIACION MODERADA;;SI;NO;;;CLASE 3;R10;C;GRUPO BIa;GL Esmaltado;;36 Low;NO;0.79;1600-2400 N - 35-45 N/mm2;1;017.084.0108.02509;60X120(n);CATLOGO PAMESA;;;45;90;9;4050;45x90;DUPLOCEM;WHITE;https://www.pamesa.com/ERP/4.0/empresas/151/045/imagenes/t00010602/0170841082509.jpg
17;785;2;2509;0177850022509;SI;REC.GLASS;60x60N(20mm) DUPLOCEM GRIS;A;SI;SI;0.0000;2CM01;PAMESA;PAMESA;F/30/02;8429991954109;;8429991773199;M2;2;0.72;30;21.60;28.50;875.00;120.00;80.00;73.50;;20.00;26/07/2024;PAMESA;PAMESA;GRES PORCELNICO;0177850022509;;SOLID;DUPLOCEM;CEMENTO;;PAVIMENTO;BASE;BASE;MATE RECTIFICADO;VARIACION MODERADA;;NO;NO;;;CLASE 3;R11;C;GRUPO BIa;GL Esmaltado;65 Low;36 Low;NO;0.42;>8000 N - 35-45 N/mm2;1;017.785.0002.02509;60x60;CATLOGO PAMESA;;;60;60;20;3600;60x60;DUPLOCEM;GRIS;https://www.pamesa.com/ERP/4.0/empresas/151/045/imagenes/t00010602/0177850022509.jpg
17;840;2;2509;0178400022509;SI;REC.GLASS;60x60 DUPLOCEM GRIS;A;SI;SI;20.2500;SOL12;PAMESA;PAMESA;F/30/04 9MM;8429991473341;;8429991773199;M2;4;1.44;30;43.20;29.75;912.50;120.00;80.00;73.50;;9.00;07/11/2019;PAMESA;SERIE DUPLO;GRES PORCELNICO;0178400022509;;SOLID;DUPLOCEM;CEMENTO;;POLIVALENTE;BASE;BASE;MATE RECTIFICADO;VARIACION MODERADA;;SI;;;;CLASE 3;R10;C;GRUPO BIa;GL Esmaltado;65 Low;36 Low;NO;0.79;1600-2400 N - 35-45 N/mm2;1;017.840.0002.02509;30x30(7)Malla;CATLOGO PAMESA;;;60;60;9;3600;60x60;DUPLOCEM;GRIS;https://www.pamesa.com/ERP/4.0/empresas/151/045/imagenes/t00010602/0178400022509.jpg
17;785;33;2509;0177850332509;SI;REC.GLASS;60x60N(20mm) DUPLOCEM MARFIL;A;SI;SI;0.0000;2CM01;PAMESA;PAMESA;F/30/02;8429991954116;;8429991773199;M2;2;0.72;30;21.60;28.50;875.00;120.00;80.00;73.50;;20.00;26/07/2024;PAMESA;PAMESA;GRES PORCELNICO;0177850332509;;SOLID;DUPLOCEM;CEMENTO;;PAVIMENTO;BASE;BASE;MATE RECTIFICADO;VARIACION MODERADA;;NO;NO;;;CLASE 3;R11;C;GRUPO BIa;GL Esmaltado;65 Low;36 Low;NO;0.42;>8000 N - 35-45 N/mm2;1;017.785.0033.02509;30x30(7)Malla;CATLOGO PAMESA;;;60;60;20;3600;60x60;DUPLOCEM;MARFIL;https://www.pamesa.com/ERP/4.0/empresas/151/045/imagenes/t00010602/0177850332509.jpg
17;840;33;2509;0178400332509;SI;REC.GLASS;60x60 DUPLOCEM MARFIL;A;SI;SI;20.2500;SOL12;PAMESA;PAMESA;F/30/04 9MM;8429991473327;;8429991773199;M2;4;1.44;30;43.20;29.75;912.50;120.00;80.00;73.50;;9.00;07/11/2019;PAMESA;SERIE DUPLO;GRES PORCELNICO;0178400332509;;SOLID;DUPLOCEM;CEMENTO;;POLIVALENTE;BASE;BASE;MATE RECTIFICADO;VARIACION MODERADA;;SI;;;;CLASE 3;R10;C;GRUPO BIa;GL Esmaltado;65 Low;36 Low;NO;0.79;1600-2400 N - 35-45 N/mm2;1;017.840.0033.02509;60X120 RF;CATLOGO PAMESA;;;60;60;9;3600;60x60;DUPLOCEM;MARFIL;https://www.pamesa.com/ERP/4.0/empresas/151/045/imagenes/t00010602/0178400332509.jpg
17;785;37;2509;0177850372509;SI;REC.GLASS;60x60N(20mm) DUPLOCEM PERLA;A;SI;SI;0.0000;2CM01;PAMESA;PAMESA;F/30/02;8429991954123;;8429991773199;M2;2;0.72;30;21.60;28.50;875.00;120.00;80.00;73.50;;20.00;26/07/2024;PAMESA;PAMESA;GRES PORCELNICO;0177850372509;;SOLID;DUPLOCEM;CEMENTO;;PAVIMENTO;BASE;BASE;MATE RECTIFICADO;VARIACION MODERADA;;NO;NO;;;CLASE 3;R11;C;GRUPO BIa;GL Esmaltado;65 Low;36 Low;NO;0.42;>8000 N - 35-45 N/mm2;1;017.785.0037.02509;30x30(7)Malla;CATLOGO PAMESA;;;60;60;20;3600;60x60;DUPLOCEM;PERLA;https://www.pamesa.com/ERP/4.0/empresas/151/045/imagenes/t00010602/0177850372509.jpg
17;840;37;2509;0178400372509;SI;REC.GLASS;60x60 DUPLOCEM PERLA;A;SI;SI;20.2500;SOL12;PAMESA;PAMESA;F/30/04 9MM;8429991473358;;8429991773199;M2;4;1.44;30;43.20;29.75;912.50;120.00;80.00;73.50;;9.00;07/11/2019;PAMESA;SERIE DUPLO;GRES PORCELNICO;0178400372509;;SOLID;DUPLOCEM;CEMENTO;;POLIVALENTE;BASE;BASE;MATE RECTIFICADO;VARIACION MODERADA;;SI;;;;CLASE 3;R10;C;GRUPO BIa;GL Esmaltado;65 Low;36 Low;NO;0.79;1600-2400 N - 35-45 N/mm2;1;017.840.0037.02509;30x30(7)Malla;CATLOGO PAMESA;;;60;60;9;3600;60x60;DUPLOCEM;PERLA;https://www.pamesa.com/ERP/4.0/empresas/151/045/imagenes/t00010602/0178400372509.jpg
17;785;285;2509;0177852852509;SI;REC.GLASS;60x60N(20mm) DUPLOCEM TAUPE;A;SI;SI;0.0000;2CM01;PAMESA;PAMESA;F/30/02;8429991954147;;8429991773199;M2;2;0.72;30;21.60;28.50;875.00;120.00;80.00;73.50;;20.00;26/07/2024;PAMESA;PAMESA;GRES PORCELNICO;0177852852509;;SOLID;DUPLOCEM;CEMENTO;;PAVIMENTO;BASE;BASE;MATE RECTIFICADO;VARIACION MODERADA;;NO;NO;;;CLASE 3;R11;C;GRUPO BIa;GL Esmaltado;65 Low;36 Low;NO;0.42;>8000 N - 35-45 N/mm2;1;017.785.0285.02509;120X120;CATLOGO PAMESA;;;60;60;20;3600;60x60;DUPLOCEM;TAUPE;https://www.pamesa.com/ERP/4.0/empresas/151/045/imagenes/t00010602/0177852852509.jpg
17;840;285;2509;0178402852509;SI;REC.GLASS;60x60 DUPLOCEM TAUPE;A;SI;SI;20.2500;SOL12;PAMESA;PAMESA;F/30/04 9MM;8429991473334;;8429991773199;M2;4;1.44;30;43.20;29.75;912.50;120.00;80.00;73.50;;9.00;07/11/2019;PAMESA;SERIE DUPLO;GRES PORCELNICO;0178402852509;;SOLID;DUPLOCEM;CEMENTO;;POLIVALENTE;BASE;BASE;MATE RECTIFICADO;VARIACION MODERADA;;SI;;;;CLASE 3;R10;C;GRUPO BIa;GL Esmaltado;65 Low;36 Low;NO;0.79;1600-2400 N - 35-45 N/mm2;1;017.840.0285.02509;60X120(n);CATLOGO PAMESA;;;60;60;9;3600;60x60;DUPLOCEM;TAUPE;https://www.pamesa.com/ERP/4.0/empresas/151/045/imagenes/t00010602/0178402852509.jpg
17;785;108;2509;0177851082509;SI;REC.GLASS;60x60N(20mm) DUPLOCEM WHITE;A;SI;SI;0.0000;2CM01;PAMESA;PAMESA;F/30/02;8429991954130;;8429991773199;M2;2;0.72;30;21.60;28.50;875.00;120.00;80.00;73.50;;20.00;26/07/2024;PAMESA;PAMESA;GRES PORCELNICO;0177851082509;;SOLID;DUPLOCEM;CEMENTO;;PAVIMENTO;BASE;BASE;MATE RECTIFICADO;VARIACION MODERADA;;NO;NO;;;CLASE 3;R11;C;GRUPO BIa;GL Esmaltado;65 Low;36 Low;NO;0.42;>8000 N - 35-45 N/mm2;1;017.785.0108.02509;60X120(n);CATLOGO PAMESA;;;60;60;20;3600;60x60;DUPLOCEM;WHITE;https://www.pamesa.com/ERP/4.0/empresas/151/045/imagenes/t00010602/0177851082509.jpg
17;840;108;2509;0178401082509;SI;REC.GLASS;60x60 DUPLOCEM WHITE;A;SI;SI;20.2500;SOL12;PAMESA;PAMESA;F/30/04 9MM;8429991473365;;8429991773199;M2;4;1.44;30;43.20;29.75;912.50;120.00;80.00;73.50;;9.00;07/11/2019;PAMESA;SERIE DUPLO;GRES PORCELNICO;0178401082509;;SOLID;DUPLOCEM;CEMENTO;;POLIVALENTE;BASE;BASE;MATE RECTIFICADO;VARIACION MODERADA;;SI;;;;CLASE 3;R10;C;GRUPO BIa;GL Esmaltado;65 Low;36 Low;NO;0.79;1600-2400 N - 35-45 N/mm2;1;017.840.0108.02509;60X120 RF;CATLOGO PAMESA;;;60;60;9;3600;60x60;DUPLOCEM;WHITE;https://www.pamesa.com/ERP/4.0/empresas/151/045/imagenes/t00010602/0178401082509.jpg
17;450;2;2509;0174500022509;SI;REC.GLASS;30x60 (C) DUPLOCEM GRIS;A;SI;SI;20.2500;SOL06;PAMESA;PAMESA;F/48/06 9MM;8429991494445;;8429991773199;M2;6;1.08;48;51.84;22.63;1,106.24;120.00;80.00;74.00;;9.00;20/01/2020;PAMESA;SERIE DUPLO;GRES PORCELNICO;0174500022509;;SOLID;DUPLOCEM;CEMENTO;;POLIVALENTE;BASE;BASE;MATE RECTIFICADO;VARIACION MODERADA;;SI;;;;CLASE 3;R10;C;GRUPO BIa;GL Esmaltado;65 Low;36 Low;NO;0.79;1600-2400 N - 35-45 N/mm2;1;017.450.0002.02509;120X120;CATLOGO PAMESA;;;30;60;9,5;1800;30x60;DUPLOCEM;GRIS;https://www.pamesa.com/ERP/4.0/empresas/151/045/imagenes/t00010602/0174500022509.jpg
17;450;33;2509;0174500332509;SI;REC.GLASS;30x60 (C) DUPLOCEM MARFIL;A;SI;SI;20.2500;SOL06;PAMESA;PAMESA;F/48/06 9MM;8429991494421;;8429991773199;M2;6;1.08;48;51.84;22.63;1,106.24;120.00;80.00;74.00;;9.00;20/01/2020;PAMESA;SERIE DUPLO;GRES PORCELNICO;0174500332509;;SOLID;DUPLOCEM;CEMENTO;;POLIVALENTE;BASE;BASE;MATE RECTIFICADO;VARIACION MODERADA;;SI;;;;CLASE 3;R10;C;GRUPO BIa;GL Esmaltado;65 Low;36 Low;NO;0.79;1600-2400 N - 35-45 N/mm2;1;017.450.0033.02509;120X120;CATLOGO PAMESA;;;30;60;9,5;1800;30x60;DUPLOCEM;MARFIL;https://www.pamesa.com/ERP/4.0/empresas/151/045/imagenes/t00010602/0174500332509.jpg
17;450;37;2509;0174500372509;SI;REC.GLASS;30x60 (C) DUPLOCEM PERLA;A;SI;SI;20.2500;SOL06;PAMESA;PAMESA;F/48/06 9MM;8429991494452;;8429991773199;M2;6;1.08;48;51.84;22.63;1,106.24;120.00;80.00;74.00;;9.00;20/01/2020;PAMESA;SERIE DUPLO;GRES PORCELNICO;0174500372509;;SOLID;DUPLOCEM;CEMENTO;;POLIVALENTE;BASE;BASE;MATE RECTIFICADO;VARIACION MODERADA;;SI;;;;CLASE 3;R10;C;GRUPO BIa;GL Esmaltado;65 Low;36 Low;NO;0.79;1600-2400 N - 35-45 N/mm2;1;017.450.0037.02509;120X120;CATLOGO PAMESA;;;30;60;9,5;1800;30x60;DUPLOCEM;PERLA;https://www.pamesa.com/ERP/4.0/empresas/151/045/imagenes/t00010602/0174500372509.jpg
17;450;285;2509;0174502852509;SI;REC.GLASS;30x60 (C) DUPLOCEM TAUPE;A;SI;SI;20.2500;SOL06;PAMESA;PAMESA;F/48/06 9MM;8429991494438;;8429991773199;M2;6;1.08;48;51.84;22.63;1,106.24;120.00;80.00;74.00;;9.00;20/01/2020;PAMESA;SERIE DUPLO;GRES PORCELNICO;0174502852509;;SOLID;DUPLOCEM;CEMENTO;;POLIVALENTE;BASE;BASE;MATE RECTIFICADO;VARIACION MODERADA;;SI;;;;CLASE 3;R10;C;GRUPO BIa;GL Esmaltado;65 Low;36 Low;NO;0.79;1600-2400 N - 35-45 N/mm2;1;017.450.0285.02509;60X120 RF;CATLOGO PAMESA;;;30;60;9,5;1800;30x60;DUPLOCEM;TAUPE;https://www.pamesa.com/ERP/4.0/empresas/151/045/imagenes/t00010602/0174502852509.jpg
17;450;108;2509;0174501082509;SI;REC.GLASS;30x60 (C) DUPLOCEM WHITE;A;SI;SI;20.2500;SOL06;PAMESA;PAMESA;F/48/06 9MM;8429991494469;;8429991773199;M2;6;1.08;48;51.84;22.63;1,106.24;120.00;80.00;74.00;;9.00;20/01/2020;PAMESA;SERIE DUPLO;GRES PORCELNICO;0174501082509;;SOLID;DUPLOCEM;CEMENTO;;POLIVALENTE;BASE;BASE;MATE RECTIFICADO;VARIACION MODERADA;;SI;;;;CLASE 3;R10;C;GRUPO BIa;GL Esmaltado;65 Low;36 Low;NO;0.79;1600-2400 N - 35-45 N/mm2;1;017.450.0108.02509;90X90(N);CATLOGO PAMESA;;;30;60;9,5;1800;30x60;DUPLOCEM;WHITE;https://www.pamesa.com/ERP/4.0/empresas/151/045/imagenes/t00010602/0174501082509.jpg
25;590;2;2509;0255900022509;SI;PZ.ESP COM-GLAS;30x30(7)Malla DUPLOCEM GRIS;A;SI;SI;57.7500;MOS7;PAMESA;PAMESA;E/42/11;8429991588342;;;M2;11;1.00;42;42.00;23.10;990.20;120.00;80.00;;;;23/10/2020;PAMESA;SERIE DUPLO;GRES PORCELNICO;0255900022509;;SOLID;DUPLOCEM;CEMENTO;;POLIVALENTE;MALLA;;MATE RECTIFICADO;VARIACION MODERADA;;SI;;;;CLASE 3;R11;;GRUPO BIa;GL Esmaltado;65 Low;50 Low;NO;0.79;;1;025.590.0002.02509;30x30(7)Malla;CATLOGO PAMESA;;;30;30;0;900;30x30;DUPLOCEM;GRIS;https://www.pamesa.com/ERP/4.0/empresas/151/045/imagenes/t00010602/0255900022509.jpg
25;590;33;2509;0255900332509;SI;PZ.ESP COM-GLAS;30x30(7)Malla DUPLOCEM MARFIL;A;SI;SI;57.7500;MOS7;PAMESA;PAMESA;E/42/11;8429991588311;;;M2;11;1.00;42;42.00;23.10;990.20;120.00;80.00;;;;23/10/2020;PAMESA;SERIE DUPLO;GRES PORCELNICO;0255900332509;;SOLID;DUPLOCEM;CEMENTO;;POLIVALENTE;MALLA;;MATE RECTIFICADO;VARIACION MODERADA;;SI;;;;CLASE 3;R11;;GRUPO BIa;GL Esmaltado;65 Low;50 Low;NO;0.79;;1;025.590.0033.02509;60X120(n);CATLOGO PAMESA;;;30;30;0;900;30x30;DUPLOCEM;MARFIL;https://www.pamesa.com/ERP/4.0/empresas/151/045/imagenes/t00010602/0255900332509.jpg
25;590;37;2509;0255900372509;SI;PZ.ESP COM-GLAS;30x30(7)Malla DUPLOCEM PERLA;A;SI;SI;57.7500;MOS7;PAMESA;PAMESA;E/42/11;8429991588359;;;M2;11;1.00;42;42.00;23.10;990.20;120.00;80.00;;;;23/10/2020;PAMESA;SERIE DUPLO;GRES PORCELNICO;0255900372509;;SOLID;DUPLOCEM;CEMENTO;;POLIVALENTE;MALLA;;MATE RECTIFICADO;VARIACION MODERADA;;SI;;;;CLASE 3;R11;;GRUPO BIa;GL Esmaltado;65 Low;50 Low;NO;0.79;;1;025.590.0037.02509;60X60N(20MM);CATLOGO PAMESA;;;30;30;0;900;30x30;DUPLOCEM;PERLA;https://www.pamesa.com/ERP/4.0/empresas/151/045/imagenes/t00010602/0255900372509.jpg
25;590;285;2509;0255902852509;SI;PZ.ESP COM-GLAS;30x30(7)Malla DUPLOCEM TAUPE;A;SI;SI;57.7500;MOS7;PAMESA;PAMESA;E/42/11;8429991588328;;;M2;11;1.00;42;42.00;23.10;990.20;120.00;80.00;;;;23/10/2020;PAMESA;SERIE DUPLO;GRES PORCELNICO;0255902852509;;SOLID;DUPLOCEM;CEMENTO;;POLIVALENTE;MALLA;;MATE RECTIFICADO;VARIACION MODERADA;;SI;;;;CLASE 3;R11;;GRUPO BIa;GL Esmaltado;65 Low;50 Low;NO;0.79;;1;025.590.0285.02509;30X30 (5)MALLA;CATLOGO PAMESA;;;30;30;0;900;30x30;DUPLOCEM;TAUPE;https://www.pamesa.com/ERP/4.0/empresas/151/045/imagenes/t00010602/0255902852509.jpg
25;590;108;2509;0255901082509;SI;PZ.ESP COM-GLAS;30x30(7)Malla DUPLOCEM WHITE;A;SI;SI;57.7500;MOS7;PAMESA;PAMESA;E/42/11;8429991588335;;;M2;11;1.00;42;42.00;23.10;990.20;120.00;80.00;;;;23/10/2020;PAMESA;SERIE DUPLO;GRES PORCELNICO;0255901082509;;SOLID;DUPLOCEM;CEMENTO;;POLIVALENTE;MALLA;;MATE RECTIFICADO;VARIACION MODERADA;;SI;;;;CLASE 3;R11;;GRUPO BIa;GL Esmaltado;65 Low;50 Low;NO;0.79;;1;025.590.0108.02509;30x30(7)Malla;CATLOGO PAMESA;;;30;30;0;900;30x30;DUPLOCEM;WHITE;https://www.pamesa.com/ERP/4.0/empresas/151/045/imagenes/t00010602/0255901082509.jpg
17;250;2;2341;0172500027687;SI;REC.GLASS;60x120(n) DUPLOSTONE GRIS;A;SI;SI;0.0000;SOL25;PAMESA;PAMESA;L/36/02 RF;8429991120351;;8429991773199;M2;2;1.44;36;51.84;28.62;1,055.32;122.00;84.00;73.50;;;08/04/2025;PAMESA;PAMESA;GRES PORCELNICO;0172500027687;;SOLID;DUPLOSTONE;PIEDRA;;POLIVALENTE;BASE;BASE;MATE RECTIFICADO;VARIACION MODERADA;;SI;;;;CLASE 3;R10;C;GRUPO BIa;GL Esmaltado;;36 Low;NO;0.79;1600-2400 N - 35-45 N/mm2;1;017.250.0002.02341;30X30 (5)MALLA;CATLOGO PAMESA;;;60;120;9;7200;60x120;DUPLOSTONE;GRIS;https://www.pamesa.com/ERP/4.0/empresas/151/045/imagenes/t00010602/0172500027687.jpg
17;696;2;2341;0176960022341;SI;REC.GLASS;60x120(N)20MM DUPLOSTONE GRIS;A;SI;SI;0.0000;2CM04;PAMESA.C.P;PAMESA;30/22/01 S/C;8429991954253;;;M2;1;0.72;33;23.76;29.30;991.90;126.00;70.00;75.00;;20.00;26/07/2024;PAMESA;PAMESA;GRES PORCELNICO;0176960022341;;SOLID;DUPLOSTONE;PIEDRA;;PAVIMENTO;;BASE;;;;NO;;;;CLASE 3;R11;C;GRUPO BIa;GL Esmaltado;65 Low;36 Low;NO;0.42;>8000 N - 35-45 N/mm2;1;017.696.0002.02341;60x60;CATLOGO PAMESA;;;60;120;20;7200;60x120;DUPLOSTONE;GRIS;https://www.pamesa.com/ERP/4.0/empresas/151/045/imagenes/t00010602/0176960022341.jpg
17;250;28;2341;0172500027689;SI;REC.GLASS;60x120(n) DUPLOSTONE MARENGO;A;SI;SI;0.0000;SOL25;PAMESA;PAMESA;L/36/02 RF;8429991120511;;8429991773199;M2;2;1.44;36;51.84;28.62;1,055.32;122.00;84.00;73.50;;;08/04/2025;PAMESA;PAMESA;GRES PORCELNICO;0172500027689;;SOLID;DUPLOSTONE;PIEDRA;;POLIVALENTE;BASE;BASE;MATE RECTIFICADO;VARIACION MODERADA;;SI;;;;CLASE 3;R10;C;GRUPO BIa;GL Esmaltado;;36 Low;NO;0.79;1600-2400 N - 35-45 N/mm2;1;017.250.0028.02341;120X280(6MM);CATLOGO PAMESA;;;60;120;9;7200;60x120;DUPLOSTONE;MARENGO;https://www.pamesa.com/ERP/4.0/empresas/151/045/imagenes/t00010602/0172500027689.jpg
17;696;28;2341;0176960282341;SI;REC.GLASS;60x120(N)20MM DUPLOSTONE MARENGO;A;SI;SI;0.0000;2CM04;PAMESA.C.P;PAMESA;30/22/01 S/C;8429991954239;;;M2;1;0.72;33;23.76;29.30;991.90;126.00;70.00;75.00;;20.00;26/07/2024;PAMESA;PAMESA;GRES PORCELNICO;0176960282341;;SOLID;DUPLOSTONE;PIEDRA;;PAVIMENTO;;BASE;;;;NO;;;;CLASE 3;R11;C;GRUPO BIa;GL Esmaltado;65 Low;36 Low;NO;0.42;>8000 N - 35-45 N/mm2;1;017.696.0028.02341;30X30 (5)MALLA;CATLOGO PAMESA;;;60;120;20;7200;60x120;DUPLOSTONE;MARENGO;https://www.pamesa.com/ERP/4.0/empresas/151/045/imagenes/t00010602/0176960282341.jpg
17;250;33;2341;0172500027690;SI;REC.GLASS;60x120(n) DUPLOSTONE MARFIL;A;SI;SI;0.0000;SOL25;PAMESA;PAMESA;L/36/02 RF;8429991120528;;8429991773199;M2;2;1.44;36;51.84;28.62;1,055.32;122.00;84.00;73.50;;;08/04/2025;PAMESA;PAMESA;GRES PORCELNICO;0172500027690;;SOLID;DUPLOSTONE;PIEDRA;;POLIVALENTE;BASE;BASE;MATE RECTIFICADO;VARIACION MODERADA;;SI;;;;CLASE 3;R10;C;GRUPO BIa;GL Esmaltado;;36 Low;NO;0.79;1600-2400 N - 35-45 N/mm2;1;017.250.0033.02341;90X90(N);CATLOGO PAMESA;;;60;120;9;7200;60x120;DUPLOSTONE;MARFIL;https://www.pamesa.com/ERP/4.0/empresas/151/045/imagenes/t00010602/0172500027690.jpg
17;696;33;2341;0176960332341;SI;REC.GLASS;60x120(N)20MM DUPLOSTONE MARFIL;A;SI;SI;0.0000;2CM04;PAMESA.C.P;PAMESA;30/22/01 S/C;8429991954246;;;M2;1;0.72;33;23.76;29.30;991.90;126.00;70.00;75.00;;20.00;26/07/2024;PAMESA;PAMESA;GRES PORCELNICO;0176960332341;;SOLID;DUPLOSTONE;PIEDRA;;PAVIMENTO;;BASE;;;;NO;;;;CLASE 3;R11;C;GRUPO BIa;GL Esmaltado;65 Low;36 Low;NO;0.42;>8000 N - 35-45 N/mm2;1;017.696.0033.02341;30X30 (5)MALLA;CATLOGO PAMESA;;;60;120;20;7200;60x120;DUPLOSTONE;MARFIL;https://www.pamesa.com/ERP/4.0/empresas/151/045/imagenes/t00010602/0176960332341.jpg
17;250;37;2341;0172500027691;SI;REC.GLASS;60x120(n) DUPLOSTONE PERLA;A;SI;SI;0.0000;SOL25;PAMESA;PAMESA;L/36/02 RF;8429991120566;;8429991773199;M2;2;1.44;36;51.84;28.62;1,055.32;122.00;84.00;73.50;;;08/04/2025;PAMESA;PAMESA;GRES PORCELNICO;0172500027691;;SOLID;DUPLOSTONE;PIEDRA;;POLIVALENTE;BASE;BASE;MATE RECTIFICADO;VARIACION MODERADA;;SI;;;;CLASE 3;R10;C;GRUPO BIa;GL Esmaltado;;36 Low;NO;0.79;1600-2400 N - 35-45 N/mm2;1;017.250.0037.02341;60X60N(20MM);CATLOGO PAMESA;;;60;120;9;7200;60x120;DUPLOSTONE;PERLA;https://www.pamesa.com/ERP/4.0/empresas/151/045/imagenes/t00010602/0172500027691.jpg
17;696;37;2341;0176960372341;SI;REC.GLASS;60x120(N)20MM DUPLOSTONE PERLA;A;SI;SI;0.0000;2CM04;PAMESA.C.P;PAMESA;30/22/01 S/C;8429991954260;;;M2;1;0.72;33;23.76;29.30;991.90;126.00;70.00;75.00;;20.00;26/07/2024;PAMESA;PAMESA;GRES PORCELNICO;0176960372341;;SOLID;DUPLOSTONE;PIEDRA;;PAVIMENTO;;BASE;;;;NO;;;;CLASE 3;R11;C;GRUPO BIa;GL Esmaltado;65 Low;36 Low;NO;0.42;>8000 N - 35-45 N/mm2;1;017.696.0037.02341;30X30 (5)MALLA;CATLOGO PAMESA;;;60;120;20;7200;60x120;DUPLOSTONE;PERLA;https://www.pamesa.com/ERP/4.0/empresas/151/045/imagenes/t00010602/0176960372341.jpg
17;84;2;2341;0170840022341;SI;REC.GLASS;45x90C(N) DUPLOSTONE GRIS;A;SI;SI;21.7500;SOL17;PAMESA;PAMESA;F/55/03;8429991886707;;8429991773199;M2;3;1.21;55;66.55;25.00;1,395.00;120.00;80.00;105.00;;;19/02/2024;PAMESA;PAMESA;GRES PORCELNICO;0170840022341;;SOLID;DUPLOSTONE;PIEDRA;;POLIVALENTE;;BASE;MATE RECTIFICADO;VARIACION MODERADA;;SI;NO;;;CLASE 3;R10;C;GRUPO BIa;GL Esmaltado;65 Low;36 Low;NO;0.79;1600-2400 N - 35-45 N/mm2;1;017.084.0002.02341;120X280(6MM);CATLOGO PAMESA;;;45;90;9;4050;45x90;DUPLOSTONE;GRIS;https://www.pamesa.com/ERP/4.0/empresas/151/045/imagenes/t00010602/0170840022341.jpg
17;84;28;2341;0170840282341;SI;REC.GLASS;45x90C(N) DUPLOSTONE MARENGO;A;SI;SI;21.7500;SOL17;PAMESA;PAMESA;F/55/03;8429991886714;;8429991773199;M2;3;1.21;55;66.55;25.00;1,395.00;120.00;80.00;105.00;;;19/02/2024;PAMESA;PAMESA;GRES PORCELNICO;0170840282341;;SOLID;DUPLOSTONE;PIEDRA;;POLIVALENTE;;BASE;MATE RECTIFICADO;VARIACION MODERADA;;SI;NO;;;CLASE 3;R10;C;GRUPO BIa;GL Esmaltado;65 Low;36 Low;NO;0.79;1600-2400 N - 35-45 N/mm2;1;017.084.0028.02341;100X100;CATLOGO PAMESA;;;45;90;9;4050;45x90;DUPLOSTONE;MARENGO;https://www.pamesa.com/ERP/4.0/empresas/151/045/imagenes/t00010602/0170840282341.jpg
17;84;33;2341;0170840332341;SI;REC.GLASS;45x90C(N) DUPLOSTONE MARFIL;A;SI;SI;21.7500;SOL17;PAMESA;PAMESA;F/55/03;8429991886721;;8429991773199;M2;3;1.21;55;66.55;25.00;1,395.00;120.00;80.00;105.00;;;19/02/2024;PAMESA;PAMESA;GRES PORCELNICO;0170840332341;;SOLID;DUPLOSTONE;PIEDRA;;POLIVALENTE;;BASE;MATE RECTIFICADO;VARIACION MODERADA;;SI;NO;;;CLASE 3;R10;C;GRUPO BIa;GL Esmaltado;65 Low;36 Low;NO;0.79;1600-2400 N - 35-45 N/mm2;1;017.084.0033.02341;100X100;CATLOGO PAMESA;;;45;90;9;4050;45x90;DUPLOSTONE;MARFIL;https://www.pamesa.com/ERP/4.0/empresas/151/045/imagenes/t00010602/0170840332341.jpg
17;84;37;2341;0170840372341;SI;REC.GLASS;45x90C(N) DUPLOSTONE PERLA;A;SI;SI;21.7500;SOL17;PAMESA;PAMESA;F/55/03;8429991886738;;8429991773199;M2;3;1.21;55;66.55;25.00;1,395.00;120.00;80.00;105.00;;;19/02/2024;PAMESA;PAMESA;GRES PORCELNICO;0170840372341;;SOLID;DUPLOSTONE;PIEDRA;;POLIVALENTE;;BASE;MATE RECTIFICADO;VARIACION MODERADA;;SI;NO;;;CLASE 3;R10;C;GRUPO BIa;GL Esmaltado;65 Low;36 Low;NO;0.79;1600-2400 N - 35-45 N/mm2;1;017.084.0037.02341;60X120(n);CATLOGO PAMESA;;;45;90;9;4050;45x90;DUPLOSTONE;PERLA;https://www.pamesa.com/ERP/4.0/empresas/151/045/imagenes/t00010602/0170840372341.jpg
17;785;2;2341;0177850022341;SI;REC.GLASS;60x60N(20mm) DUPLOSTONE GRIS;A;SI;SI;0.0000;2CM01;PAMESA;PAMESA;F/30/02;8429991954192;;8429991773199;M2;2;0.72;30;21.60;28.50;875.00;120.00;80.00;73.50;;20.00;26/07/2024;PAMESA;PAMESA;GRES PORCELNICO;0177850022341;;SOLID;DUPLOSTONE;PIEDRA;;PAVIMENTO;BASE;BASE;MATE RECTIFICADO;VARIACION MODERADA;;NO;NO;;;CLASE 3;R11;C;GRUPO BIa;GL Esmaltado;65 Low;36 Low;NO;0.42;>8000 N - 35-45 N/mm2;1;017.785.0002.02341;60x60;CATLOGO PAMESA;;;60;60;20;3600;60x60;DUPLOSTONE;GRIS;https://www.pamesa.com/ERP/4.0/empresas/151/045/imagenes/t00010602/0177850022341.jpg
17;840;2;2341;0178400022341;SI;REC.GLASS;60x60 DUPLOSTONE GRIS;A;SI;SI;20.2500;SOL12;PAMESA;PAMESA;F/30/04 9MM;8429991509385;;8429991773199;M2;4;1.44;30;43.20;29.75;912.50;120.00;80.00;73.50;;9.00;26/02/2020;PAMESA;SERIE DUPLO;GRES PORCELNICO;0178400022341;;SOLID;DUPLOSTONE;PIEDRA;;POLIVALENTE;BASE;BASE;MATE RECTIFICADO;VARIACION MODERADA;;SI;;;;CLASE 3;R10;C;GRUPO BIa;GL Esmaltado;65 Low;36 Low;NO;0.79;1600-2400 N - 35-45 N/mm2;1;017.840.0002.02341;30x30(7)Malla;CATLOGO PAMESA;;;60;60;9;3600;60x60;DUPLOSTONE;GRIS;https://www.pamesa.com/ERP/4.0/empresas/151/045/imagenes/t00010602/0178400022341.jpg
17;785;28;2341;0177850282341;SI;REC.GLASS;60x60N(20mm) DUPLOSTONE MARENGO;A;SI;SI;0.0000;2CM01;PAMESA;PAMESA;F/30/02;8429991954208;;8429991773199;M2;2;0.72;30;21.60;28.50;875.00;120.00;80.00;73.50;;20.00;26/07/2024;PAMESA;PAMESA;GRES PORCELNICO;0177850282341;;SOLID;DUPLOSTONE;PIEDRA;;PAVIMENTO;BASE;BASE;MATE RECTIFICADO;VARIACION MODERADA;;NO;NO;;;CLASE 3;R11;C;GRUPO BIa;GL Esmaltado;65 Low;36 Low;NO;0.42;>8000 N - 35-45 N/mm2;1;017.785.0028.02341;30x60 (C);CATLOGO PAMESA;;;60;60;20;3600;60x60;DUPLOSTONE;MARENGO;https://www.pamesa.com/ERP/4.0/empresas/151/045/imagenes/t00010602/0177850282341.jpg
17;840;28;2341;0178400282341;SI;REC.GLASS;60x60 DUPLOSTONE MARENGO;A;SI;SI;20.2500;SOL12;PAMESA;PAMESA;F/30/04 9MM;8429991509392;;8429991773199;M2;4;1.44;30;43.20;29.75;912.50;120.00;80.00;73.50;;9.00;26/02/2020;PAMESA;SERIE DUPLO;GRES PORCELNICO;0178400282341;;SOLID;DUPLOSTONE;PIEDRA;;POLIVALENTE;BASE;BASE;MATE RECTIFICADO;VARIACION MODERADA;;SI;;;;CLASE 3;R10;C;GRUPO BIa;GL Esmaltado;65 Low;36 Low;NO;0.79;1600-2400 N - 35-45 N/mm2;1;017.840.0028.02341;90X90(N);CATLOGO PAMESA;;;60;60;9;3600;60x60;DUPLOSTONE;MARENGO;https://www.pamesa.com/ERP/4.0/empresas/151/045/imagenes/t00010602/0178400282341.jpg
17;785;33;2341;0177850332341;SI;REC.GLASS;60x60N(20mm) DUPLOSTONE MARFIL;A;SI;SI;0.0000;2CM01;PAMESA;PAMESA;F/30/02;8429991954215;;8429991773199;M2;2;0.72;30;21.60;28.50;875.00;120.00;80.00;73.50;;20.00;26/07/2024;PAMESA;PAMESA;GRES PORCELNICO;0177850332341;;SOLID;DUPLOSTONE;PIEDRA;;PAVIMENTO;BASE;BASE;MATE RECTIFICADO;VARIACION MODERADA;;NO;NO;;;CLASE 3;R11;C;GRUPO BIa;GL Esmaltado;65 Low;36 Low;NO;0.42;>8000 N - 35-45 N/mm2;1;017.785.0033.02341;30x60 (C);CATLOGO PAMESA;;;60;60;20;3600;60x60;DUPLOSTONE;MARFIL;https://www.pamesa.com/ERP/4.0/empresas/151/045/imagenes/t00010602/0177850332341.jpg
17;840;33;2341;0178400332341;SI;REC.GLASS;60x60 DUPLOSTONE MARFIL;A;SI;SI;20.2500;SOL12;PAMESA;PAMESA;F/30/04 9MM;8429991509408;;8429991773199;M2;4;1.44;30;43.20;29.75;912.50;120.00;80.00;73.50;;9.00;26/02/2020;PAMESA;SERIE DUPLO;GRES PORCELNICO;0178400332341;;SOLID;DUPLOSTONE;PIEDRA;;POLIVALENTE;BASE;BASE;MATE RECTIFICADO;VARIACION MODERADA;;SI;;;;CLASE 3;R10;C;GRUPO BIa;GL Esmaltado;65 Low;36 Low;NO;0.79;1600-2400 N - 35-45 N/mm2;1;017.840.0033.02341;60X120(n);CATLOGO PAMESA;;;60;60;9;3600;60x60;DUPLOSTONE;MARFIL;https://www.pamesa.com/ERP/4.0/empresas/151/045/imagenes/t00010602/0178400332341.jpg
17;785;37;2341;0177850372341;SI;REC.GLASS;60x60N(20mm) DUPLOSTONE PERLA;A;SI;SI;0.0000;2CM01;PAMESA;PAMESA;F/30/02;8429991954222;;8429991773199;M2;2;0.72;30;21.60;28.50;875.00;120.00;80.00;73.50;;20.00;26/07/2024;PAMESA;PAMESA;GRES PORCELNICO;0177850372341;;SOLID;DUPLOSTONE;PIEDRA;;PAVIMENTO;BASE;BASE;MATE RECTIFICADO;VARIACION MODERADA;;NO;NO;;;CLASE 3;R11;C;GRUPO BIa;GL Esmaltado;65 Low;36 Low;NO;0.42;>8000 N - 35-45 N/mm2;1;017.785.0037.02341;30x30(7)Malla;CATLOGO PAMESA;;;60;60;20;3600;60x60;DUPLOSTONE;PERLA;https://www.pamesa.com/ERP/4.0/empresas/151/045/imagenes/t00010602/0177850372341.jpg
17;840;37;2341;0178400372341;SI;REC.GLASS;60x60 DUPLOSTONE PERLA;A;SI;SI;20.2500;SOL12;PAMESA;PAMESA;F/30/04 9MM;8429991509415;;8429991773199;M2;4;1.44;30;43.20;29.75;912.50;120.00;80.00;73.50;;9.00;26/02/2020;PAMESA;SERIE DUPLO;GRES PORCELNICO;0178400372341;;SOLID;DUPLOSTONE;PIEDRA;;POLIVALENTE;BASE;BASE;MATE RECTIFICADO;VARIACION MODERADA;;SI;;;;CLASE 3;R10;C;GRUPO BIa;GL Esmaltado;65 Low;36 Low;NO;0.79;1600-2400 N - 35-45 N/mm2;1;017.840.0037.02341;30x30(7)Malla;CATLOGO PAMESA;;;60;60;9;3600;60x60;DUPLOSTONE;PERLA;https://www.pamesa.com/ERP/4.0/empresas/151/045/imagenes/t00010602/0178400372341.jpg
15;722;2;15034;0157220024968;SI;COM.GL;30,3x61,3 EXT.DUPLOSTONE GRIS;A;SI;SI;0.0000;SOL05;PAM-ADZ.PAMESA;PAMESA;F/40/07;8429991990626;;8429991773182;M2;7;1.30;40;52.00;25.00;1,020.00;120.00;80.00;74.50;5;9.00;16/01/2025;PAMESA;PAMESA;GRES PORCELNICO;0157220024968;;SOLID;DUPLOSTONE;PIEDRA;;ANTIDESLIZANTE;;BASE;MATE;;NO;SI;;;;CLASE 3;R11;C;GRUPO BIa;GL Esmaltado;;36 Low;NO;0.42;>10000 N - 35-45 N/mm2;1;015.722.0002.15034;60x60;CATLOGO PAMESA;;;30,3;61,3;9;1857,39;30,3x61,3;EXT.DUPLOSTONE;GRIS;https://www.pamesa.com/ERP/4.0/empresas/151/045/imagenes/t00010602/0157220024968.jpg
15;722;33;15034;0157220024966;SI;COM.GL;30,3x61,3 EXT.DUPLOSTONE MARFIL;A;SI;SI;0.0000;SOL05;PAM-ADZ.PAMESA;PAMESA;F/40/07;8429991990602;;8429991773182;M2;7;1.30;40;52.00;25.00;1,020.00;120.00;80.00;74.50;5;9.00;16/01/2025;PAMESA;PAMESA;GRES PORCELNICO;0157220024966;;SOLID;DUPLOSTONE;PIEDRA;;ANTIDESLIZANTE;;BASE;MATE;;NO;SI;;;;CLASE 3;R11;C;GRUPO BIa;GL Esmaltado;;36 Low;NO;0.42;>10000 N - 35-45 N/mm2;1;015.722.0033.15034;100X100;CATLOGO PAMESA;;;30,3;61,3;9;1857,39;30,3x61,3;EXT.DUPLOSTONE;MARFIL;https://www.pamesa.com/ERP/4.0/empresas/151/045/imagenes/t00010602/0157220024966.jpg
15;722;37;15034;0157220024967;SI;COM.GL;30,3x61,3 EXT.DUPLOSTONE PERLA;A;SI;SI;0.0000;SOL05;PAM-ADZ.PAMESA;PAMESA;F/40/07;8429991990619;;8429991773182;M2;7;1.30;40;52.00;25.00;1,020.00;120.00;80.00;74.50;5;9.00;16/01/2025;PAMESA;PAMESA;GRES PORCELNICO;0157220024967;;SOLID;DUPLOSTONE;PIEDRA;;ANTIDESLIZANTE;;BASE;MATE;;NO;SI;;;;CLASE 3;R11;C;GRUPO BIa;GL Esmaltado;;36 Low;NO;0.42;>10000 N - 35-45 N/mm2;1;015.722.0037.15034;60X120(n);CATLOGO PAMESA;;;30,3;61,3;9;1857,39;30,3x61,3;EXT.DUPLOSTONE;PERLA;https://www.pamesa.com/ERP/4.0/empresas/151/045/imagenes/t00010602/0157220024967.jpg
25;590;2;2341;0255900022341;SI;PZ.ESP COM-GLAS;30x30(7)Malla DUPLOSTONE GRIS;A;SI;SI;57.7500;MOS7;PAMESA;PAMESA;E/42/11;8429991588366;;;M2;11;1.00;42;42.00;23.10;990.20;120.00;80.00;;;;23/10/2020;PAMESA;SERIE DUPLO;GRES PORCELNICO;0255900022341;;SOLID;DUPLOSTONE;PIEDRA;;POLIVALENTE;MALLA;;MATE RECTIFICADO;VARIACION MODERADA;;SI;;;;CLASE 3;R10;C;GRUPO BIa;GL Esmaltado;65 Low;36 Low;NO;0.79;;1;025.590.0002.02341;30x30 (5)Malla;CATLOGO PAMESA;;;30;30;0;900;30x30;DUPLOSTONE;GRIS;https://www.pamesa.com/ERP/4.0/empresas/151/045/imagenes/t00010602/0255900022341.jpg
25;590;28;2341;0255900282341;SI;PZ.ESP COM-GLAS;30x30(7)Malla DUPLOSTONE MARENGO;A;SI;SI;57.7500;MOS7;PAMESA;PAMESA;E/42/11;8429991588397;;;M2;11;1.00;42;42.00;23.10;990.20;120.00;80.00;;;;23/10/2020;PAMESA;SERIE DUPLO;GRES PORCELNICO;0255900282341;;SOLID;DUPLOSTONE;PIEDRA;;POLIVALENTE;MALLA;;MATE RECTIFICADO;VARIACION MODERADA;;SI;;;;CLASE 3;R10;C;GRUPO BIa;GL Esmaltado;65 Low;36 Low;NO;0.79;;1;025.590.0028.02341;90X90(N);CATLOGO PAMESA;;;30;30;0;900;30x30;DUPLOSTONE;MARENGO;https://www.pamesa.com/ERP/4.0/empresas/151/045/imagenes/t00010602/0255900282341.jpg
25;590;33;2341;0255900332341;SI;PZ.ESP COM-GLAS;30x30(7)Malla DUPLOSTONE MARFIL;A;SI;SI;57.7500;MOS7;PAMESA;PAMESA;E/42/11;8429991588373;;;M2;11;1.00;42;42.00;23.10;990.20;120.00;80.00;;;;23/10/2020;PAMESA;SERIE DUPLO;GRES PORCELNICO;0255900332341;;SOLID;DUPLOSTONE;PIEDRA;;POLIVALENTE;MALLA;;MATE RECTIFICADO;VARIACION MODERADA;;SI;;;;CLASE 3;R10;C;GRUPO BIa;GL Esmaltado;65 Low;36 Low;NO;0.79;;1;025.590.0033.02341;60X120(n);CATLOGO PAMESA;;;30;30;0;900;30x30;DUPLOSTONE;MARFIL;https://www.pamesa.com/ERP/4.0/empresas/151/045/imagenes/t00010602/0255900332341.jpg
25;590;37;2341;0255900372341;SI;PZ.ESP COM-GLAS;30x30(7)Malla DUPLOSTONE PERLA;A;SI;SI;57.7500;MOS7;PAMESA;PAMESA;E/42/11;8429991588380;;;M2;11;1.00;42;42.00;23.10;990.20;120.00;80.00;;;;23/10/2020;PAMESA;SERIE DUPLO;GRES PORCELNICO;0255900372341;;SOLID;DUPLOSTONE;PIEDRA;;POLIVALENTE;MALLA;;MATE RECTIFICADO;VARIACION MODERADA;;SI;;;;CLASE 3;R10;C;GRUPO BIa;GL Esmaltado;65 Low;36 Low;NO;0.79;;1;025.590.0037.02341;60x60;CATLOGO PAMESA;;;30;30;0;900;30x30;DUPLOSTONE;PERLA;https://www.pamesa.com/ERP/4.0/empresas/151/045/imagenes/t00010602/0255900372341.jpg
52;961;7;11183;0529610013365;SI;SLIM MATE RECTIF.;120x280(6mm) ELEGANZA BEIGE;A;SI;SI;62.5000;XXL04;PAMESA;PAMESA;05/20/01;8429991797522;;8429991773199;M2;1;3.36;20;67.20;52.00;1,140.00;290.00;140.00;36.00;;;24/01/2023;PAMESA;XXL;GRES PORCELNICO;0529610013365;;SOLID;ELEGANZA;CEMENTO;;POLIVALENTE;;BASE;MATE;;;NO;;;;;R10;B;GRUPO BIa;GL Esmaltado;;36 Low;NO;;>700 N - 35-45 N/mm2;1;052.961.0007.11183;25X150;CATLOGO PAMESA;;;120;280;6;33600;120x280;ELEGANZA;BEIGE;https://www.pamesa.com/ERP/4.0/empresas/151/045/imagenes/t00010602/0529610013365.jpg
52;961;158;11183;0529610013361;SI;SLIM MATE RECTIF.;120x280(6mm) ELEGANZA BLU;A;SI;SI;62.5000;XXL04;PAMESA;PAMESA;05/20/01;8429991817442;;8429991773199;M2;1;3.36;20;67.20;52.00;1,140.00;290.00;140.00;36.00;;;12/04/2023;PAMESA;XXL;GRES PORCELNICO;0529610013361;;SOLID;ELEGANZA;CEMENTO;;POLIVALENTE;BASE;BASE;MATE RECTIFICADO;VARIACION LEVE;;NO;NO;;;;R10;B;GRUPO BIa;GL Esmaltado;;36 Low;NO;;>700 N - 35-45 N/mm2;1;052.961.0158.11183;45X45;CATLOGO PAMESA;;;120;280;6;33600;120x280;ELEGANZA;BLU;https://www.pamesa.com/ERP/4.0/empresas/151/045/imagenes/t00010602/0529610013361.jpg
52;961;213;11183;0529610013366;SI;SLIM MATE RECTIF.;120x280(6mm) ELEGANZA GRIGIO;A;SI;SI;62.5000;XXL04;PAMESA;PAMESA;05/20/01;8429991797546;;8429991773199;M2;1;3.36;20;67.20;52.00;1,140.00;290.00;140.00;36.00;;;24/01/2023;PAMESA;XXL;GRES PORCELNICO;0529610013366;;SOLID;ELEGANZA;CEMENTO;;POLIVALENTE;BASE;BASE;MATE RECTIFICADO;VARIACION LEVE;;NO;NO;;;;R10;B;GRUPO BIa;GL Esmaltado;;36 Low;NO;;>700 N - 35-45 N/mm2;1;052.961.0213.11183;20x120 (n);CATLOGO PAMESA;;;120;280;6;33600;120x280;ELEGANZA;GRIGIO;https://www.pamesa.com/ERP/4.0/empresas/151/045/imagenes/t00010602/0529610013366.jpg
52;961;37;11183;0529610013364;SI;SLIM MATE RECTIF.;120x280(6mm) ELEGANZA PERLA;A;SI;SI;62.5000;XXL04;PAMESA;PAMESA;05/20/01;8429991797539;;8429991773199;M2;1;3.36;20;67.20;52.00;1,140.00;290.00;140.00;36.00;;;24/01/2023;PAMESA;XXL;GRES PORCELNICO;0529610013364;;SOLID;ELEGANZA;CEMENTO;;POLIVALENTE;;BASE;MATE;;;NO;;;;;R10;B;GRUPO BIa;GL Esmaltado;;36 Low;NO;;>700 N - 35-45 N/mm2;1;052.961.0037.11183;20x120 (n);CATLOGO PAMESA;;;120;280;6;33600;120x280;ELEGANZA;PERLA;https://www.pamesa.com/ERP/4.0/empresas/151/045/imagenes/t00010602/0529610013364.jpg
52;961;942;11183;0529610013358;SI;SLIM MATE RECTIF.;120x280(6mm) ELEGANZA SAGGIO;A;SI;SI;62.5000;XXL04;PAMESA;PAMESA;05/20/01;8429991817459;;8429991773199;M2;1;3.36;20;67.20;52.00;1,140.00;290.00;140.00;36.00;;;12/04/2023;PAMESA;XXL;GRES PORCELNICO;0529610013358;;SOLID;ELEGANZA;CEMENTO;;POLIVALENTE;BASE;BASE;MATE RECTIFICADO;VARIACION LEVE;;NO;NO;;;;R10;B;GRUPO BIa;GL Esmaltado;;36 Low;NO;;>700 N - 35-45 N/mm2;1;052.961.0942.11183;90X90(N);CATLOGO PAMESA;;;120;280;6;33600;120x280;ELEGANZA;SAGGIO;https://www.pamesa.com/ERP/4.0/empresas/151/045/imagenes/t00010602/0529610013358.jpg
52;961;53;11183;0529610013363;SI;SLIM MATE RECTIF.;120x280(6mm) ELEGANZA SIENA;A;SI;SI;62.5000;XXL04;PAMESA;PAMESA;05/20/01;8429991817428;;8429991773199;M2;1;3.36;20;67.20;52.00;1,140.00;290.00;140.00;36.00;;;12/04/2023;PAMESA;XXL;GRES PORCELNICO;0529610013363;;SOLID;ELEGANZA;CEMENTO;;POLIVALENTE;BASE;BASE;MATE RECTIFICADO;VARIACION LEVE;;NO;NO;;;;R10;B;GRUPO BIa;GL Esmaltado;;36 Low;NO;;>700 N - 35-45 N/mm2;1;052.961.0053.11183;20x120 (n);CATLOGO PAMESA;;;120;280;6;33600;120x280;ELEGANZA;SIENA;https://www.pamesa.com/ERP/4.0/empresas/151/045/imagenes/t00010602/0529610013363.jpg
52;961;56;11183;0529610013362;SI;SLIM MATE RECTIF.;120x280(6mm) ELEGANZA TERRA;A;SI;SI;62.5000;XXL04;PAMESA;PAMESA;05/20/01;8429991817435;;8429991773199;M2;1;3.36;20;67.20;52.00;1,140.00;290.00;140.00;36.00;;;12/04/2023;PAMESA;XXL;GRES PORCELNICO;0529610013362;;SOLID;ELEGANZA;CEMENTO;;POLIVALENTE;BASE;BASE;MATE RECTIFICADO;VARIACION LEVE;;NO;NO;;;;R10;B;GRUPO BIa;GL Esmaltado;;36 Low;NO;;>700 N - 35-45 N/mm2;1;052.961.0056.11183;20x120 (n);CATLOGO PAMESA;;;120;280;6;33600;120x280;ELEGANZA;TERRA;https://www.pamesa.com/ERP/4.0/empresas/151/045/imagenes/t00010602/0529610013362.jpg
52;154;37;11183;0521540013364;SI;SLIM MATE RECTIF.;160X160(8MM) ELEGANZA PERLA;A;SI;SI;47.5000;XXL03;PAMESA;PAMESA;O/20/01;8429991877132;;8429991773199;M2;1;2.56;20;51.20;48.62;1,062.40;176.00;176.00;34.00;;7.80;16/01/2024;PAMESA;PAMESA;GRES PORCELNICO;0521540013364;;SOLID;ELEGANZA;CEMENTO;;POLIVALENTE;BASE;BASE;MATE RECTIFICADO;VARIACION LEVE;;SIN INFORMAR;;;;;R10;B;GRUPO BIa;GL Esmaltado;;36 Low;NO;;1600-2400 N - 35-45 N/mm2;1;052.154.0037.11183;20x120 (n);CATLOGO PAMESA;;;160;160;8;25600;160x160;ELEGANZA;PERLA;https://www.pamesa.com/ERP/4.0/empresas/151/045/imagenes/t00010602/0521540013364.jpg
17;250;7;11183;0172500029624;SI;REC.GLASS;60x120(n) ELEGANZA BEIGE;A;SI;SI;0.0000;SOL25;PAMESA;PAMESA;L/36/02 RF;8429991143275;;8429991773199;M2;2;1.44;36;51.84;28.62;1,055.32;122.00;84.00;73.50;;;15/05/2025;PAMESA;PAMESA;GRES PORCELNICO;0172500029624;;SOLID;ELEGANZA;CEMENTO;;POLIVALENTE;BASE;BASE;MATE RECTIFICADO;VARIACION LEVE;;NO;;;;CLASE 3;R10;B;GRUPO BIa;GL Esmaltado;;36 Low;NO;0.42;1600-2400 N - 35-45 N/mm2;1;017.250.0007.11183;90X90(N);CATLOGO PAMESA;;;60;120;9;7200;60x120;ELEGANZA;BEIGE;https://www.pamesa.com/ERP/4.0/empresas/151/045/imagenes/t00010602/0172500029624.jpg
17;250;158;11183;0172500029631;SI;REC.GLASS;60x120(n) ELEGANZA BLU;A;SI;SI;0.0000;SOL25;PAMESA;PAMESA;L/36/02 RF;8429991143312;;8429991773199;M2;2;1.44;36;51.84;28.62;1,055.32;122.00;84.00;73.50;;;15/05/2025;PAMESA;PAMESA;GRES PORCELNICO;0172500029631;;SOLID;ELEGANZA;CEMENTO;;POLIVALENTE;;BASE;;;;NO;;;;CLASE 3;R10;B;GRUPO BIa;GL Esmaltado;;36 Low;NO;0.42;1600-2400 N - 35-45 N/mm2;1;017.250.0158.11183;60X120(n);CATLOGO PAMESA;;;60;120;9;7200;60x120;ELEGANZA;BLU;https://www.pamesa.com/ERP/4.0/empresas/151/045/imagenes/t00010602/0172500029631.jpg
17;250;213;11183;0172500029632;SI;REC.GLASS;60x120(n) ELEGANZA GRIGIO;A;SI;SI;0.0000;SOL25;PAMESA;PAMESA;L/36/02 RF;8429991143329;;8429991773199;M2;2;1.44;36;51.84;28.62;1,055.32;122.00;84.00;73.50;;;15/05/2025;PAMESA;PAMESA;GRES PORCELNICO;0172500029632;;SOLID;ELEGANZA;CEMENTO;;POLIVALENTE;BASE;BASE;MATE RECTIFICADO;VARIACION LEVE;;NO;;;;CLASE 3;R10;B;GRUPO BIa;GL Esmaltado;;36 Low;NO;0.42;1600-2400 N - 35-45 N/mm2;1;017.250.0213.11183;60X120 RF;CATLOGO PAMESA;;;60;120;9;7200;60x120;ELEGANZA;GRIGIO;https://www.pamesa.com/ERP/4.0/empresas/151/045/imagenes/t00010602/0172500029632.jpg
17;250;37;11183;0172500029625;SI;REC.GLASS;60x120(n) ELEGANZA PERLA;A;SI;SI;0.0000;SOL25;PAMESA;PAMESA;L/36/02 RF;8429991143282;;8429991773199;M2;2;1.44;36;51.84;28.62;1,055.32;122.00;84.00;73.50;;;15/05/2025;PAMESA;PAMESA;GRES PORCELNICO;0172500029625;;SOLID;ELEGANZA;CEMENTO;;POLIVALENTE;BASE;BASE;MATE RECTIFICADO;VARIACION LEVE;;NO;;;;CLASE 3;R10;B;GRUPO BIa;GL Esmaltado;;36 Low;NO;0.42;1600-2400 N - 35-45 N/mm2;1;017.250.0037.11183;30x60 (C);CATLOGO PAMESA;;;60;120;9;7200;60x120;ELEGANZA;PERLA;https://www.pamesa.com/ERP/4.0/empresas/151/045/imagenes/t00010602/0172500029625.jpg
17;250;942;11183;0172500029633;SI;REC.GLASS;60x120(n) ELEGANZA SAGGIO;A;SI;SI;0.0000;SOL25;PAMESA;PAMESA;L/36/02 RF;8429991143336;;8429991773199;M2;2;1.44;36;51.84;28.62;1,055.32;122.00;84.00;73.50;;;15/05/2025;PAMESA;PAMESA;GRES PORCELNICO;0172500029633;;SOLID;ELEGANZA;CEMENTO;;POLIVALENTE;BASE;BASE;MATE RECTIFICADO;VARIACION LEVE;;NO;;;;CLASE 3;R10;B;GRUPO BIa;GL Esmaltado;;36 Low;NO;0.42;1600-2400 N - 35-45 N/mm2;1;017.250.0942.11183;60x60;CATLOGO PAMESA;;;60;120;9;7200;60x120;ELEGANZA;SAGGIO;https://www.pamesa.com/ERP/4.0/empresas/151/045/imagenes/t00010602/0172500029633.jpg
17;250;53;11183;0172500029628;SI;REC.GLASS;60x120(n) ELEGANZA SIENA;A;SI;SI;0.0000;SOL25;PAMESA;PAMESA;L/36/02 RF;8429991143299;;8429991773199;M2;2;1.44;36;51.84;28.62;1,055.32;122.00;84.00;73.50;;;15/05/2025;PAMESA;PAMESA;GRES PORCELNICO;0172500029628;;SOLID;ELEGANZA;CEMENTO;;POLIVALENTE;BASE;BASE;MATE RECTIFICADO;VARIACION LEVE;;NO;;;;CLASE 3;R10;B;GRUPO BIa;GL Esmaltado;;36 Low;NO;0.42;1600-2400 N - 35-45 N/mm2;1;017.250.0053.11183;60X120(n);CATLOGO PAMESA;;;60;120;9;7200;60x120;ELEGANZA;SIENA;https://www.pamesa.com/ERP/4.0/empresas/151/045/imagenes/t00010602/0172500029628.jpg
17;250;56;11183;0172500029630;SI;REC.GLASS;60x120(n) ELEGANZA TERRA;A;SI;SI;0.0000;SOL25;PAMESA;PAMESA;L/36/02 RF;8429991143305;;8429991773199;M2;2;1.44;36;51.84;28.62;1,055.32;122.00;84.00;73.50;;;15/05/2025;PAMESA;PAMESA;GRES PORCELNICO;0172500029630;;SOLID;ELEGANZA;CEMENTO;;POLIVALENTE;BASE;BASE;MATE RECTIFICADO;VARIACION LEVE;;NO;;;;CLASE 3;R10;B;GRUPO BIa;GL Esmaltado;;36 Low;NO;0.42;1600-2400 N - 35-45 N/mm2;1;017.250.0056.11183;60x120(N)20MM;CATLOGO PAMESA;;;60;120;9;7200;60x120;ELEGANZA;TERRA;https://www.pamesa.com/ERP/4.0/empresas/151/045/imagenes/t00010602/0172500029630.jpg
17;840;7;11183;0178400013365;SI;REC.GLASS;60x60 ELEGANZA BEIGE;A;SI;SI;21.7500;SOL12;PAMESA;PAMESA;F/30/04 9MM;8429991726898;;8429991773199;M2;4;1.44;30;43.20;29.75;912.50;120.00;80.00;73.50;;9.00;29/04/2022;PAMESA;PAMESA;GRES PORCELNICO;0178400013365;;SOLID;ELEGANZA;CEMENTO;;POLIVALENTE;BASE;BASE;MATE RECTIFICADO;VARIACION LEVE;;NO;;;;CLASE 3;R10;B;GRUPO BIa;GL Esmaltado;36 Low;36 Low;NO;0.42;1600-2400 N - 35-45 N/mm2;1;017.840.0007.11183;30X30 (5)MALLA;CATLOGO PAMESA;;;60;60;9;3600;60x60;ELEGANZA;BEIGE;https://www.pamesa.com/ERP/4.0/empresas/151/045/imagenes/t00010602/0178400013365.jpg
17;840;158;11183;0178400013361;SI;REC.GLASS;60x60 ELEGANZA BLU;A;SI;SI;21.7500;SOL12;PAMESA;PAMESA;F/30/04 9MM;8429991726935;;8429991773199;M2;4;1.44;30;43.20;29.75;912.50;120.00;80.00;73.50;;9.00;29/04/2022;PAMESA;PAMESA;GRES PORCELNICO;0178400013361;;SOLID;ELEGANZA;CEMENTO;;POLIVALENTE;BASE;BASE;MATE RECTIFICADO;VARIACION LEVE;;NO;;;;CLASE 3;R10;B;GRUPO BIa;GL Esmaltado;36 Low;36 Low;NO;0.42;1600-2400 N - 35-45 N/mm2;1;017.840.0158.11183;30x30(7)Malla;CATLOGO PAMESA;;;60;60;9;3600;60x60;ELEGANZA;BLU;https://www.pamesa.com/ERP/4.0/empresas/151/045/imagenes/t00010602/0178400013361.jpg
17;840;213;11183;0178400013366;SI;REC.GLASS;60x60 ELEGANZA GRIGIO;A;SI;SI;21.7500;SOL12;PAMESA;PAMESA;F/30/04 9MM;8429991726942;;8429991773199;M2;4;1.44;30;43.20;29.75;912.50;120.00;80.00;73.50;;9.00;29/04/2022;PAMESA;PAMESA;GRES PORCELNICO;0178400013366;;SOLID;ELEGANZA;CEMENTO;;POLIVALENTE;BASE;BASE;MATE RECTIFICADO;VARIACION LEVE;;NO;;;;CLASE 3;R10;B;GRUPO BIa;GL Esmaltado;36 Low;36 Low;NO;0.42;1600-2400 N - 35-45 N/mm2;1;017.840.0213.11183;60X120(n);CATLOGO PAMESA;;;60;60;9;3600;60x60;ELEGANZA;GRIGIO;https://www.pamesa.com/ERP/4.0/empresas/151/045/imagenes/t00010602/0178400013366.jpg
17;840;37;11183;0178400013364;SI;REC.GLASS;60x60 ELEGANZA PERLA;A;SI;SI;21.7500;SOL12;PAMESA;PAMESA;F/30/04 9MM;8429991726904;;8429991773199;M2;4;1.44;30;43.20;29.75;912.50;120.00;80.00;73.50;;9.00;29/04/2022;PAMESA;PAMESA;GRES PORCELNICO;0178400013364;;SOLID;ELEGANZA;CEMENTO;;POLIVALENTE;BASE;BASE;MATE RECTIFICADO;VARIACION LEVE;;NO;;;;CLASE 3;R10;B;GRUPO BIa;GL Esmaltado;36 Low;36 Low;NO;0.42;1600-2400 N - 35-45 N/mm2;1;017.840.0037.11183;60X90(N)20MM;CATLOGO PAMESA;;;60;60;9;3600;60x60;ELEGANZA;PERLA;https://www.pamesa.com/ERP/4.0/empresas/151/045/imagenes/t00010602/0178400013364.jpg
17;840;942;11183;0178400013358;SI;REC.GLASS;60x60 ELEGANZA SAGGIO;A;SI;SI;21.7500;SOL12;PAMESA;PAMESA;F/30/04 9MM;8429991726959;;8429991773199;M2;4;1.44;30;43.20;29.75;912.50;120.00;80.00;73.50;;9.00;29/04/2022;PAMESA;PAMESA;GRES PORCELNICO;0178400013358;;SOLID;ELEGANZA;CEMENTO;;POLIVALENTE;BASE;BASE;MATE RECTIFICADO;VARIACION LEVE;;NO;;;;CLASE 3;R10;B;GRUPO BIa;GL Esmaltado;36 Low;36 Low;NO;0.42;1600-2400 N - 35-45 N/mm2;1;017.840.0942.11183;60X90(N)20MM;CATLOGO PAMESA;;;60;60;9;3600;60x60;ELEGANZA;SAGGIO;https://www.pamesa.com/ERP/4.0/empresas/151/045/imagenes/t00010602/0178400013358.jpg
17;840;53;11183;0178400013363;SI;REC.GLASS;60x60 ELEGANZA SIENA;A;SI;SI;21.7500;SOL12;PAMESA;PAMESA;F/30/04 9MM;8429991726911;;8429991773199;M2;4;1.44;30;43.20;29.75;912.50;120.00;80.00;73.50;;9.00;29/04/2022;PAMESA;PAMESA;GRES PORCELNICO;0178400013363;;SOLID;ELEGANZA;CEMENTO;;POLIVALENTE;BASE;BASE;MATE RECTIFICADO;VARIACION LEVE;;NO;;;;CLASE 3;R10;B;GRUPO BIa;GL Esmaltado;36 Low;36 Low;NO;0.42;1600-2400 N - 35-45 N/mm2;1;017.840.0053.11183;90X90(N);CATLOGO PAMESA;;;60;60;9;3600;60x60;ELEGANZA;SIENA;https://www.pamesa.com/ERP/4.0/empresas/151/045/imagenes/t00010602/0178400013363.jpg
17;840;56;11183;0178400013362;SI;REC.GLASS;60x60 ELEGANZA TERRA;A;SI;SI;21.7500;SOL12;PAMESA;PAMESA;F/30/04 9MM;8429991726928;;8429991773199;M2;4;1.44;30;43.20;29.75;912.50;120.00;80.00;73.50;;9.00;29/04/2022;PAMESA;PAMESA;GRES PORCELNICO;0178400013362;;SOLID;ELEGANZA;CEMENTO;;POLIVALENTE;BASE;BASE;MATE RECTIFICADO;VARIACION LEVE;;NO;;;;CLASE 3;R10;B;GRUPO BIa;GL Esmaltado;36 Low;36 Low;NO;0.42;1600-2400 N - 35-45 N/mm2;1;017.840.0056.11183;90X90(N);CATLOGO PAMESA;;;60;60;9;3600;60x60;ELEGANZA;TERRA;https://www.pamesa.com/ERP/4.0/empresas/151/045/imagenes/t00010602/0178400013362.jpg
17;450;7;11183;0174500013365;SI;REC.GLASS;30x60 (C) ELEGANZA BEIGE;A;SI;SI;21.7500;SOL06;PAMESA;PAMESA;F/48/06 9MM;8429991726966;;8429991773199;M2;6;1.08;48;51.84;22.63;1,106.24;120.00;80.00;74.00;;9.00;29/04/2022;PAMESA;PAMESA;GRES PORCELNICO;0174500013365;;SOLID;ELEGANZA;CEMENTO;;POLIVALENTE;BASE;BASE;MATE RECTIFICADO;VARIACION LEVE;;NO;;;;CLASE 3;R10;B;GRUPO BIa;GL Esmaltado;36 Low;36 Low;NO;0.42;1600-2400 N - 35-45 N/mm2;1;017.450.0007.11183;60X120 RF;CATLOGO PAMESA;;;30;60;9,5;1800;30x60;ELEGANZA;BEIGE;https://www.pamesa.com/ERP/4.0/empresas/151/045/imagenes/t00010602/0174500013365.jpg
17;450;158;11183;0174500013361;SI;REC.GLASS;30x60 (C) ELEGANZA BLU;A;SI;SI;21.7500;SOL06;PAMESA;PAMESA;F/48/06 9MM;8429991727000;;8429991773199;M2;6;1.08;48;51.84;22.63;1,106.24;120.00;80.00;74.00;;9.00;29/04/2022;PAMESA;PAMESA;GRES PORCELNICO;0174500013361;;SOLID;ELEGANZA;CEMENTO;;POLIVALENTE;BASE;BASE;MATE RECTIFICADO;VARIACION LEVE;;NO;;;;CLASE 3;R10;B;GRUPO BIa;GL Esmaltado;36 Low;36 Low;NO;0.42;1600-2400 N - 35-45 N/mm2;1;017.450.0158.11183;90X90(N);CATLOGO PAMESA;;;30;60;9,5;1800;30x60;ELEGANZA;BLU;https://www.pamesa.com/ERP/4.0/empresas/151/045/imagenes/t00010602/0174500013361.jpg
17;450;213;11183;0174500013366;SI;REC.GLASS;30x60 (C) ELEGANZA GRIGIO;A;SI;SI;21.7500;SOL06;PAMESA;PAMESA;F/48/06 9MM;8429991727017;;8429991773199;M2;6;1.08;48;51.84;22.63;1,106.24;120.00;80.00;74.00;;9.00;29/04/2022;PAMESA;PAMESA;GRES PORCELNICO;0174500013366;;SOLID;ELEGANZA;CEMENTO;;POLIVALENTE;BASE;BASE;MATE RECTIFICADO;VARIACION LEVE;;NO;;;;CLASE 3;R10;B;GRUPO BIa;GL Esmaltado;36 Low;36 Low;NO;0.42;1600-2400 N - 35-45 N/mm2;1;017.450.0213.11183;60X120 RF;CATLOGO PAMESA;;;30;60;9,5;1800;30x60;ELEGANZA;GRIGIO;https://www.pamesa.com/ERP/4.0/empresas/151/045/imagenes/t00010602/0174500013366.jpg
17;450;37;11183;0174500013364;SI;REC.GLASS;30x60 (C) ELEGANZA PERLA;A;SI;SI;21.7500;SOL06;PAMESA;PAMESA;F/48/06 9MM;8429991726973;;8429991773199;M2;6;1.08;48;51.84;22.63;1,106.24;120.00;80.00;74.00;;9.00;29/04/2022;PAMESA;PAMESA;GRES PORCELNICO;0174500013364;;SOLID;ELEGANZA;CEMENTO;;POLIVALENTE;BASE;BASE;MATE RECTIFICADO;VARIACION LEVE;;NO;;;;CLASE 3;R10;B;GRUPO BIa;GL Esmaltado;36 Low;36 Low;NO;0.42;1600-2400 N - 35-45 N/mm2;1;017.450.0037.11183;120X120;CATLOGO PAMESA;;;30;60;9,5;1800;30x60;ELEGANZA;PERLA;https://www.pamesa.com/ERP/4.0/empresas/151/045/imagenes/t00010602/0174500013364.jpg
17;450;942;11183;0174500013358;SI;REC.GLASS;30x60 (C) ELEGANZA SAGGIO;A;SI;SI;21.7500;SOL06;PAMESA;PAMESA;F/48/06 9MM;8429991727024;;8429991773199;M2;6;1.08;48;51.84;22.63;1,106.24;120.00;80.00;74.00;;9.00;29/04/2022;PAMESA;PAMESA;GRES PORCELNICO;0174500013358;;SOLID;ELEGANZA;CEMENTO;;POLIVALENTE;BASE;BASE;MATE RECTIFICADO;VARIACION LEVE;;NO;;;;CLASE 3;R10;B;GRUPO BIa;GL Esmaltado;36 Low;36 Low;NO;0.42;1600-2400 N - 35-45 N/mm2;1;017.450.0942.11183;60x60;CATLOGO PAMESA;;;30;60;9,5;1800;30x60;ELEGANZA;SAGGIO;https://www.pamesa.com/ERP/4.0/empresas/151/045/imagenes/t00010602/0174500013358.jpg
17;450;53;11183;0174500013363;SI;REC.GLASS;30x60 (C) ELEGANZA SIENA;A;SI;SI;21.7500;SOL06;PAMESA;PAMESA;F/48/06 9MM;8429991726980;;8429991773199;M2;6;1.08;48;51.84;22.63;1,106.24;120.00;80.00;74.00;;9.00;29/04/2022;PAMESA;PAMESA;GRES PORCELNICO;0174500013363;;SOLID;ELEGANZA;CEMENTO;;POLIVALENTE;BASE;BASE;MATE RECTIFICADO;VARIACION LEVE;;NO;;;;CLASE 3;R10;B;GRUPO BIa;GL Esmaltado;36 Low;36 Low;NO;0.42;1600-2400 N - 35-45 N/mm2;1;017.450.0053.11183;120X120;CATLOGO PAMESA;;;30;60;9,5;1800;30x60;ELEGANZA;SIENA;https://www.pamesa.com/ERP/4.0/empresas/151/045/imagenes/t00010602/0174500013363.jpg
17;450;56;11183;0174500013362;SI;REC.GLASS;30x60 (C) ELEGANZA TERRA;A;SI;SI;21.7500;SOL06;PAMESA;PAMESA;F/48/06 9MM;8429991726997;;8429991773199;M2;6;1.08;48;51.84;22.63;1,106.24;120.00;80.00;74.00;;9.00;29/04/2022;PAMESA;PAMESA;GRES PORCELNICO;0174500013362;;SOLID;ELEGANZA;CEMENTO;;POLIVALENTE;BASE;BASE;MATE RECTIFICADO;VARIACION LEVE;;NO;;;;CLASE 3;R10;B;GRUPO BIa;GL Esmaltado;36 Low;36 Low;NO;0.42;1600-2400 N - 35-45 N/mm2;1;017.450.0056.11183;120X120;CATLOGO PAMESA;;;30;60;9,5;1800;30x60;ELEGANZA;TERRA;https://www.pamesa.com/ERP/4.0/empresas/151/045/imagenes/t00010602/0174500013362.jpg
41;623;7;11183;0416230013365;SI;PZ.E.CGLASS REC;9x60(m2) ELEGANZA BEIGE;A;SI;SI;33.0000;SOL01;PAMESA;PAMESA;9X60(M2);8429991727055;;;M2;18;0.97;56;54.32;22.40;1,274.40;120.00;80.00;;;;29/04/2022;PAMESA;PAMESA;GRES PORCELNICO;0416230013365;;SOLID;ELEGANZA;CEMENTO;;POLIVALENTE;;;MATE RECTIFICADO;VARIACION LEVE;;NO;;;;CLASE 3;;;GRUPO BIa;GL Esmaltado;36 Low;;NO;0.42;1600-2400 N - 35-45 N/mm2;1;041.623.0007.11183;40X120;CATLOGO PAMESA;;;9;60;0;540;9x60;ELEGANZA;BEIGE;https://www.pamesa.com/ERP/4.0/empresas/151/045/imagenes/t00010602/0416230013365.jpg
41;623;158;11183;0416230013361;SI;PZ.E.CGLASS REC;9x60(m2) ELEGANZA BLU;A;SI;SI;33.0000;SOL01;PAMESA;PAMESA;9X60(M2);8429991727093;;;M2;18;0.97;56;54.32;22.40;1,274.40;120.00;80.00;;;;29/04/2022;PAMESA;PAMESA;GRES PORCELNICO;0416230013361;;SOLID;ELEGANZA;CEMENTO;;POLIVALENTE;;;MATE RECTIFICADO;VARIACION LEVE;;NO;;;;CLASE 3;;;GRUPO BIa;GL Esmaltado;36 Low;;NO;0.42;1600-2400 N - 35-45 N/mm2;1;041.623.0158.11183;30X90PBCA;CATLOGO PAMESA;;;9;60;0;540;9x60;ELEGANZA;BLU;https://www.pamesa.com/ERP/4.0/empresas/151/045/imagenes/t00010602/0416230013361.jpg
41;623;213;11183;0416230013366;SI;PZ.E.CGLASS REC;9x60(m2) ELEGANZA GRIGIO;A;SI;SI;33.0000;SOL01;PAMESA;PAMESA;9X60(M2);8429991727116;;;M2;18;0.97;56;54.32;22.40;1,274.40;120.00;80.00;;;;29/04/2022;PAMESA;PAMESA;GRES PORCELNICO;0416230013366;;SOLID;ELEGANZA;CEMENTO;;POLIVALENTE;;;MATE RECTIFICADO;VARIACION LEVE;;NO;;;;CLASE 3;;;GRUPO BIa;GL Esmaltado;36 Low;;NO;0.42;1600-2400 N - 35-45 N/mm2;1;041.623.0213.11183;30X90PBCA;CATLOGO PAMESA;;;9;60;0;540;9x60;ELEGANZA;GRIGIO;https://www.pamesa.com/ERP/4.0/empresas/151/045/imagenes/t00010602/0416230013366.jpg
41;623;37;11183;0416230013364;SI;PZ.E.CGLASS REC;9x60(m2) ELEGANZA PERLA;A;SI;SI;33.0000;SOL01;PAMESA;PAMESA;9X60(M2);8429991727062;;;M2;18;0.97;56;54.32;22.40;1,274.40;120.00;80.00;;;;29/04/2022;PAMESA;PAMESA;GRES PORCELNICO;0416230013364;;SOLID;ELEGANZA;CEMENTO;;POLIVALENTE;;;MATE RECTIFICADO;VARIACION LEVE;;NO;;;;CLASE 3;;;GRUPO BIa;GL Esmaltado;36 Low;;NO;0.42;1600-2400 N - 35-45 N/mm2;1;041.623.0037.11183;33,3x100;CATLOGO PAMESA;;;9;60;0;540;9x60;ELEGANZA;PERLA;https://www.pamesa.com/ERP/4.0/empresas/151/045/imagenes/t00010602/0416230013364.jpg
41;623;942;11183;0416230013358;SI;PZ.E.CGLASS REC;9x60(m2) ELEGANZA SAGGIO;A;SI;SI;33.0000;SOL01;PAMESA;PAMESA;9X60(M2);8429991727109;;;M2;18;0.97;56;54.32;22.40;1,274.40;120.00;80.00;;;;29/04/2022;PAMESA;PAMESA;GRES PORCELNICO;0416230013358;;SOLID;ELEGANZA;CEMENTO;;POLIVALENTE;;;MATE RECTIFICADO;VARIACION LEVE;;NO;;;;CLASE 3;;;GRUPO BIa;GL Esmaltado;36 Low;;NO;0.42;1600-2400 N - 35-45 N/mm2;1;041.623.0942.11183;30X90PBCA;CATLOGO PAMESA;;;9;60;0;540;9x60;ELEGANZA;SAGGIO;https://www.pamesa.com/ERP/4.0/empresas/151/045/imagenes/t00010602/0416230013358.jpg
41;623;53;11183;0416230013363;SI;PZ.E.CGLASS REC;9x60(m2) ELEGANZA SIENA;A;SI;SI;33.0000;SOL01;PAMESA;PAMESA;9X60(M2);8429991727079;;;M2;18;0.97;56;54.32;22.40;1,274.40;120.00;80.00;;;;29/04/2022;PAMESA;PAMESA;GRES PORCELNICO;0416230013363;;SOLID;ELEGANZA;CEMENTO;;POLIVALENTE;;;MATE RECTIFICADO;VARIACION LEVE;;NO;;;;CLASE 3;;;GRUPO BIa;GL Esmaltado;36 Low;;NO;0.42;1600-2400 N - 35-45 N/mm2;1;041.623.0053.11183;33,3x100;CATLOGO PAMESA;;;9;60;0;540;9x60;ELEGANZA;SIENA;https://www.pamesa.com/ERP/4.0/empresas/151/045/imagenes/t00010602/0416230013363.jpg
41;623;56;11183;0416230013362;SI;PZ.E.CGLASS REC;9x60(m2) ELEGANZA TERRA;A;SI;SI;33.0000;SOL01;PAMESA;PAMESA;9X60(M2);8429991727086;;;M2;18;0.97;56;54.32;22.40;1,274.40;120.00;80.00;;;;29/04/2022;PAMESA;PAMESA;GRES PORCELNICO;0416230013362;;SOLID;ELEGANZA;CEMENTO;;POLIVALENTE;;;MATE RECTIFICADO;VARIACION LEVE;;NO;;;;CLASE 3;;;GRUPO BIa;GL Esmaltado;36 Low;;NO;0.42;1600-2400 N - 35-45 N/mm2;1;041.623.0056.11183;33,3x100;CATLOGO PAMESA;;;9;60;0;540;9x60;ELEGANZA;TERRA;https://www.pamesa.com/ERP/4.0/empresas/151/045/imagenes/t00010602/0416230013362.jpg
17;120;344;714;0171203440714;SI;REC.GLASS;120x120 ES.ERDING ASH;A;SI;SI;42.2500;SOL35;PAMESA;PAMESA;23/36/01;8429991377236;;8429991773199;M2;1;1.44;36;51.84;34.36;1,276.96;126.00;126.00;71.00;;;31/05/2018;PAMESA;PAMESA;GRES PORCELNICO;0171203440714;;SOLID;ERDING;PIEDRA;;POLIVALENTE;BASE;BASE;MATE RECTIFICADO;VARIACION MODERADA;;SI;;;;CLASE 1;R9;;GRUPO BIa;GL Esmaltado;60 Low;;NO;0.42;1600-2400 N - 35-45 N/mm2;1;017.120.0344.00714;25x70;CATLOGO PAMESA;;;120;120;10,2;14400;120x120;ES.ERDING;ASH;https://www.pamesa.com/ERP/4.0/empresas/151/045/imagenes/t00010602/0171203440714.jpg
50;120;344;714;0501203440714;SI;LUXGLASS;120x120 ES.ERDING ASH;A;SI;SI;45.5000;SOL38;PAMESA;PAMESA;23/36/01;8429991377250;;8429991773199;M2;1;1.44;36;51.84;34.36;1,276.96;126.00;126.00;71.00;;;31/05/2018;PAMESA;PAMESA;GRES PORCELNICO;0501203440714;;SOLID;ERDING;PIEDRA;;POLIVALENTE;BASE;BASE;LAPATTO;VARIACION MODERADA;;SI;;;;CLASE 0;;;GRUPO BIa;GL Esmaltado;50 Low;25 Moderate;NO;;1600-2400 N - 35-45 N/mm2;1;050.120.0344.00714;23X120(N);CATLOGO PAMESA;;;120;120;10,2;14400;120x120;ES.ERDING;ASH;https://www.pamesa.com/ERP/4.0/empresas/151/045/imagenes/t00010602/0501203440714.jpg
17;120;161;714;0171201610714;SI;REC.GLASS;120x120 ES.ERDING GREY;A;SI;SI;42.2500;SOL35;PAMESA;PAMESA;23/36/01;8429991780326;;8429991773199;M2;1;1.44;36;51.84;34.36;1,276.96;126.00;126.00;71.00;;;04/11/2022;PAMESA;PAMESA;GRES PORCELNICO;0171201610714;;SOLID;ERDING;PIEDRA;;POLIVALENTE;BASE;BASE;MATE RECTIFICADO;VARIACION MODERADA;;SI;;;;CLASE 1;R9;;GRUPO BIa;GL Esmaltado;;;NO;0.42;1600-2400 N - 35-45 N/mm2;1;017.120.0161.00714;45X45;CATLOGO PAMESA;;;120;120;10,2;14400;120x120;ES.ERDING;GREY;https://www.pamesa.com/ERP/4.0/empresas/151/045/imagenes/t00010602/0171201610714.jpg
50;120;161;714;0501201610714;SI;LUXGLASS;120x120 ES.ERDING GREY;A;SI;SI;45.5000;SOL38;PAMESA;PAMESA;23/36/01;8429991780340;;8429991773199;M2;1;1.44;36;51.84;34.36;1,276.96;126.00;126.00;71.00;;;04/11/2022;PAMESA;PAMESA;GRES PORCELNICO;0501201610714;;SOLID;ERDING;PIEDRA;;POLIVALENTE;BASE;BASE;LAPATTO;VARIACION MODERADA;;SI;;;;CLASE 0;;;GRUPO BIa;GL Esmaltado;;;NO;;1600-2400 N - 35-45 N/mm2;1;050.120.0161.00714;23X120(N);CATLOGO PAMESA;;;120;120;10,2;14400;120x120;ES.ERDING;GREY;https://www.pamesa.com/ERP/4.0/empresas/151/045/imagenes/t00010602/0501201610714.jpg
17;120;169;714;0171201690714;SI;REC.GLASS;120x120 ES.ERDING PEARL;A;SI;SI;42.2500;SOL35;PAMESA;PAMESA;23/36/01;8429991377243;;8429991773199;M2;1;1.44;36;51.84;34.36;1,276.96;126.00;126.00;71.00;;;31/05/2018;PAMESA;PAMESA;GRES PORCELNICO;0171201690714;;SOLID;ERDING;PIEDRA;;POLIVALENTE;BASE;BASE;MATE RECTIFICADO;VARIACION MODERADA;;SI;;;;CLASE 1;R9;;GRUPO BIa;GL Esmaltado;60 Low;;NO;0.42;1600-2400 N - 35-45 N/mm2;1;017.120.0169.00714;45X45;CATLOGO PAMESA;;;120;120;10,2;14400;120x120;ES.ERDING;PEARL;https://www.pamesa.com/ERP/4.0/empresas/151/045/imagenes/t00010602/0171201690714.jpg
50;120;169;714;0501201690714;SI;LUXGLASS;120x120 ES.ERDING PEARL;A;SI;SI;45.5000;SOL38;PAMESA;PAMESA;23/36/01;8429991377267;;8429991773199;M2;1;1.44;36;51.84;34.36;1,276.96;126.00;126.00;71.00;;;31/05/2018;PAMESA;PAMESA;GRES PORCELNICO;0501201690714;;SOLID;ERDING;PIEDRA;;POLIVALENTE;BASE;BASE;LAPATTO;VARIACION MODERADA;;SI;;;;CLASE 0;;;GRUPO BIa;GL Esmaltado;50 Low;25 Moderate;NO;;1600-2400 N - 35-45 N/mm2;1;050.120.0169.00714;23X120;CATLOGO PAMESA;;;120;120;10,2;14400;120x120;ES.ERDING;PEARL;https://www.pamesa.com/ERP/4.0/empresas/151/045/imagenes/t00010602/0501201690714.jpg
17;120;183;714;0171201830714;SI;REC.GLASS;120x120 ES.ERDING SILVER;A;SI;SI;42.2500;SOL35;PAMESA;PAMESA;23/36/01;8429991780319;;8429991773199;M2;1;1.44;36;51.84;34.36;1,276.96;126.00;126.00;71.00;;;04/11/2022;PAMESA;PAMESA;GRES PORCELNICO;0171201830714;;SOLID;ERDING;PIEDRA;;POLIVALENTE;BASE;BASE;MATE RECTIFICADO;VARIACION MODERADA;;SI;;;;CLASE 1;R9;;GRUPO BIa;GL Esmaltado;;;NO;0.42;1600-2400 N - 35-45 N/mm2;1;017.120.0183.00714;33,3x55;CATLOGO PAMESA;;;120;120;10,2;14400;120x120;ES.ERDING;SILVER;https://www.pamesa.com/ERP/4.0/empresas/151/045/imagenes/t00010602/0171201830714.jpg
50;120;183;714;0501201830714;SI;LUXGLASS;120x120 ES.ERDING SILVER;A;SI;SI;45.5000;SOL38;PAMESA;PAMESA;23/36/01;8429991780333;;8429991773199;M2;1;1.44;36;51.84;34.36;1,276.96;126.00;126.00;71.00;;;04/11/2022;PAMESA;PAMESA;GRES PORCELNICO;0501201830714;;SOLID;ERDING;PIEDRA;;POLIVALENTE;BASE;BASE;LAPATTO;VARIACION MODERADA;;SI;;;;CLASE 0;;;GRUPO BIa;GL Esmaltado;;;NO;;1600-2400 N - 35-45 N/mm2;1;050.120.0183.00714;23X120(N);CATLOGO PAMESA;;;120;120;10,2;14400;120x120;ES.ERDING;SILVER;https://www.pamesa.com/ERP/4.0/empresas/151/045/imagenes/t00010602/0501201830714.jpg
17;90;344;714;0170903440714;SI;REC.GLASS;90x90(N) ES.ERDING ASH;A;SI;SI;30.2500;SOL29;PAMESA;PAMESA;19/32/02;8429991908034;;8429991773199;M2;2;1.62;32;51.84;33.00;1,081.00;97.00;97.00;86.00;;9.00;22/03/2024;PAMESA;PAMESA;GRES PORCELNICO;0170903440714;;SOLID;ERDING;PIEDRA;;POLIVALENTE;BASE;BASE;MATE RECTIFICADO;VARIACION MODERADA;;SI;NO;;;CLASE 1;R9;;GRUPO BIa;GL Esmaltado;;;NO;;1600-2400 N - 35-45 N/mm2;1;017.090.0344.00714;33,3x55;CATLOGO PAMESA;;;90;90;9;8100;90x90;ES.ERDING;ASH;https://www.pamesa.com/ERP/4.0/empresas/151/045/imagenes/t00010602/0170903440714.jpg
17;90;161;714;0170901610714;SI;REC.GLASS;90x90(N) ES.ERDING GREY;A;SI;SI;30.2500;SOL29;PAMESA;PAMESA;19/32/02;8429991908003;;8429991773199;M2;2;1.62;32;51.84;33.00;1,081.00;97.00;97.00;86.00;;9.00;22/03/2024;PAMESA;PAMESA;GRES PORCELNICO;0170901610714;;SOLID;ERDING;PIEDRA;;POLIVALENTE;BASE;BASE;MATE RECTIFICADO;VARIACION MODERADA;;SI;NO;;;CLASE 1;R9;;GRUPO BIa;GL Esmaltado;;;NO;;1600-2400 N - 35-45 N/mm2;1;017.090.0161.00714;31,6x60;CATLOGO PAMESA;;;90;90;9;8100;90x90;ES.ERDING;GREY;https://www.pamesa.com/ERP/4.0/empresas/151/045/imagenes/t00010602/0170901610714.jpg
17;90;169;714;0170901690714;SI;REC.GLASS;90x90(N) ES.ERDING PEARL;A;SI;SI;30.2500;SOL29;PAMESA;PAMESA;19/32/02;8429991908010;;8429991773199;M2;2;1.62;32;51.84;33.00;1,081.00;97.00;97.00;86.00;;9.00;22/03/2024;PAMESA;PAMESA;GRES PORCELNICO;0170901690714;;SOLID;ERDING;PIEDRA;;POLIVALENTE;BASE;BASE;MATE RECTIFICADO;VARIACION MODERADA;;SI;;;;CLASE 1;R9;;GRUPO BIa;GL Esmaltado;;;NO;;1600-2400 N - 35-45 N/mm2;1;017.090.0169.00714;33,3x55;CATLOGO PAMESA;;;90;90;9;8100;90x90;ES.ERDING;PEARL;https://www.pamesa.com/ERP/4.0/empresas/151/045/imagenes/t00010602/0170901690714.jpg
17;90;183;714;0170901830714;SI;REC.GLASS;90x90(N) ES.ERDING SILVER;A;SI;SI;30.2500;SOL29;PAMESA;PAMESA;19/32/02;8429991908027;;8429991773199;M2;2;1.62;32;51.84;33.00;1,081.00;97.00;97.00;86.00;;9.00;22/03/2024;PAMESA;PAMESA;GRES PORCELNICO;0170901830714;;SOLID;ERDING;PIEDRA;;POLIVALENTE;BASE;BASE;MATE RECTIFICADO;VARIACION MODERADA;;SI;NO;;;CLASE 1;R9;;GRUPO BIa;GL Esmaltado;;;NO;;1600-2400 N - 35-45 N/mm2;1;017.090.0183.00714;33,3x55;CATLOGO PAMESA;;;90;90;9;8100;90x90;ES.ERDING;SILVER;https://www.pamesa.com/ERP/4.0/empresas/151/045/imagenes/t00010602/0170901830714.jpg
17;250;344;714;0172503440714;SI;REC.GLASS;60x120(n) ES.ERDING ASH;A;SI;SI;0.0000;SOL25;PAMESA;PAMESA;L/36/02 RF;8429991971465;;8429991773199;M2;2;1.44;36;51.84;28.62;1,055.32;122.00;84.00;73.50;;;14/10/2024;PAMESA;PAMESA;GRES PORCELNICO;0172503440714;;SOLID;ERDING;PIEDRA;;POLIVALENTE;BASE;BASE;MATE RECTIFICADO;VARIACION MODERADA;;SI;;;;CLASE 1;R9;;GRUPO BIa;GL Esmaltado;;;NO;;1600-2400 N - 35-45 N/mm2;1;017.250.0344.00714;45X90C(N);CATLOGO PAMESA;;;60;120;9;7200;60x120;ES.ERDING;ASH;https://www.pamesa.com/ERP/4.0/empresas/151/045/imagenes/t00010602/0172503440714.jpg
50;869;344;714;0508693440714;SI;LUXGLASS;60x120 ES.ERDING ASH;A;SI;SI;33.5000;SOL28;PAMESA;PAMESA;L/32/02;8429991390266;;8429991773199;M2;2;1.44;32;46.08;34.25;1,121.00;122.00;84.00;75.00;;10.50;29/06/2018;PAMESA;PAMESA;GRES PORCELNICO;0508693440714;;SOLID;ERDING;PIEDRA;;POLIVALENTE;BASE;BASE;LAPATTO;VARIACION MODERADA;;SI;;;;CLASE 0;;;GRUPO BIa;GL Esmaltado;50 Low;25 Moderate;NO;;1600-2400 N - 35-45 N/mm2;1;050.869.0344.00714;20x60 P;CATLOGO PAMESA;;;60;120;10,5;7200;60x120;ES.ERDING;ASH;https://www.pamesa.com/ERP/4.0/empresas/151/045/imagenes/t00010602/0508693440714.jpg
17;250;161;714;0172501610714;SI;REC.GLASS;60x120(n) ES.ERDING GREY;A;SI;SI;0.0000;SOL25;PAMESA;PAMESA;L/36/02 RF;8429991971434;;8429991773199;M2;2;1.44;36;51.84;28.62;1,055.32;122.00;84.00;73.50;;;14/10/2024;PAMESA;PAMESA;GRES PORCELNICO;0172501610714;;SOLID;ERDING;PIEDRA;;POLIVALENTE;BASE;BASE;MATE RECTIFICADO;VARIACION MODERADA;;SI;;;;CLASE 1;R9;;GRUPO BIa;GL Esmaltado;;;NO;;1600-2400 N - 35-45 N/mm2;1;017.250.0161.00714;60X120(n);CATLOGO PAMESA;;;60;120;9;7200;60x120;ES.ERDING;GREY;https://www.pamesa.com/ERP/4.0/empresas/151/045/imagenes/t00010602/0172501610714.jpg
50;869;161;714;0508691610714;SI;LUXGLASS;60x120 ES.ERDING GREY;A;SI;SI;33.5000;SOL28;PAMESA;PAMESA;L/32/02;8429991780289;;8429991773199;M2;2;1.44;32;46.08;34.25;1,121.00;122.00;84.00;75.00;;10.50;04/11/2022;PAMESA;PAMESA;GRES PORCELNICO;0508691610714;;SOLID;ERDING;PIEDRA;;POLIVALENTE;BASE;BASE;LAPATTO;VARIACION MODERADA;;SI;;;;CLASE 0;;;GRUPO BIa;GL Esmaltado;;;NO;;1600-2400 N - 35-45 N/mm2;1;050.869.0161.00714;23X120(N);CATLOGO PAMESA;;;60;120;10,5;7200;60x120;ES.ERDING;GREY;https://www.pamesa.com/ERP/4.0/empresas/151/045/imagenes/t00010602/0508691610714.jpg
17;250;169;714;0172501690714;SI;REC.GLASS;60x120(n) ES.ERDING PEARL;A;SI;SI;0.0000;SOL25;PAMESA;PAMESA;L/36/02 RF;8429991971441;;8429991773199;M2;2;1.44;36;51.84;28.62;1,055.32;122.00;84.00;73.50;;;14/10/2024;PAMESA;PAMESA;GRES PORCELNICO;0172501690714;;SOLID;ERDING;PIEDRA;;POLIVALENTE;BASE;BASE;MATE RECTIFICADO;VARIACION MODERADA;;SI;;;;CLASE 1;R9;;GRUPO BIa;GL Esmaltado;;;NO;;1600-2400 N - 35-45 N/mm2;1;017.250.0169.00714;9X60(M2);CATLOGO PAMESA;;;60;120;9;7200;60x120;ES.ERDING;PEARL;https://www.pamesa.com/ERP/4.0/empresas/151/045/imagenes/t00010602/0172501690714.jpg
50;869;169;714;0508691690714;SI;LUXGLASS;60x120 ES.ERDING PEARL;A;SI;SI;33.5000;SOL28;PAMESA;PAMESA;L/32/02;8429991390259;;8429991773199;M2;2;1.44;32;46.08;34.25;1,121.00;122.00;84.00;75.00;;10.50;29/06/2018;PAMESA;PAMESA;GRES PORCELNICO;0508691690714;;SOLID;ERDING;PIEDRA;;POLIVALENTE;BASE;BASE;LAPATTO;VARIACION MODERADA;;SI;;;;CLASE 0;;;GRUPO BIa;GL Esmaltado;50 Low;25 Moderate;NO;;1600-2400 N - 35-45 N/mm2;1;050.869.0169.00714;23X120(N);CATLOGO PAMESA;;;60;120;10,5;7200;60x120;ES.ERDING;PEARL;https://www.pamesa.com/ERP/4.0/empresas/151/045/imagenes/t00010602/0508691690714.jpg
17;250;183;714;0172501830714;SI;REC.GLASS;60x120(n) ES.ERDING SILVER;A;SI;SI;0.0000;SOL25;PAMESA;PAMESA;L/36/02 RF;8429991971458;;8429991773199;M2;2;1.44;36;51.84;28.62;1,055.32;122.00;84.00;73.50;;;14/10/2024;PAMESA;PAMESA;GRES PORCELNICO;0172501830714;;SOLID;ERDING;PIEDRA;;POLIVALENTE;BASE;BASE;MATE RECTIFICADO;VARIACION MODERADA;;SI;;;;CLASE 1;R9;;GRUPO BIa;GL Esmaltado;;;NO;;1600-2400 N - 35-45 N/mm2;1;017.250.0183.00714;120X120;CATLOGO PAMESA;;;60;120;9;7200;60x120;ES.ERDING;SILVER;https://www.pamesa.com/ERP/4.0/empresas/151/045/imagenes/t00010602/0172501830714.jpg
50;869;183;714;0508691830714;SI;LUXGLASS;60x120 ES.ERDING SILVER;A;SI;SI;33.5000;SOL28;PAMESA;PAMESA;L/32/02;8429991780272;;8429991773199;M2;2;1.44;32;46.08;34.25;1,121.00;122.00;84.00;75.00;;10.50;04/11/2022;PAMESA;PAMESA;GRES PORCELNICO;0508691830714;;SOLID;ERDING;PIEDRA;;POLIVALENTE;BASE;BASE;LAPATTO;VARIACION MODERADA;;SI;;;;CLASE 0;;;GRUPO BIa;GL Esmaltado;;;NO;;1600-2400 N - 35-45 N/mm2;1;050.869.0183.00714;23X120(N);CATLOGO PAMESA;;;60;120;10,5;7200;60x120;ES.ERDING;SILVER;https://www.pamesa.com/ERP/4.0/empresas/151/045/imagenes/t00010602/0508691830714.jpg
17;84;344;714;0170843440714;SI;REC.GLASS;45x90C(N) ES.ERDING ASH;A;SI;SI;21.7500;SOL17;PAMESA;PAMESA;F/55/03;8429991890100;;8429991773199;M2;3;1.21;55;66.55;25.00;1,395.00;120.00;80.00;105.00;;;27/02/2024;PAMESA;PAMESA;GRES PORCELNICO;0170843440714;;SOLID;ERDING;PIEDRA;;POLIVALENTE;BASE;BASE;MATE RECTIFICADO;VARIACION MODERADA;;SI;NO;;;CLASE 1;R9;;GRUPO BIa;GL Esmaltado;;;NO;;1600-2400 N - 35-45 N/mm2;1;017.084.0344.00714;60X60n(C);CATLOGO PAMESA;;;45;90;9;4050;45x90;ES.ERDING;ASH;https://www.pamesa.com/ERP/4.0/empresas/151/045/imagenes/t00010602/0170843440714.jpg
17;84;161;714;0170841610714;SI;REC.GLASS;45x90C(N) ES.ERDING GREY;A;SI;SI;21.7500;SOL17;PAMESA;PAMESA;F/55/03;8429991890063;;8429991773199;M2;3;1.21;55;66.55;25.00;1,395.00;120.00;80.00;105.00;;;27/02/2024;PAMESA;PAMESA;GRES PORCELNICO;0170841610714;;SOLID;ERDING;PIEDRA;;POLIVALENTE;BASE;BASE;MATE RECTIFICADO;VARIACION MODERADA;;SI;NO;;;CLASE 1;R9;;GRUPO BIa;GL Esmaltado;;;NO;;1600-2400 N - 35-45 N/mm2;1;017.084.0161.00714;60X120(n);CATLOGO PAMESA;;;45;90;9;4050;45x90;ES.ERDING;GREY;https://www.pamesa.com/ERP/4.0/empresas/151/045/imagenes/t00010602/0170841610714.jpg
17;84;169;714;0170841690714;SI;REC.GLASS;45x90C(N) ES.ERDING PEARL;A;SI;SI;21.7500;SOL17;PAMESA;PAMESA;F/55/03;8429991890087;;8429991773199;M2;3;1.21;55;66.55;25.00;1,395.00;120.00;80.00;105.00;;;27/02/2024;PAMESA;PAMESA;GRES PORCELNICO;0170841690714;;SOLID;ERDING;PIEDRA;;POLIVALENTE;BASE;BASE;MATE RECTIFICADO;VARIACION MODERADA;;SI;;;;CLASE 1;R9;;GRUPO BIa;GL Esmaltado;;;NO;;1600-2400 N - 35-45 N/mm2;1;017.084.0169.00714;60X120(n);CATLOGO PAMESA;;;45;90;9;4050;45x90;ES.ERDING;PEARL;https://www.pamesa.com/ERP/4.0/empresas/151/045/imagenes/t00010602/0170841690714.jpg
17;84;183;714;0170841830714;SI;REC.GLASS;45x90C(N) ES.ERDING SILVER;A;SI;SI;21.7500;SOL17;PAMESA;PAMESA;F/55/03;8429991890094;;8429991773199;M2;3;1.21;55;66.55;25.00;1,395.00;120.00;80.00;105.00;;;27/02/2024;PAMESA;PAMESA;GRES PORCELNICO;0170841830714;;SOLID;ERDING;PIEDRA;;POLIVALENTE;BASE;BASE;MATE RECTIFICADO;VARIACION MODERADA;;SI;NO;;;CLASE 1;R9;;GRUPO BIa;GL Esmaltado;;;NO;;1600-2400 N - 35-45 N/mm2;1;017.084.0183.00714;60X120(n);CATLOGO PAMESA;;;45;90;9;4050;45x90;ES.ERDING;SILVER;https://www.pamesa.com/ERP/4.0/empresas/151/045/imagenes/t00010602/0170841830714.jpg
17;805;183;714;0178051830714;SI;REC.GLASS;45x90 ES.ERDING SILVER;A;SI;SI;21.7500;SOL17;PAMESA;PAMESA;F/44/03;8429991780432;;8429991773199;M2;3;1.21;44;53.24;28.70;1,282.80;120.00;80.00;104.00;;11.00;04/11/2022;PAMESA;PAMESA;GRES PORCELNICO;0178051830714;;SOLID;ERDING;PIEDRA;;POLIVALENTE;BASE;BASE;MATE RECTIFICADO;VARIACION MODERADA;;SI;;;;CLASE 1;R9;;GRUPO BIa;GL Esmaltado;;;NO;0.42;1600-2400 N - 35-45 N/mm2;1;017.805.0183.00714;60X120(n);CATLOGO PAMESA;;;45;90;11;4050;45x90;ES.ERDING;SILVER;https://www.pamesa.com/ERP/4.0/empresas/151/045/imagenes/t00010602/0178051830714.jpg
17;840;344;714;0178403440714;SI;REC.GLASS;60x60 ES.ERDING ASH;A;SI;SI;20.2500;SOL12;PAMESA;PAMESA;F/30/04 9MM;8429991776503;;8429991773199;M2;4;1.44;30;43.20;29.75;912.50;120.00;80.00;73.50;;9.00;24/10/2022;PAMESA;PAMESA;GRES PORCELNICO;0178403440714;;SOLID;ERDING;PIEDRA;;POLIVALENTE;BASE;BASE;MATE RECTIFICADO;VARIACION MODERADA;;SI;;;;CLASE 1;R9;;GRUPO BIa;GL Esmaltado;;;NO;0.42;1600-2400 N - 35-45 N/mm2;1;017.840.0344.00714;60x60;CATLOGO PAMESA;;;60;60;9;3600;60x60;ES.ERDING;ASH;https://www.pamesa.com/ERP/4.0/empresas/151/045/imagenes/t00010602/0178403440714.jpg
17;840;161;714;0178401610714;SI;REC.GLASS;60x60 ES.ERDING GREY;A;SI;SI;20.2500;SOL12;PAMESA;PAMESA;F/30/04 9MM;8429991780401;;8429991773199;M2;4;1.44;30;43.20;29.75;912.50;120.00;80.00;73.50;;9.00;04/11/2022;PAMESA;PAMESA;GRES PORCELNICO;0178401610714;;SOLID;ERDING;PIEDRA;;POLIVALENTE;BASE;BASE;MATE RECTIFICADO;VARIACION MODERADA;;SI;;;;CLASE 1;R9;;GRUPO BIa;GL Esmaltado;;;NO;0.42;1600-2400 N - 35-45 N/mm2;1;017.840.0161.00714;120X120;CATLOGO PAMESA;;;60;60;9;3600;60x60;ES.ERDING;GREY;https://www.pamesa.com/ERP/4.0/empresas/151/045/imagenes/t00010602/0178401610714.jpg
17;840;169;714;0178401690714;SI;REC.GLASS;60x60 ES.ERDING PEARL;A;SI;SI;20.2500;SOL12;PAMESA;PAMESA;F/30/04 9MM;8429991776510;;8429991773199;M2;4;1.44;30;43.20;29.75;912.50;120.00;80.00;73.50;;9.00;24/10/2022;PAMESA;PAMESA;GRES PORCELNICO;0178401690714;;SOLID;ERDING;PIEDRA;;POLIVALENTE;BASE;BASE;MATE RECTIFICADO;VARIACION MODERADA;;SI;;;;CLASE 1;R9;;GRUPO BIa;GL Esmaltado;;;NO;0.42;1600-2400 N - 35-45 N/mm2;1;017.840.0169.00714;120X120;CATLOGO PAMESA;;;60;60;9;3600;60x60;ES.ERDING;PEARL;https://www.pamesa.com/ERP/4.0/empresas/151/045/imagenes/t00010602/0178401690714.jpg
17;840;183;714;0178401830714;SI;REC.GLASS;60x60 ES.ERDING SILVER;A;SI;SI;20.2500;SOL12;PAMESA;PAMESA;F/30/04 9MM;8429991780395;;8429991773199;M2;4;1.44;30;43.20;29.75;912.50;120.00;80.00;73.50;;9.00;04/11/2022;PAMESA;PAMESA;GRES PORCELNICO;0178401830714;;SOLID;ERDING;PIEDRA;;POLIVALENTE;BASE;BASE;MATE RECTIFICADO;VARIACION MODERADA;;SI;;;;CLASE 1;R9;;GRUPO BIa;GL Esmaltado;;;NO;0.42;1600-2400 N - 35-45 N/mm2;1;017.840.0183.00714;60X120 RF;CATLOGO PAMESA;;;60;60;9;3600;60x60;ES.ERDING;SILVER;https://www.pamesa.com/ERP/4.0/empresas/151/045/imagenes/t00010602/0178401830714.jpg
25;590;344;714;0255903440714;SI;PZ.ESP COM-GLAS;30x30(7)Malla ES.ERDING ASH;A;SI;SI;57.7500;MOS7;PAMESA;PAMESA;E/42/11;8429991550127;;;M2;11;1.00;42;42.00;23.10;990.20;120.00;80.00;;;;29/08/2018;PAMESA;PAMESA;GRES PORCELNICO;0255903440714;;SOLID;ERDING;PIEDRA;;POLIVALENTE;BASE;BASE;MATE RECTIFICADO;VARIACION MODERADA;;SI;;;;CLASE 1;;;GRUPO BIa;GL Esmaltado;;;NO;;1600-2400 N - 35-45 N/mm2;1;025.590.0344.00714;120X120(T);CATLOGO PAMESA;;;30;30;0;900;30x30;ES.ERDING;ASH;https://www.pamesa.com/ERP/4.0/empresas/151/045/imagenes/t00010602/0255903440714.jpg
51;590;344;714;0515903440714;SI;PZ.ESP.LUXGLASS;30x30(7)Malla ES.ERDING ASH;A;SI;SI;57.7500;MOS7;PAMESA;PAMESA;E/42/11;8429991550172;;;M2;11;1.00;42;42.00;23.10;990.20;120.00;80.00;;;;29/08/2018;PAMESA;PAMESA;GRES PORCELNICO;0515903440714;;SOLID;ERDING;PIEDRA;;POLIVALENTE;BASE;BASE;LAPATTO;VARIACION MODERADA;;SI;;;;CLASE 0;;;GRUPO BIa;GL Esmaltado;50 Low;25 Moderate;NO;;1600-2400 N - 35-45 N/mm2;1;051.590.0344.00714;20x60 P;CATLOGO PAMESA;;;30;30;0;900;30x30;ES.ERDING;ASH;https://www.pamesa.com/ERP/4.0/empresas/151/045/imagenes/t00010602/0515903440714.jpg
25;590;161;714;0255901610714;SI;PZ.ESP COM-GLAS;30x30(7)Malla ES.ERDING GREY;A;SI;SI;57.7500;MOS7;PAMESA;PAMESA;E/42/11;8429991812904;;;M2;11;1.00;42;42.00;23.10;990.20;120.00;80.00;;;;22/03/2023;PAMESA;PAMESA;GRES PORCELNICO;0255901610714;;SOLID;ERDING;PIEDRA;;POLIVALENTE;BASE;BASE;MATE RECTIFICADO;VARIACION MODERADA;;SI;;;;CLASE 1;;;GRUPO BIa;GL Esmaltado;;;NO;;;1;025.590.0161.00714;60X120(n);CATLOGO PAMESA;;;30;30;0;900;30x30;ES.ERDING;GREY;https://www.pamesa.com/ERP/4.0/empresas/151/045/imagenes/t00010602/0255901610714.jpg
51;590;161;714;0515901610714;SI;PZ.ESP.LUXGLASS;30x30(7)Malla ES.ERDING GREY;A;SI;SI;57.7500;MOS7;PAMESA;PAMESA;E/42/11;8429991812911;;;M2;11;1.00;42;42.00;23.10;990.20;120.00;80.00;;;;22/03/2023;PAMESA;PAMESA;GRES PORCELNICO;0515901610714;;SOLID;ERDING;PIEDRA;;POLIVALENTE;BASE;BASE;LAPATTO;VARIACION MODERADA;;SI;;;;CLASE 0;;;GRUPO BIa;GL Esmaltado;;;NO;;;1;051.590.0161.00714;20x120 (n);CATLOGO PAMESA;;;30;30;0;900;30x30;ES.ERDING;GREY;https://www.pamesa.com/ERP/4.0/empresas/151/045/imagenes/t00010602/0515901610714.jpg
25;590;169;714;0255901690714;SI;PZ.ESP COM-GLAS;30x30(7)Malla ES.ERDING PEARL;A;SI;SI;57.7500;MOS7;PAMESA;PAMESA;E/42/11;8429991549930;;;M2;11;1.00;42;42.00;23.10;990.20;120.00;80.00;;;;29/08/2018;PAMESA;PAMESA;GRES PORCELNICO;0255901690714;;SOLID;ERDING;PIEDRA;;POLIVALENTE;BASE;BASE;MATE RECTIFICADO;VARIACION MODERADA;;SI;;;;CLASE 1;;;GRUPO BIa;GL Esmaltado;;;NO;;1600-2400 N - 35-45 N/mm2;1;025.590.0169.00714;60X120(n);CATLOGO PAMESA;;;30;30;0;900;30x30;ES.ERDING;PEARL;https://www.pamesa.com/ERP/4.0/empresas/151/045/imagenes/t00010602/0255901690714.jpg
51;590;169;714;0515901690714;SI;PZ.ESP.LUXGLASS;30x30(7)Malla ES.ERDING PEARL;A;SI;SI;57.7500;MOS7;PAMESA;PAMESA;E/42/11;8429991550165;;;M2;11;1.00;42;42.00;23.10;990.20;120.00;80.00;;;;29/08/2018;PAMESA;PAMESA;GRES PORCELNICO;0515901690714;;SOLID;ERDING;PIEDRA;;POLIVALENTE;BASE;BASE;LAPATTO;VARIACION MODERADA;;SI;;;;CLASE 0;;;GRUPO BIa;GL Esmaltado;50 Low;25 Moderate;NO;;1600-2400 N - 35-45 N/mm2;1;051.590.0169.00714;20x120 (n);CATLOGO PAMESA;;;30;30;0;900;30x30;ES.ERDING;PEARL;https://www.pamesa.com/ERP/4.0/empresas/151/045/imagenes/t00010602/0515901690714.jpg
25;590;183;714;0255901830714;SI;PZ.ESP COM-GLAS;30x30(7)Malla ES.ERDING SILVER;A;SI;SI;57.7500;MOS7;PAMESA;PAMESA;E/42/11;8429991812881;;;M2;11;1.00;42;42.00;23.10;990.20;120.00;80.00;;;;22/03/2023;PAMESA;PAMESA;GRES PORCELNICO;0255901830714;;SOLID;ERDING;PIEDRA;;POLIVALENTE;BASE;BASE;MATE RECTIFICADO;VARIACION MODERADA;;SI;;;;CLASE 1;;;GRUPO BIa;GL Esmaltado;;;NO;;;1;025.590.0183.00714;60x60;CATLOGO PAMESA;;;30;30;0;900;30x30;ES.ERDING;SILVER;https://www.pamesa.com/ERP/4.0/empresas/151/045/imagenes/t00010602/0255901830714.jpg
51;590;183;714;0515901830714;SI;PZ.ESP.LUXGLASS;30x30(7)Malla ES.ERDING SILVER;A;SI;SI;57.7500;MOS7;PAMESA;PAMESA;E/42/11;8429991812898;;;M2;11;1.00;42;42.00;23.10;990.20;120.00;80.00;;;;22/03/2023;PAMESA;PAMESA;GRES PORCELNICO;0515901830714;;SOLID;ERDING;PIEDRA;;POLIVALENTE;BASE;BASE;LAPATTO;VARIACION MODERADA;;SI;;;;CLASE 0;;;GRUPO BIa;GL Esmaltado;;;NO;;;1;051.590.0183.00714;20x60 P;CATLOGO PAMESA;;;30;30;0;900;30x30;ES.ERDING;SILVER;https://www.pamesa.com/ERP/4.0/empresas/151/045/imagenes/t00010602/0515901830714.jpg
35;90;344;304;0350903440304;SI;REC.PEDRA;90x90(N) ES.ESSEN ASH;A;SI;SI;31.7500;SOL29;PAMESA;PAMESA;19/32/02;8429991892418;;8429991773236;M2;2;1.62;32;51.84;33.00;1,081.00;97.00;97.00;86.00;;9.00;19/02/2024;PAMESA;PAMESA;GRES PORCELNICO;0350903440304;;SOLID;ESSEN;CEMENTO;;POLIVALENTE;BASE;BASE;MATE RECTIFICADO;VARIACION MODERADA;NO;SI;NO;;;CLASE 1;R10;C;GRUPO BIa;UGL No esmaltado;;;NO;;1600-2400 N - 35-45 N/mm2;1;035.090.0344.00304;30X90PBCA;CATLOGO PAMESA;;;90;90;9;8100;90x90;ES.ESSEN;ASH;https://www.pamesa.com/ERP/4.0/empresas/151/045/imagenes/t00010602/0350903440304.jpg
35;90;2;304;0350900020304;SI;REC.PEDRA;90x90(N) ES.ESSEN GRIS;A;SI;SI;31.7500;SOL29;PAMESA;PAMESA;19/32/02;8429991892425;;8429991773236;M2;2;1.62;32;51.84;33.00;1,081.00;97.00;97.00;86.00;;9.00;19/02/2024;PAMESA;PAMESA;GRES PORCELNICO;0350900020304;;SOLID;ESSEN;CEMENTO;;POLIVALENTE;BASE;BASE;MATE RECTIFICADO;VARIACION MODERADA;NO;SI;NO;;;CLASE 1;R10;C;GRUPO BIa;UGL No esmaltado;;;NO;;1600-2400 N - 35-45 N/mm2;1;035.090.0002.00304;33,3x100;CATLOGO PAMESA;;;90;90;9;8100;90x90;ES.ESSEN;GRIS;https://www.pamesa.com/ERP/4.0/empresas/151/045/imagenes/t00010602/0350900020304.jpg
35;90;119;304;0350901190304;SI;REC.PEDRA;90x90(N) ES.ESSEN SAND;A;SI;SI;31.7500;SOL29;PAMESA;PAMESA;19/32/02;8429991892388;;8429991773236;M2;2;1.62;32;51.84;33.00;1,081.00;97.00;97.00;86.00;;9.00;19/02/2024;PAMESA;PAMESA;GRES PORCELNICO;0350901190304;;SOLID;ESSEN;CEMENTO;;POLIVALENTE;BASE;BASE;MATE RECTIFICADO;VARIACION MODERADA;NO;SI;NO;;;CLASE 1;R10;C;GRUPO BIa;UGL No esmaltado;;;NO;;1600-2400 N - 35-45 N/mm2;1;035.090.0119.00304;30X90PBCA;CATLOGO PAMESA;;;90;90;9;8100;90x90;ES.ESSEN;SAND;https://www.pamesa.com/ERP/4.0/empresas/151/045/imagenes/t00010602/0350901190304.jpg
35;90;297;304;0350902970304;SI;REC.PEDRA;90x90(N) ES.ESSEN TORTORA;A;SI;SI;31.7500;SOL29;PAMESA;PAMESA;19/32/02;8429991892401;;8429991773236;M2;2;1.62;32;51.84;33.00;1,081.00;97.00;97.00;86.00;;9.00;19/02/2024;PAMESA;PAMESA;GRES PORCELNICO;0350902970304;;SOLID;ESSEN;CEMENTO;;POLIVALENTE;BASE;BASE;MATE RECTIFICADO;VARIACION MODERADA;NO;SI;NO;;;CLASE 1;R10;C;GRUPO BIa;UGL No esmaltado;;;NO;;1600-2400 N - 35-45 N/mm2;1;035.090.0297.00304;30X90PBCA;CATLOGO PAMESA;;;90;90;9;8100;90x90;ES.ESSEN;TORTORA;https://www.pamesa.com/ERP/4.0/empresas/151/045/imagenes/t00010602/0350902970304.jpg
35;90;139;304;0350901390304;SI;REC.PEDRA;90x90(N) ES.ESSEN ZIRCON;A;SI;SI;31.7500;SOL29;PAMESA;PAMESA;19/32/02;8429991892395;;8429991773236;M2;2;1.62;32;51.84;33.00;1,081.00;97.00;97.00;86.00;;9.00;19/02/2024;PAMESA;PAMESA;GRES PORCELNICO;0350901390304;;SOLID;ESSEN;CEMENTO;;POLIVALENTE;BASE;BASE;MATE RECTIFICADO;VARIACION MODERADA;NO;SI;NO;;;CLASE 1;R10;C;GRUPO BIa;UGL No esmaltado;;;NO;;1600-2400 N - 35-45 N/mm2;1;035.090.0139.00304;30X90PBCA;CATLOGO PAMESA;;;90;90;9;8100;90x90;ES.ESSEN;ZIRCON;https://www.pamesa.com/ERP/4.0/empresas/151/045/imagenes/t00010602/0350901390304.jpg
17;250;344;304;0172500042254;SI;REC.GLASS;60x120(n) ES.ESSEN ASH;A;SI;SI;0.0000;SOL23;PAMESA;PAMESA;L/36/02 RF;8429991195809;;8429991773199;M2;2;1.44;36;51.84;28.62;1,055.32;122.00;84.00;73.50;;;13/11/2025;PAMESA;PAMESA;GRES PORCELNICO;0172500042254;;SOLID;ESSEN;CEMENTO;;POLIVALENTE;BASE;BASE;MATE RECTIFICADO;VARIACION MODERADA;;SI;;;;CLASE 1;R10;C;GRUPO BIa;GL Esmaltado;;;NO;;1600-2400 N - 35-45 N/mm2;1;017.250.0344.00304;45X90C(N);CATLOGO PAMESA;;;60;120;9;7200;60x120;ES.ESSEN;ASH;https://www.pamesa.com/ERP/4.0/empresas/151/045/imagenes/t00010602/0172500042254.jpg
35;869;344;304;0358693440304;SI;REC.PEDRA;60x120 ES.ESSEN ASH;A;SI;SI;33.5000;SOL25;PAMESA;PAMESA;L/32/02;8429991779726;;8429991773236;M2;2;1.44;32;46.08;34.25;1,121.00;122.00;84.00;75.00;;10.50;03/11/2022;PAMESA;PAMESA;GRES PORCELNICO;0358693440304;;SOLID;ESSEN;CEMENTO;;POLIVALENTE;BASE;BASE;MATE RECTIFICADO;VARIACION MODERADA;NO;SI;;;;CLASE 1;R10;C;GRUPO BIa;UGL No esmaltado;;;NO;;1600-2400 N - 35-45 N/mm2;1;035.869.0344.00304;30X90PBCA;CATLOGO PAMESA;;;60;120;10,5;7200;60x120;ES.ESSEN;ASH;https://www.pamesa.com/ERP/4.0/empresas/151/045/imagenes/t00010602/0358693440304.jpg
17;250;2;304;0172500042249;SI;REC.GLASS;60x120(n) ES.ESSEN GRIS;A;SI;SI;0.0000;SOL23;PAMESA;PAMESA;L/36/02 RF;8429991195786;;8429991773199;M2;2;1.44;36;51.84;28.62;1,055.32;122.00;84.00;73.50;;;13/11/2025;PAMESA;PAMESA;GRES PORCELNICO;0172500042249;;SOLID;ESSEN;CEMENTO;;POLIVALENTE;BASE;BASE;MATE RECTIFICADO;VARIACION MODERADA;;SI;;;;CLASE 1;R10;C;GRUPO BIa;GL Esmaltado;;;NO;;1600-2400 N - 35-45 N/mm2;1;017.250.0002.00304;60x60;CATLOGO PAMESA;;;60;120;9;7200;60x120;ES.ESSEN;GRIS;https://www.pamesa.com/ERP/4.0/empresas/151/045/imagenes/t00010602/0172500042249.jpg
35;869;2;304;0358690020304;SI;REC.PEDRA;60x120 ES.ESSEN GRIS;A;SI;SI;33.5000;SOL25;PAMESA;PAMESA;L/32/02;8429991779788;;8429991773236;M2;2;1.44;32;46.08;34.25;1,121.00;122.00;84.00;75.00;;10.50;03/11/2022;PAMESA;PAMESA;GRES PORCELNICO;0358690020304;;SOLID;ESSEN;CEMENTO;;POLIVALENTE;BASE;BASE;MATE RECTIFICADO;VARIACION MODERADA;NO;SI;;;;CLASE 1;R10;C;GRUPO BIa;UGL No esmaltado;;;NO;;1600-2400 N - 35-45 N/mm2;1;035.869.0002.00304;60X120 PB;CATLOGO PAMESA;;;60;120;10,5;7200;60x120;ES.ESSEN;GRIS;https://www.pamesa.com/ERP/4.0/empresas/151/045/imagenes/t00010602/0358690020304.jpg
17;250;119;304;0172500042250;SI;REC.GLASS;60x120(n) ES.ESSEN SAND;A;SI;SI;0.0000;SOL23;PAMESA;PAMESA;L/36/02 RF;8429991195779;;8429991773199;M2;2;1.44;36;51.84;28.62;1,055.32;122.00;84.00;73.50;;;13/11/2025;PAMESA;PAMESA;GRES PORCELNICO;0172500042250;;SOLID;ESSEN;CEMENTO;;POLIVALENTE;BASE;BASE;MATE RECTIFICADO;VARIACION MODERADA;;SI;;;;CLASE 1;R10;C;GRUPO BIa;GL Esmaltado;;;NO;;1600-2400 N - 35-45 N/mm2;1;017.250.0119.00304;30,3X61,3;CATLOGO PAMESA;;;60;120;9;7200;60x120;ES.ESSEN;SAND;https://www.pamesa.com/ERP/4.0/empresas/151/045/imagenes/t00010602/0172500042250.jpg
35;869;119;304;0358691190304;SI;REC.PEDRA;60x120 ES.ESSEN SAND;A;SI;SI;33.5000;SOL25;PAMESA;PAMESA;L/32/02;8429991779719;;8429991773236;M2;2;1.44;32;46.08;34.25;1,121.00;122.00;84.00;75.00;;10.50;03/11/2022;PAMESA;PAMESA;GRES PORCELNICO;0358691190304;;SOLID;ESSEN;CEMENTO;;POLIVALENTE;BASE;BASE;MATE RECTIFICADO;VARIACION MODERADA;NO;SI;;;;CLASE 1;R10;C;GRUPO BIa;UGL No esmaltado;;;NO;;1600-2400 N - 35-45 N/mm2;1;035.869.0119.00304;33,3x100;CATLOGO PAMESA;;;60;120;10,5;7200;60x120;ES.ESSEN;SAND;https://www.pamesa.com/ERP/4.0/empresas/151/045/imagenes/t00010602/0358691190304.jpg
17;250;297;304;0172500042252;SI;REC.GLASS;60x120(n) ES.ESSEN TORTORA;A;SI;SI;0.0000;SOL23;PAMESA;PAMESA;L/36/02 RF;8429991195793;;8429991773199;M2;2;1.44;36;51.84;28.62;1,055.32;122.00;84.00;73.50;;;13/11/2025;PAMESA;PAMESA;GRES PORCELNICO;0172500042252;;SOLID;ESSEN;CEMENTO;;POLIVALENTE;BASE;BASE;MATE RECTIFICADO;VARIACION MODERADA;;SI;;;;CLASE 1;R10;C;GRUPO BIa;GL Esmaltado;;;NO;;1600-2400 N - 35-45 N/mm2;1;017.250.0297.00304;45X90C(N);CATLOGO PAMESA;;;60;120;9;7200;60x120;ES.ESSEN;TORTORA;https://www.pamesa.com/ERP/4.0/empresas/151/045/imagenes/t00010602/0172500042252.jpg
35;869;297;304;0358692970304;SI;REC.PEDRA;60x120 ES.ESSEN TORTORA;A;SI;SI;33.5000;SOL25;PAMESA;PAMESA;L/32/02;8429991779771;;8429991773236;M2;2;1.44;32;46.08;34.25;1,121.00;122.00;84.00;75.00;;10.50;03/11/2022;PAMESA;PAMESA;GRES PORCELNICO;0358692970304;;SOLID;ESSEN;CEMENTO;;POLIVALENTE;BASE;BASE;MATE RECTIFICADO;VARIACION MODERADA;NO;SI;;;;CLASE 1;R10;C;GRUPO BIa;UGL No esmaltado;;;NO;;1600-2400 N - 35-45 N/mm2;1;035.869.0297.00304;30X90PBCA;CATLOGO PAMESA;;;60;120;10,5;7200;60x120;ES.ESSEN;TORTORA;https://www.pamesa.com/ERP/4.0/empresas/151/045/imagenes/t00010602/0358692970304.jpg
17;250;139;304;0172500042255;SI;REC.GLASS;60x120(n) ES.ESSEN ZIRCON;A;SI;SI;0.0000;SOL23;PAMESA;PAMESA;L/36/02 RF;8429991195816;;8429991773199;M2;2;1.44;36;51.84;28.62;1,055.32;122.00;84.00;73.50;;;13/11/2025;PAMESA;PAMESA;GRES PORCELNICO;0172500042255;;SOLID;ESSEN;CEMENTO;;POLIVALENTE;BASE;BASE;MATE RECTIFICADO;VARIACION MODERADA;;SI;;;;CLASE 1;R10;C;GRUPO BIa;GL Esmaltado;;;NO;;1600-2400 N - 35-45 N/mm2;1;017.250.0139.00304;120X280(6MM);CATLOGO PAMESA;;;60;120;9;7200;60x120;ES.ESSEN;ZIRCON;https://www.pamesa.com/ERP/4.0/empresas/151/045/imagenes/t00010602/0172500042255.jpg
35;869;139;304;0358691390304;SI;REC.PEDRA;60x120 ES.ESSEN ZIRCON;A;SI;SI;33.5000;SOL25;PAMESA;PAMESA;L/32/02;8429991779733;;8429991773236;M2;2;1.44;32;46.08;34.25;1,121.00;122.00;84.00;75.00;;10.50;03/11/2022;PAMESA;PAMESA;GRES PORCELNICO;0358691390304;;SOLID;ESSEN;CEMENTO;;POLIVALENTE;BASE;BASE;MATE RECTIFICADO;VARIACION MODERADA;NO;SI;;;;CLASE 1;R10;C;GRUPO BIa;UGL No esmaltado;;;NO;;1600-2400 N - 35-45 N/mm2;1;035.869.0139.00304;40X120;CATLOGO PAMESA;;;60;120;10,5;7200;60x120;ES.ESSEN;ZIRCON;https://www.pamesa.com/ERP/4.0/empresas/151/045/imagenes/t00010602/0358691390304.jpg
35;84;344;304;0350843440304;SI;REC.PEDRA;45x90C(N) ES.ESSEN ASH;A;SI;SI;23.0000;SOL17;PAMESA;PAMESA;F/55/03;8429991886554;;8429991773236;M2;3;1.21;55;66.55;25.00;1,395.00;120.00;80.00;105.00;;;19/02/2024;PAMESA;PAMESA;GRES PORCELNICO;0350843440304;;SOLID;ESSEN;CEMENTO;;POLIVALENTE;BASE;BASE;MATE RECTIFICADO;VARIACION ALTA;NO;SI;NO;;;CLASE 1;R10;C;GRUPO BIa;UGL No esmaltado;;;NO;;1600-2400 N - 35-45 N/mm2;1;035.084.0344.00304;33,3x100;CATLOGO PAMESA;;;45;90;9;4050;45x90;ES.ESSEN;ASH;https://www.pamesa.com/ERP/4.0/empresas/151/045/imagenes/t00010602/0350843440304.jpg
35;84;2;304;0350840020304;SI;REC.PEDRA;45x90C(N) ES.ESSEN GRIS;A;SI;SI;23.0000;SOL17;PAMESA;PAMESA;F/55/03;8429991886592;;8429991773236;M2;3;1.21;55;66.55;25.00;1,395.00;120.00;80.00;105.00;;;19/02/2024;PAMESA;PAMESA;GRES PORCELNICO;0350840020304;;SOLID;ESSEN;CEMENTO;;POLIVALENTE;BASE;BASE;MATE RECTIFICADO;VARIACION ALTA;NO;SI;NO;;;CLASE 1;R10;C;GRUPO BIa;UGL No esmaltado;;;NO;;1600-2400 N - 35-45 N/mm2;1;035.084.0002.00304;33,3x100;CATLOGO PAMESA;;;45;90;9;4050;45x90;ES.ESSEN;GRIS;https://www.pamesa.com/ERP/4.0/empresas/151/045/imagenes/t00010602/0350840020304.jpg
35;84;119;304;0350841190304;SI;REC.PEDRA;45x90C(N) ES.ESSEN SAND;A;SI;SI;23.0000;SOL17;PAMESA;PAMESA;F/55/03;8429991886585;;8429991773236;M2;3;1.21;55;66.55;25.00;1,395.00;120.00;80.00;105.00;;;19/02/2024;PAMESA;PAMESA;GRES PORCELNICO;0350841190304;;SOLID;ESSEN;CEMENTO;;POLIVALENTE;BASE;BASE;MATE RECTIFICADO;VARIACION ALTA;NO;SI;NO;;;CLASE 1;R10;C;GRUPO BIa;UGL No esmaltado;;;NO;;1600-2400 N - 35-45 N/mm2;1;035.084.0119.00304;33,3x100;CATLOGO PAMESA;;;45;90;9;4050;45x90;ES.ESSEN;SAND;https://www.pamesa.com/ERP/4.0/empresas/151/045/imagenes/t00010602/0350841190304.jpg
35;84;297;304;0350842970304;SI;REC.PEDRA;45x90C(N) ES.ESSEN TORTORA;A;SI;SI;23.0000;SOL17;PAMESA;PAMESA;F/55/03;8429991886561;;8429991773236;M2;3;1.21;55;66.55;25.00;1,395.00;120.00;80.00;105.00;;;19/02/2024;PAMESA;PAMESA;GRES PORCELNICO;0350842970304;;SOLID;ESSEN;CEMENTO;;POLIVALENTE;;BASE;MATE RECTIFICADO;;NO;SI;;;;CLASE 1;R10;C;GRUPO BIa;UGL No esmaltado;;;NO;;1600-2400 N - 35-45 N/mm2;1;035.084.0297.00304;30X60(n)PB;CATLOGO PAMESA;;;45;90;9;4050;45x90;ES.ESSEN;TORTORA;https://www.pamesa.com/ERP/4.0/empresas/151/045/imagenes/t00010602/0350842970304.jpg
35;84;139;304;0350841390304;SI;REC.PEDRA;45x90C(N) ES.ESSEN ZIRCON;A;SI;SI;23.0000;SOL17;PAMESA;PAMESA;F/55/03;8429991886578;;8429991773236;M2;3;1.21;55;66.55;25.00;1,395.00;120.00;80.00;105.00;;;19/02/2024;PAMESA;PAMESA;GRES PORCELNICO;0350841390304;;SOLID;ESSEN;CEMENTO;;POLIVALENTE;BASE;BASE;MATE RECTIFICADO;VARIACION ALTA;NO;SI;NO;;;CLASE 1;R10;C;GRUPO BIa;UGL No esmaltado;;;NO;;1600-2400 N - 35-45 N/mm2;1;035.084.0139.00304;30X60(n)PB;CATLOGO PAMESA;;;45;90;9;4050;45x90;ES.ESSEN;ZIRCON;https://www.pamesa.com/ERP/4.0/empresas/151/045/imagenes/t00010602/0350841390304.jpg
35;84;344;345;0350843440345;SI;REC.PEDRA;45x90C(N) ES.RLV.ESSEN ASH;A;SI;SI;23.0000;SOL47;PAMESA;PAMESA;F/55/03;8429991886646;;8429991773236;M2;3;1.21;55;66.55;25.00;1,395.00;120.00;80.00;105.00;;;19/02/2024;PAMESA;PAMESA;GRES PORCELNICO;0350843440345;;SOLID;ESSEN;CEMENTO;;POLIVALENTE;BASE;BASE;MATE RECTIFICADO;VARIACION ALTA;NO;SI;NO;;;CLASE 1;;;GRUPO BIa;UGL No esmaltado;;;NO;;1600-2400 N - 35-45 N/mm2;1;035.084.0344.00345;33,3x100;CATLOGO PAMESA;;;45;90;9;4050;45x90;ES.RLV.ESSEN;ASH;https://www.pamesa.com/ERP/4.0/empresas/151/045/imagenes/t00010602/0350843440345.jpg
35;84;2;345;0350840020345;SI;REC.PEDRA;45x90C(N) ES.RLV.ESSEN GRIS;A;SI;SI;23.0000;SOL47;PAMESA;PAMESA;F/55/03;8429991886608;;8429991773236;M2;3;1.21;55;66.55;25.00;1,395.00;120.00;80.00;105.00;;;19/02/2024;PAMESA;PAMESA;GRES PORCELNICO;0350840020345;;SOLID;ESSEN;CEMENTO;;POLIVALENTE;BASE;BASE;MATE RECTIFICADO;VARIACION ALTA;NO;SI;NO;;;CLASE 1;;;GRUPO BIa;UGL No esmaltado;;;NO;;1600-2400 N - 35-45 N/mm2;1;035.084.0002.00345;33,3x100;CATLOGO PAMESA;;;45;90;9;4050;45x90;ES.RLV.ESSEN;GRIS;https://www.pamesa.com/ERP/4.0/empresas/151/045/imagenes/t00010602/0350840020345.jpg
35;84;119;345;0350841190345;SI;REC.PEDRA;45x90C(N) ES.RLV.ESSEN SAND;A;SI;SI;23.0000;SOL47;PAMESA;PAMESA;F/55/03;8429991886615;;8429991773236;M2;3;1.21;55;66.55;25.00;1,395.00;120.00;80.00;105.00;;;19/02/2024;PAMESA;PAMESA;GRES PORCELNICO;0350841190345;;SOLID;ESSEN;CEMENTO;;POLIVALENTE;BASE;BASE;MATE RECTIFICADO;VARIACION ALTA;NO;SI;NO;;;CLASE 1;;;GRUPO BIa;UGL No esmaltado;;;NO;;1600-2400 N - 35-45 N/mm2;1;035.084.0119.00345;33,3x100;CATLOGO PAMESA;;;45;90;9;4050;45x90;ES.RLV.ESSEN;SAND;https://www.pamesa.com/ERP/4.0/empresas/151/045/imagenes/t00010602/0350841190345.jpg
35;84;297;345;0350842970345;SI;REC.PEDRA;45x90C(N) ES.RLV.ESSEN TORTORA;A;SI;SI;23.0000;SOL47;PAMESA;PAMESA;F/55/03;8429991886639;;8429991773236;M2;3;1.21;55;66.55;25.00;1,395.00;120.00;80.00;105.00;;;19/02/2024;PAMESA;PAMESA;GRES PORCELNICO;0350842970345;;SOLID;ESSEN;CEMENTO;;POLIVALENTE;BASE;BASE;MATE RECTIFICADO;VARIACION ALTA;NO;SI;NO;;;CLASE 1;;;GRUPO BIa;UGL No esmaltado;;;NO;;1600-2400 N - 35-45 N/mm2;1;035.084.0297.00345;30X60(n)PB;CATLOGO PAMESA;;;45;90;9;4050;45x90;ES.RLV.ESSEN;TORTORA;https://www.pamesa.com/ERP/4.0/empresas/151/045/imagenes/t00010602/0350842970345.jpg
35;84;139;345;0350841390345;SI;REC.PEDRA;45x90C(N) ES.RLV.ESSEN ZIRCON;A;SI;SI;23.0000;SOL47;PAMESA;PAMESA;F/55/03;8429991886622;;8429991773236;M2;3;1.21;55;66.55;25.00;1,395.00;120.00;80.00;105.00;;;19/02/2024;PAMESA;PAMESA;GRES PORCELNICO;0350841390345;;SOLID;ESSEN;CEMENTO;;POLIVALENTE;BASE;BASE;MATE RECTIFICADO;VARIACION ALTA;NO;SI;NO;;;CLASE 1;;;GRUPO BIa;UGL No esmaltado;;;NO;;1600-2400 N - 35-45 N/mm2;1;035.084.0139.00345;30X60(n)PB;CATLOGO PAMESA;;;45;90;9;4050;45x90;ES.RLV.ESSEN;ZIRCON;https://www.pamesa.com/ERP/4.0/empresas/151/045/imagenes/t00010602/0350841390345.jpg
11;440;344;304;0114403440304;SI;C/N PEDRA;60,8x60,8 ES.ESSEN ASH;A;SI;SI;19.5000;SOL10;PAMESA;PAMESA;F/30/04 9MM;8429991408176;;8429991773229;M2;4;1.48;30;44.40;29.70;911.00;120.00;80.00;74.00;;9.00;30/05/2018;PAMESA;ESSENTIAL;GRES PORCELNICO;0114403440304;;SOLID;ESSEN;CEMENTO;;POLIVALENTE;;BASE;MATE;VARIACION MODERADA;;SI;;19;;CLASE 1;R10;C;GRUPO BIa;UGL No esmaltado;;;NO;;1600-2400 N - 35-45 N/mm2;1;011.440.0344.00304;90X90(N);CATLOGO PAMESA;;;60,8;60,8;9;3696,64;60,8x60,8;ES.ESSEN;ASH;https://www.pamesa.com/ERP/4.0/empresas/151/045/imagenes/t00010602/0114403440304.jpg
11;440;2;304;0114400020304;SI;C/N PEDRA;60,8x60,8 ES.ESSEN GRIS;A;SI;SI;19.5000;SOL10;PAMESA;PAMESA;F/30/04 9MM;8429991408138;;8429991773229;M2;4;1.48;30;44.40;29.70;911.00;120.00;80.00;74.00;;9.00;30/05/2018;PAMESA;ESSENTIAL;GRES PORCELNICO;0114400020304;;SOLID;ESSEN;CEMENTO;;POLIVALENTE;;BASE;MATE;VARIACION MODERADA;;SI;;19;;CLASE 1;R10;C;GRUPO BIa;UGL No esmaltado;;;NO;;1600-2400 N - 35-45 N/mm2;1;011.440.0002.00304;120X120;CATLOGO PAMESA;;;60,8;60,8;9;3696,64;60,8x60,8;ES.ESSEN;GRIS;https://www.pamesa.com/ERP/4.0/empresas/151/045/imagenes/t00010602/0114400020304.jpg
11;440;119;304;0114401190304;SI;C/N PEDRA;60,8x60,8 ES.ESSEN SAND;A;SI;SI;19.5000;SOL10;PAMESA;PAMESA;F/30/04 9MM;8429991408145;;8429991773229;M2;4;1.48;30;44.40;29.70;911.00;120.00;80.00;74.00;;9.00;30/05/2018;PAMESA;ESSENTIAL;GRES PORCELNICO;0114401190304;;SOLID;ESSEN;CEMENTO;;POLIVALENTE;;BASE;MATE;VARIACION MODERADA;;SI;;19;;CLASE 1;R10;C;GRUPO BIa;UGL No esmaltado;;;NO;;1600-2400 N - 35-45 N/mm2;1;011.440.0119.00304;120X120;CATLOGO PAMESA;;;60,8;60,8;9;3696,64;60,8x60,8;ES.ESSEN;SAND;https://www.pamesa.com/ERP/4.0/empresas/151/045/imagenes/t00010602/0114401190304.jpg
11;440;297;304;0114402970304;SI;C/N PEDRA;60,8x60,8 ES.ESSEN TORTORA;A;SI;SI;19.5000;SOL10;PAMESA;PAMESA;F/30/04 9MM;8429991408169;;8429991773229;M2;4;1.48;30;44.40;29.70;911.00;120.00;80.00;74.00;;9.00;30/05/2018;PAMESA;ESSENTIAL;GRES PORCELNICO;0114402970304;;SOLID;ESSEN;CEMENTO;;POLIVALENTE;;BASE;MATE;VARIACION MODERADA;;SI;;19;;CLASE 1;R10;C;GRUPO BIa;UGL No esmaltado;;;NO;;1600-2400 N - 35-45 N/mm2;1;011.440.0297.00304;90X90(N);CATLOGO PAMESA;;;60,8;60,8;9;3696,64;60,8x60,8;ES.ESSEN;TORTORA;https://www.pamesa.com/ERP/4.0/empresas/151/045/imagenes/t00010602/0114402970304.jpg
11;440;139;304;0114401390304;SI;C/N PEDRA;60,8x60,8 ES.ESSEN ZIRCON;A;SI;SI;19.5000;SOL10;PAMESA;PAMESA;F/30/04 9MM;8429991408152;;8429991773229;M2;4;1.48;30;44.40;29.70;911.00;120.00;80.00;74.00;;9.00;30/05/2018;PAMESA;ESSENTIAL;GRES PORCELNICO;0114401390304;;SOLID;ESSEN;CEMENTO;;POLIVALENTE;BASE;BASE;MATE;VARIACION MODERADA;;SI;;19;;CLASE 1;R10;C;GRUPO BIa;UGL No esmaltado;;;NO;;1600-2400 N - 35-45 N/mm2;1;011.440.0139.00304;90X90(N);CATLOGO PAMESA;;;60,8;60,8;9;3696,64;60,8x60,8;ES.ESSEN;ZIRCON;https://www.pamesa.com/ERP/4.0/empresas/151/045/imagenes/t00010602/0114401390304.jpg
11;440;344;13629;0114400020597;SI;C/N PEDRA;60,8x60,8 EXT.ESSEN ASH;A;SI;SI;21.7500;SOL11;PAM-ADZ.PAMESA;PAMESA;F/30/04 9MM;8429991838140;;8429991773229;M2;4;1.48;30;44.40;29.70;911.00;120.00;80.00;74.00;;9.00;05/07/2023;PAMESA;PAMESA;GRES PORCELNICO;0114400020597;;SOLID;ESSEN;CEMENTO;;ANTIDESLIZANTE;;BASE;MATE;;NO;NO;;;;CLASE 3;R11;C;GRUPO BIa;UGL No esmaltado;;36 Low;NO;0.42;1600-2400 N - 35-45 N/mm2;1;011.440.0344.13629;90X90(N);CATLOGO PAMESA;;;60,8;60,8;9;3696,64;60,8x60,8;EXT.ESSEN;ASH;https://www.pamesa.com/ERP/4.0/empresas/151/045/imagenes/t00010602/0114400020597.jpg
11;440;2;13629;0114400020595;SI;C/N PEDRA;60,8x60,8 EXT.ESSEN GRIS;A;SI;SI;21.7500;SOL11;PAM-ADZ.PAMESA;PAMESA;F/30/04 9MM;8429991838126;;8429991773229;M2;4;1.48;30;44.40;29.70;911.00;120.00;80.00;74.00;;9.00;05/07/2023;PAMESA;PAMESA;GRES PORCELNICO;0114400020595;;SOLID;ESSEN;CEMENTO;;ANTIDESLIZANTE;;BASE;MATE;;NO;NO;;;;CLASE 3;R11;C;GRUPO BIa;UGL No esmaltado;;36 Low;NO;0.42;1600-2400 N - 35-45 N/mm2;1;011.440.0002.13629;120X120;CATLOGO PAMESA;;;60,8;60,8;9;3696,64;60,8x60,8;EXT.ESSEN;GRIS;https://www.pamesa.com/ERP/4.0/empresas/151/045/imagenes/t00010602/0114400020595.jpg
11;440;119;13629;0114400020596;SI;C/N PEDRA;60,8x60,8 EXT.ESSEN SAND;A;SI;SI;21.7500;SOL11;PAM-ADZ.PAMESA;PAMESA;F/30/04 9MM;8429991838133;;8429991773229;M2;4;1.48;30;44.40;29.70;911.00;120.00;80.00;74.00;;9.00;05/07/2023;PAMESA;PAMESA;GRES PORCELNICO;0114400020596;;SOLID;ESSEN;CEMENTO;;ANTIDESLIZANTE;;BASE;MATE;;NO;NO;;;;CLASE 3;R11;C;GRUPO BIa;UGL No esmaltado;;36 Low;NO;0.42;1600-2400 N - 35-45 N/mm2;1;011.440.0119.13629;120X120;CATLOGO PAMESA;;;60,8;60,8;9;3696,64;60,8x60,8;EXT.ESSEN;SAND;https://www.pamesa.com/ERP/4.0/empresas/151/045/imagenes/t00010602/0114400020596.jpg
17;785;344;304;0177853440304;SI;REC.GLASS;60x60N(20mm) ES.ESSEN ASH;A;SI;SI;0.0000;2CM01;PAMESA;PAMESA;F/30/02;8429991955052;;8429991773199;M2;2;0.72;30;21.60;28.50;875.00;120.00;80.00;73.50;;20.00;26/07/2024;PAMESA;PAMESA;GRES PORCELNICO;0177853440304;;SOLID;ESSEN;PIEDRA;;PAVIMENTO;BASE;BASE;MATE RECTIFICADO;VARIACION MODERADA;NO;NO;NO;;;CLASE 3;R11;C;GRUPO BIa;GL Esmaltado;;36 Low;NO;0.42;>8000 N - 35-45 N/mm2;1;017.785.0344.00304;120X120;CATLOGO PAMESA;;;60;60;20;3600;60x60;ES.ESSEN;ASH;https://www.pamesa.com/ERP/4.0/empresas/151/045/imagenes/t00010602/0177853440304.jpg
35;840;344;304;0358403440304;SI;REC.PEDRA;60x60 ES.ESSEN ASH;A;SI;SI;21.7500;SOL12;PAMESA;PAMESA;F/30/04 9MM;8429991403478;;8429991773236;M2;4;1.44;30;43.20;29.75;912.50;120.00;80.00;73.50;;9.00;01/10/2018;PAMESA;PAMESA;GRES PORCELNICO;0358403440304;;SOLID;ESSEN;CEMENTO;;POLIVALENTE;BASE;BASE;MATE RECTIFICADO;VARIACION MODERADA;NO;SI;;;;CLASE 1;R10;C;GRUPO BIa;UGL No esmaltado;;;NO;;1600-2400 N - 35-45 N/mm2;1;035.840.0344.00304;60X120 PB;CATLOGO PAMESA;;;60;60;9;3600;60x60;ES.ESSEN;ASH;https://www.pamesa.com/ERP/4.0/empresas/151/045/imagenes/t00010602/0358403440304.jpg
17;785;2;304;0177850020304;SI;REC.GLASS;60x60N(20mm) ES.ESSEN GRIS;A;SI;SI;0.0000;2CM01;PAMESA;PAMESA;F/30/02;8429991954383;;8429991773199;M2;2;0.72;30;21.60;28.50;875.00;120.00;80.00;73.50;;20.00;26/07/2024;PAMESA;PAMESA;GRES PORCELNICO;0177850020304;;SOLID;ESSEN;PIEDRA;;PAVIMENTO;BASE;BASE;MATE RECTIFICADO;VARIACION MODERADA;NO;NO;NO;;;CLASE 3;R11;C;GRUPO BIa;GL Esmaltado;;36 Low;NO;0.42;>8000 N - 35-45 N/mm2;1;017.785.0002.00304;60X60N(20MM);CATLOGO PAMESA;;;60;60;20;3600;60x60;ES.ESSEN;GRIS;https://www.pamesa.com/ERP/4.0/empresas/151/045/imagenes/t00010602/0177850020304.jpg
35;840;2;304;0358400020304;SI;REC.PEDRA;60x60 ES.ESSEN GRIS;A;SI;SI;21.7500;SOL12;PAMESA;PAMESA;F/30/04 9MM;8429991403447;;8429991773236;M2;4;1.44;30;43.20;29.75;912.50;120.00;80.00;73.50;;9.00;01/10/2018;PAMESA;PAMESA;GRES PORCELNICO;0358400020304;;SOLID;ESSEN;CEMENTO;;POLIVALENTE;BASE;BASE;MATE RECTIFICADO;VARIACION MODERADA;NO;SI;;;;CLASE 1;R10;C;GRUPO BIa;UGL No esmaltado;;;NO;;1600-2400 N - 35-45 N/mm2;1;035.840.0002.00304;36x80;CATLOGO PAMESA;;;60;60;9;3600;60x60;ES.ESSEN;GRIS;https://www.pamesa.com/ERP/4.0/empresas/151/045/imagenes/t00010602/0358400020304.jpg
17;785;119;304;0177851190304;SI;REC.GLASS;60x60N(20mm) ES.ESSEN SAND;A;SI;SI;0.0000;2CM01;PAMESA;PAMESA;F/30/02;8429991954390;;8429991773199;M2;2;0.72;30;21.60;28.50;875.00;120.00;80.00;73.50;;20.00;26/07/2024;PAMESA;PAMESA;GRES PORCELNICO;0177851190304;;SOLID;ESSEN;PIEDRA;;PAVIMENTO;BASE;BASE;MATE RECTIFICADO;VARIACION MODERADA;NO;NO;NO;;;CLASE 3;R11;C;GRUPO BIa;GL Esmaltado;;36 Low;NO;0.42;>8000 N - 35-45 N/mm2;1;017.785.0119.00304;60X120(n);CATLOGO PAMESA;;;60;60;20;3600;60x60;ES.ESSEN;SAND;https://www.pamesa.com/ERP/4.0/empresas/151/045/imagenes/t00010602/0177851190304.jpg
35;840;119;304;0358401190304;SI;REC.PEDRA;60x60 ES.ESSEN SAND;A;SI;SI;21.7500;SOL12;PAMESA;PAMESA;F/30/04 9MM;8429991403454;;8429991773236;M2;4;1.44;30;43.20;29.75;912.50;120.00;80.00;73.50;;9.00;01/10/2018;PAMESA;PAMESA;GRES PORCELNICO;0358401190304;;SOLID;ESSEN;CEMENTO;;POLIVALENTE;BASE;BASE;MATE RECTIFICADO;VARIACION MODERADA;NO;SI;;;;CLASE 1;R10;C;GRUPO BIa;UGL No esmaltado;;;NO;;1600-2400 N - 35-45 N/mm2;1;035.840.0119.00304;30X90PBCA;CATLOGO PAMESA;;;60;60;9;3600;60x60;ES.ESSEN;SAND;https://www.pamesa.com/ERP/4.0/empresas/151/045/imagenes/t00010602/0358401190304.jpg
35;840;297;304;0358402970304;SI;REC.PEDRA;60x60 ES.ESSEN TORTORA;A;SI;SI;21.7500;SOL12;PAMESA;PAMESA;F/30/04 9MM;8429991403485;;8429991773236;M2;4;1.44;30;43.20;29.75;912.50;120.00;80.00;73.50;;9.00;01/10/2018;PAMESA;PAMESA;GRES PORCELNICO;0358402970304;;SOLID;ESSEN;CEMENTO;;POLIVALENTE;BASE;BASE;MATE RECTIFICADO;VARIACION MODERADA;NO;SI;;;;CLASE 1;R10;C;GRUPO BIa;UGL No esmaltado;;;NO;;1600-2400 N - 35-45 N/mm2;1;035.840.0297.00304;40X120;CATLOGO PAMESA;;;60;60;9;3600;60x60;ES.ESSEN;TORTORA;https://www.pamesa.com/ERP/4.0/empresas/151/045/imagenes/t00010602/0358402970304.jpg
35;840;139;304;0358401390304;SI;REC.PEDRA;60x60 ES.ESSEN ZIRCON;A;SI;SI;21.7500;SOL12;PAMESA;PAMESA;F/30/04 9MM;8429991403461;;8429991773236;M2;4;1.44;30;43.20;29.75;912.50;120.00;80.00;73.50;;9.00;01/10/2018;PAMESA;PAMESA;GRES PORCELNICO;0358401390304;;SOLID;ESSEN;CEMENTO;;POLIVALENTE;BASE;BASE;MATE RECTIFICADO;VARIACION MODERADA;NO;SI;;;;CLASE 1;R10;C;GRUPO BIa;UGL No esmaltado;;;NO;;1600-2400 N - 35-45 N/mm2;1;035.840.0139.00304;30X90PBCA;CATLOGO PAMESA;;;60;60;9;3600;60x60;ES.ESSEN;ZIRCON;https://www.pamesa.com/ERP/4.0/empresas/151/045/imagenes/t00010602/0358401390304.jpg
35;840;344;13629;0358400020597;SI;REC.PEDRA;60x60 EXT.ESSEN ASH;A;SI;SI;23.0000;SOL13;PAM-ADZ.PAMESA;PAMESA;F/30/04 9MM;8429991838171;;8429991773236;M2;4;1.44;30;43.20;29.75;912.50;120.00;80.00;73.50;;9.00;05/07/2023;PAMESA;PAMESA;GRES PORCELNICO;0358400020597;;SOLID;ESSEN;CEMENTO;;ANTIDESLIZANTE;;BASE;MATE RECTIFICADO;;NO;NO;;;;CLASE 3;R11;C;GRUPO BIa;UGL No esmaltado;;36 Low;NO;0.42;1600-2400 N - 35-45 N/mm2;1;035.840.0344.13629;60X120 PB;CATLOGO PAMESA;;;60;60;9;3600;60x60;EXT.ESSEN;ASH;https://www.pamesa.com/ERP/4.0/empresas/151/045/imagenes/t00010602/0358400020597.jpg
35;840;2;13629;0358400020595;SI;REC.PEDRA;60x60 EXT.ESSEN GRIS;A;SI;SI;23.0000;SOL13;PAM-ADZ.PAMESA;PAMESA;F/30/04 9MM;8429991838157;;8429991773236;M2;4;1.44;30;43.20;29.75;912.50;120.00;80.00;73.50;;9.00;05/07/2023;PAMESA;PAMESA;GRES PORCELNICO;0358400020595;;SOLID;ESSEN;CEMENTO;;ANTIDESLIZANTE;;BASE;MATE RECTIFICADO;;NO;NO;;;;CLASE 3;R11;C;GRUPO BIa;UGL No esmaltado;;36 Low;NO;0.42;1600-2400 N - 35-45 N/mm2;1;035.840.0002.13629;30X90PBCA;CATLOGO PAMESA;;;60;60;9;3600;60x60;EXT.ESSEN;GRIS;https://www.pamesa.com/ERP/4.0/empresas/151/045/imagenes/t00010602/0358400020595.jpg
35;840;119;13629;0358400020596;SI;REC.PEDRA;60x60 EXT.ESSEN SAND;A;SI;SI;23.0000;SOL13;PAM-ADZ.PAMESA;PAMESA;F/30/04 9MM;8429991838164;;8429991773236;M2;4;1.44;30;43.20;29.75;912.50;120.00;80.00;73.50;;9.00;05/07/2023;PAMESA;PAMESA;GRES PORCELNICO;0358400020596;;SOLID;ESSEN;CEMENTO;;ANTIDESLIZANTE;;BASE;MATE RECTIFICADO;;NO;NO;;;;CLASE 3;R11;C;GRUPO BIa;UGL No esmaltado;;36 Low;NO;0.42;1600-2400 N - 35-45 N/mm2;1;035.840.0119.13629;30X90PBCA;CATLOGO PAMESA;;;60;60;9;3600;60x60;EXT.ESSEN;SAND;https://www.pamesa.com/ERP/4.0/empresas/151/045/imagenes/t00010602/0358400020596.jpg
11;302;344;304;0113023440304;SI;C/N PEDRA;45x45 ES.ESSEN ASH;A;SI;SI;19.0000;SOL02;PAMESA;PAMESA;F/52/06;8429991420406;;8429991773229;M2;6;1.22;52;63.44;26.20;1,382.40;120.00;80.00;105.00;;;15/01/2019;PAMESA;ESSENTIAL;GRES PORCELNICO;0113023440304;;SOLID;ESSEN;CEMENTO;;POLIVALENTE;;BASE;MATE;VARIACION MODERADA;;SI;;19;;CLASE 1;R10;C;GRUPO BIa;UGL No esmaltado;;;SI;;1600-2400 N - 35-45 N/mm2;1;011.302.0344.00304;120X120;CATLOGO PAMESA;;;45;45;9,5;2025;45x45;ES.ESSEN;ASH;https://www.pamesa.com/ERP/4.0/empresas/151/045/imagenes/t00010602/0113023440304.jpg
11;302;2;304;0113020020304;SI;C/N PEDRA;45x45 ES.ESSEN GRIS;A;SI;SI;19.0000;SOL02;PAMESA;PAMESA;F/52/06;8429991419660;;8429991773229;M2;6;1.22;52;63.44;26.20;1,382.40;120.00;80.00;105.00;;;15/01/2019;PAMESA;ESSENTIAL;GRES PORCELNICO;0113020020304;;SOLID;ESSEN;CEMENTO;;POLIVALENTE;;BASE;MATE;VARIACION MODERADA;;SI;;19;;CLASE 1;R10;C;GRUPO BIa;UGL No esmaltado;;;SI;;1600-2400 N - 35-45 N/mm2;1;011.302.0002.00304;30x30(7)Malla;CATLOGO PAMESA;;;45;45;9,5;2025;45x45;ES.ESSEN;GRIS;https://www.pamesa.com/ERP/4.0/empresas/151/045/imagenes/t00010602/0113020020304.jpg
11;302;119;304;0113021190304;SI;C/N PEDRA;45x45 ES.ESSEN SAND;A;SI;SI;19.0000;SOL02;PAMESA;PAMESA;F/52/06;8429991420376;;8429991773229;M2;6;1.22;52;63.44;26.20;1,382.40;120.00;80.00;105.00;;;15/01/2019;PAMESA;ESSENTIAL;GRES PORCELNICO;0113021190304;;SOLID;ESSEN;CEMENTO;;POLIVALENTE;;BASE;MATE;VARIACION MODERADA;;SI;;19;;CLASE 1;R10;C;GRUPO BIa;UGL No esmaltado;;;SI;;1600-2400 N - 35-45 N/mm2;1;011.302.0119.00304;30x30(7)Malla;CATLOGO PAMESA;;;45;45;9,5;2025;45x45;ES.ESSEN;SAND;https://www.pamesa.com/ERP/4.0/empresas/151/045/imagenes/t00010602/0113021190304.jpg
11;302;297;304;0113022970304;SI;C/N PEDRA;45x45 ES.ESSEN TORTORA;A;SI;SI;19.0000;SOL02;PAMESA;PAMESA;F/52/06;8429991420390;;8429991773229;M2;6;1.22;52;63.44;26.20;1,382.40;120.00;80.00;105.00;;;15/01/2019;PAMESA;ESSENTIAL;GRES PORCELNICO;0113022970304;;SOLID;ESSEN;CEMENTO;;POLIVALENTE;;BASE;MATE;VARIACION MODERADA;;SI;;19;;CLASE 1;R10;C;GRUPO BIa;UGL No esmaltado;;;SI;;1600-2400 N - 35-45 N/mm2;1;011.302.0297.00304;120X120;CATLOGO PAMESA;;;45;45;9,5;2025;45x45;ES.ESSEN;TORTORA;https://www.pamesa.com/ERP/4.0/empresas/151/045/imagenes/t00010602/0113022970304.jpg
11;302;139;304;0113021390304;SI;C/N PEDRA;45x45 ES.ESSEN ZIRCON;A;SI;SI;19.0000;SOL02;PAMESA;PAMESA;F/52/06;8429991420383;;8429991773229;M2;6;1.22;52;63.44;26.20;1,382.40;120.00;80.00;105.00;;;15/01/2019;PAMESA;ESSENTIAL;GRES PORCELNICO;0113021390304;;SOLID;ESSEN;CEMENTO;;POLIVALENTE;;BASE;MATE;VARIACION MODERADA;;SI;;19;;CLASE 1;R10;C;GRUPO BIa;UGL No esmaltado;;;SI;;1600-2400 N - 35-45 N/mm2;1;011.302.0139.00304;30x30(7)Malla;CATLOGO PAMESA;;;45;45;9,5;2025;45x45;ES.ESSEN;ZIRCON;https://www.pamesa.com/ERP/4.0/empresas/151/045/imagenes/t00010602/0113021390304.jpg
21;590;344;304;0215903440304;SI;PZ ESP.PEDRA;30x30(7)Malla ES.ESSEN ASH;A;SI;SI;57.7500;MOS7;PAMESA;PAMESA;E/42/11;8429991549466;;;M2;11;1.00;42;42.00;23.10;990.20;120.00;80.00;;;;01/03/2018;PAMESA;ESSENTIAL;GRES PORCELNICO;0215903440304;;SOLID;ESSEN;CEMENTO;;POLIVALENTE;MALLA;;MATE RECTIFICADO;VARIACION MODERADA;;SI;;;;CLASE 1;;;GRUPO BIa;UGL No esmaltado;;;NO;;1600-2400 N - 35-45 N/mm2;1;021.590.0344.00304;60x60;CATLOGO PAMESA;;;30;30;0;900;30x30;ES.ESSEN;ASH;https://www.pamesa.com/ERP/4.0/empresas/151/045/imagenes/t00010602/0215903440304.jpg
21;590;2;304;0215900020304;SI;PZ ESP.PEDRA;30x30(7)Malla ES.ESSEN GRIS;A;SI;SI;57.7500;MOS7;PAMESA;PAMESA;E/42/11;8429991549091;;;M2;11;1.00;42;42.00;23.10;990.20;120.00;80.00;;;;01/03/2018;PAMESA;ESSENTIAL;GRES PORCELNICO;0215900020304;;SOLID;ESSEN;CEMENTO;;POLIVALENTE;MALLA;;MATE RECTIFICADO;VARIACION MODERADA;;SI;;;;CLASE 1;;;GRUPO BIa;UGL No esmaltado;;;NO;;1600-2400 N - 35-45 N/mm2;1;021.590.0002.00304;120X120;CATLOGO PAMESA;;;30;30;0;900;30x30;ES.ESSEN;GRIS;https://www.pamesa.com/ERP/4.0/empresas/151/045/imagenes/t00010602/0215900020304.jpg
21;590;119;304;0215901190304;SI;PZ ESP.PEDRA;30x30(7)Malla ES.ESSEN SAND;A;SI;SI;57.7500;MOS7;PAMESA;PAMESA;E/42/11;8429991549275;;;M2;11;1.00;42;42.00;23.10;990.20;120.00;80.00;;;;01/03/2018;PAMESA;ESSENTIAL;GRES PORCELNICO;0215901190304;;SOLID;ESSEN;CEMENTO;;POLIVALENTE;MALLA;;MATE RECTIFICADO;VARIACION MODERADA;;SI;;;;CLASE 1;;;GRUPO BIa;UGL No esmaltado;;;NO;;1600-2400 N - 35-45 N/mm2;1;021.590.0119.00304;90X90(N);CATLOGO PAMESA;;;30;30;0;900;30x30;ES.ESSEN;SAND;https://www.pamesa.com/ERP/4.0/empresas/151/045/imagenes/t00010602/0215901190304.jpg
21;590;297;304;0215902970304;SI;PZ ESP.PEDRA;30x30(7)Malla ES.ESSEN TORTORA;A;SI;SI;57.7500;MOS7;PAMESA;PAMESA;E/42/11;8429991549442;;;M2;11;1.00;42;42.00;23.10;990.20;120.00;80.00;;;;01/03/2018;PAMESA;ESSENTIAL;GRES PORCELNICO;0215902970304;;SOLID;ESSEN;CEMENTO;;POLIVALENTE;MALLA;;MATE RECTIFICADO;VARIACION MODERADA;;SI;;;;CLASE 1;;;GRUPO BIa;UGL No esmaltado;;;NO;;1600-2400 N - 35-45 N/mm2;1;021.590.0297.00304;60X120(n);CATLOGO PAMESA;;;30;30;0;900;30x30;ES.ESSEN;TORTORA;https://www.pamesa.com/ERP/4.0/empresas/151/045/imagenes/t00010602/0215902970304.jpg
21;590;139;304;0215901390304;SI;PZ ESP.PEDRA;30x30(7)Malla ES.ESSEN ZIRCON;A;SI;SI;57.7500;MOS7;PAMESA;PAMESA;E/42/11;8429991549299;;;M2;11;1.00;42;42.00;23.10;990.20;120.00;80.00;;;;01/03/2018;PAMESA;ESSENTIAL;GRES PORCELNICO;0215901390304;;SOLID;ESSEN;CEMENTO;;POLIVALENTE;MALLA;;MATE RECTIFICADO;VARIACION MODERADA;;SI;;;;CLASE 1;;;GRUPO BIa;UGL No esmaltado;;;NO;;1600-2400 N - 35-45 N/mm2;1;021.590.0139.00304;90X90(N);CATLOGO PAMESA;;;30;30;0;900;30x30;ES.ESSEN;ZIRCON;https://www.pamesa.com/ERP/4.0/empresas/151/045/imagenes/t00010602/0215901390304.jpg
17;350;150;10433;0173500011286;SI;REC.GLASS;75x150 ESSENZA BIANCO;A;SI;SI;36.7500;SOL32;PAMESA;PAMESA;1/40/01;8429991772376;;8429991773199;M2;1;1.13;40;45.20;28.00;1,184.00;93.00;153.00;74.00;4;10.50;17/10/2022;PAMESA;PAMESA;GRES PORCELNICO;0173500011286;;SOLID;ESSENZA;BASICO;;POLIVALENTE;BASE;BASE;MATE RECTIFICADO;ASPECTO UNIFORME;NO;NO;NO;;;CLASE 1;R10;B;GRUPO BIa;GL Esmaltado;;36 Low;NO;;1600-2400 N - 35-45 N/mm2;1;017.350.0150.10433;30x30(7)Malla;CATLOGO PAMESA;;;75;150;10,5;11250;75x150;ESSENZA;BIANCO;https://www.pamesa.com/ERP/4.0/empresas/151/045/imagenes/t00010602/0173500011286.jpg
17;350;215;10433;0173500011280;SI;REC.GLASS;75x150 ESSENZA NERO;A;SI;SI;36.7500;SOL32;PAMESA;PAMESA;1/40/01;8429991772383;;8429991773199;M2;1;1.13;40;45.20;28.00;1,184.00;93.00;153.00;74.00;4;10.50;17/10/2022;PAMESA;PAMESA;GRES PORCELNICO;0173500011280;;SOLID;ESSENZA;BASICO;;POLIVALENTE;BASE;BASE;MATE RECTIFICADO;ASPECTO UNIFORME;NO;NO;NO;;;CLASE 1;R10;B;GRUPO BIa;GL Esmaltado;;36 Low;NO;;1600-2400 N - 35-45 N/mm2;1;017.350.0215.10433;60X120 RF;CATLOGO PAMESA;;;75;150;10,5;11250;75x150;ESSENZA;NERO;https://www.pamesa.com/ERP/4.0/empresas/151/045/imagenes/t00010602/0173500011280.jpg
17;250;7;10433;0172500041893;SI;REC.GLASS;60x120(n) ESSENZA BEIGE;A;SI;SI;0.0000;SOL23;PAMESA;PAMESA;L/36/02 RF;8429991194031;;8429991773199;M2;2;1.44;36;51.84;28.62;1,055.32;122.00;84.00;73.50;;;11/11/2025;PAMESA;PAMESA;GRES PORCELNICO;0172500041893;;SOLID;ESSENZA;BASICO;;POLIVALENTE;BASE;BASE;MATE RECTIFICADO;ASPECTO UNIFORME;;NO;;;;CLASE 1;R10;B;GRUPO BIa;GL Esmaltado;;36 Low;NO;;1600-2400 N - 35-45 N/mm2;1;017.250.0007.10433;120X120;CATLOGO PAMESA;;;60;120;9;7200;60x120;ESSENZA;BEIGE;https://www.pamesa.com/ERP/4.0/empresas/151/045/imagenes/t00010602/0172500041893.jpg
17;869;7;10433;0178690011815;SI;REC.GLASS;60x120 ESSENZA BEIGE;A;SI;SI;32.2500;SOL25;PAMESA;PAMESA;L/32/02;8429991674892;;8429991773199;M2;2;1.44;32;46.08;34.25;1,121.00;122.00;84.00;75.00;;10.50;26/10/2021;PAMESA;PAMESA;GRES PORCELNICO;0178690011815;;SOLID;ESSENZA;BASICO;;POLIVALENTE;BASE;BASE;MATE RECTIFICADO;ASPECTO UNIFORME;NO;NO;;;;CLASE 1;R10;B;GRUPO BIa;GL Esmaltado;;36 Low;NO;;1600-2400 N - 35-45 N/mm2;1;017.869.0007.10433;120X280(6MM);CATLOGO PAMESA;;;60;120;10,5;7200;60x120;ESSENZA;BEIGE;https://www.pamesa.com/ERP/4.0/empresas/151/045/imagenes/t00010602/0178690011815.jpg
17;250;150;10433;0172500041895;SI;REC.GLASS;60x120(n) ESSENZA BIANCO;A;SI;SI;0.0000;SOL23;PAMESA;PAMESA;L/36/02 RF;8429991194055;;8429991773199;M2;2;1.44;36;51.84;28.62;1,055.32;122.00;84.00;73.50;;;11/11/2025;PAMESA;PAMESA;GRES PORCELNICO;0172500041895;;SOLID;ESSENZA;BASICO;;POLIVALENTE;BASE;BASE;MATE RECTIFICADO;ASPECTO UNIFORME;;NO;;;;CLASE 1;R10;B;GRUPO BIa;GL Esmaltado;;36 Low;NO;;1600-2400 N - 35-45 N/mm2;1;017.250.0150.10433;120X280(6MM);CATLOGO PAMESA;;;60;120;9;7200;60x120;ESSENZA;BIANCO;https://www.pamesa.com/ERP/4.0/empresas/151/045/imagenes/t00010602/0172500041895.jpg
17;869;150;10433;0178690011286;SI;REC.GLASS;60x120 ESSENZA BIANCO;A;SI;SI;32.2500;SOL25;PAMESA;PAMESA;L/32/02;8429991656324;;8429991773199;M2;2;1.44;32;46.08;34.25;1,121.00;122.00;84.00;75.00;;10.50;28/07/2021;PAMESA;PAMESA;GRES PORCELNICO;0178690011286;;SOLID;ESSENZA;BASICO;;POLIVALENTE;BASE;BASE;MATE RECTIFICADO;ASPECTO UNIFORME;NO;NO;;;;CLASE 1;R10;B;GRUPO BIa;GL Esmaltado;;36 Low;NO;;1600-2400 N - 35-45 N/mm2;1;017.869.0150.10433;60X120(n);CATLOGO PAMESA;;;60;120;10,5;7200;60x120;ESSENZA;BIANCO;https://www.pamesa.com/ERP/4.0/empresas/151/045/imagenes/t00010602/0178690011286.jpg
17;250;213;10433;0172500041896;SI;REC.GLASS;60x120(n) ESSENZA GRIGIO;A;SI;SI;0.0000;SOL23;PAMESA;PAMESA;L/36/02 RF;8429991194062;;8429991773199;M2;2;1.44;36;51.84;28.62;1,055.32;122.00;84.00;73.50;;;11/11/2025;PAMESA;PAMESA;GRES PORCELNICO;0172500041896;;SOLID;ESSENZA;BASICO;;POLIVALENTE;BASE;BASE;MATE RECTIFICADO;ASPECTO UNIFORME;;NO;;;;CLASE 1;R10;B;GRUPO BIa;GL Esmaltado;;36 Low;NO;;1600-2400 N - 35-45 N/mm2;1;017.250.0213.10433;60X120(n);CATLOGO PAMESA;;;60;120;9;7200;60x120;ESSENZA;GRIGIO;https://www.pamesa.com/ERP/4.0/empresas/151/045/imagenes/t00010602/0172500041896.jpg
17;869;213;10433;0178690012007;SI;REC.GLASS;60x120 ESSENZA GRIGIO;A;SI;SI;32.2500;SOL25;PAMESA;PAMESA;L/32/02;8429991674922;;8429991773199;M2;2;1.44;32;46.08;34.25;1,121.00;122.00;84.00;75.00;;10.50;26/10/2021;PAMESA;PAMESA;GRES PORCELNICO;0178690012007;;SOLID;ESSENZA;BASICO;;POLIVALENTE;BASE;BASE;MATE RECTIFICADO;ASPECTO UNIFORME;NO;NO;;;;CLASE 1;R10;B;GRUPO BIa;GL Esmaltado;;36 Low;NO;;1600-2400 N - 35-45 N/mm2;1;017.869.0213.10433;60X120 RF;CATLOGO PAMESA;;;60;120;10,5;7200;60x120;ESSENZA;GRIGIO;https://www.pamesa.com/ERP/4.0/empresas/151/045/imagenes/t00010602/0178690012007.jpg
17;250;215;10433;0172500041897;SI;REC.GLASS;60x120(n) ESSENZA NERO;A;SI;SI;0.0000;SOL23;PAMESA;PAMESA;L/36/02 RF;8429991194079;;8429991773199;M2;2;1.44;36;51.84;28.62;1,055.32;122.00;84.00;73.50;;;11/11/2025;PAMESA;PAMESA;GRES PORCELNICO;0172500041897;;SOLID;ESSENZA;BASICO;;POLIVALENTE;BASE;BASE;MATE RECTIFICADO;ASPECTO UNIFORME;;NO;;;;CLASE 1;R10;B;GRUPO BIa;GL Esmaltado;;36 Low;NO;;1600-2400 N - 35-45 N/mm2;1;017.250.0215.10433;45X90;CATLOGO PAMESA;;;60;120;9;7200;60x120;ESSENZA;NERO;https://www.pamesa.com/ERP/4.0/empresas/151/045/imagenes/t00010602/0172500041897.jpg
17;869;215;10433;0178690011280;SI;REC.GLASS;60x120 ESSENZA NERO;A;SI;SI;32.2500;SOL25;PAMESA;PAMESA;L/32/02;8429991655846;;8429991773199;M2;2;1.44;32;46.08;34.25;1,121.00;122.00;84.00;75.00;;10.50;27/07/2021;PAMESA;PAMESA;GRES PORCELNICO;0178690011280;;SOLID;ESSENZA;BASICO;;POLIVALENTE;BASE;BASE;MATE RECTIFICADO;ASPECTO UNIFORME;NO;NO;;;;CLASE 1;R10;B;GRUPO BIa;GL Esmaltado;;36 Low;NO;;1600-2400 N - 35-45 N/mm2;1;017.869.0215.10433;30X30 (5)MALLA;CATLOGO PAMESA;;;60;120;10,5;7200;60x120;ESSENZA;NERO;https://www.pamesa.com/ERP/4.0/empresas/151/045/imagenes/t00010602/0178690011280.jpg
17;250;37;10433;0172500041894;SI;REC.GLASS;60x120(n) ESSENZA PERLA;A;SI;SI;0.0000;SOL23;PAMESA;PAMESA;L/36/02 RF;8429991194048;;8429991773199;M2;2;1.44;36;51.84;28.62;1,055.32;122.00;84.00;73.50;;;11/11/2025;PAMESA;PAMESA;GRES PORCELNICO;0172500041894;;SOLID;ESSENZA;BASICO;;POLIVALENTE;BASE;BASE;MATE RECTIFICADO;ASPECTO UNIFORME;;NO;;;;CLASE 1;R10;B;GRUPO BIa;GL Esmaltado;;36 Low;NO;;1600-2400 N - 35-45 N/mm2;1;017.250.0037.10433;60x60;CATLOGO PAMESA;;;60;120;9;7200;60x120;ESSENZA;PERLA;https://www.pamesa.com/ERP/4.0/empresas/151/045/imagenes/t00010602/0172500041894.jpg
17;869;37;10433;0178690011816;SI;REC.GLASS;60x120 ESSENZA PERLA;A;SI;SI;32.2500;SOL25;PAMESA;PAMESA;L/32/02;8429991674915;;8429991773199;M2;2;1.44;32;46.08;34.25;1,121.00;122.00;84.00;75.00;;10.50;26/10/2021;PAMESA;PAMESA;GRES PORCELNICO;0178690011816;;SOLID;ESSENZA;BASICO;;POLIVALENTE;BASE;BASE;MATE RECTIFICADO;ASPECTO UNIFORME;NO;NO;;;;CLASE 1;R10;B;GRUPO BIa;GL Esmaltado;;36 Low;NO;;1600-2400 N - 35-45 N/mm2;1;017.869.0037.10433;100X100;CATLOGO PAMESA;;;60;120;10,5;7200;60x120;ESSENZA;PERLA;https://www.pamesa.com/ERP/4.0/empresas/151/045/imagenes/t00010602/0178690011816.jpg
17;250;297;10433;0172500041898;SI;REC.GLASS;60x120(n) ESSENZA TORTORA;A;SI;SI;0.0000;SOL23;PAMESA;PAMESA;L/36/02 RF;8429991194086;;8429991773199;M2;2;1.44;36;51.84;28.62;1,055.32;122.00;84.00;73.50;;;11/11/2025;PAMESA;PAMESA;GRES PORCELNICO;0172500041898;;SOLID;ESSENZA;BASICO;;POLIVALENTE;BASE;BASE;MATE RECTIFICADO;ASPECTO UNIFORME;;NO;;;;CLASE 1;R10;B;GRUPO BIa;GL Esmaltado;;36 Low;NO;;1600-2400 N - 35-45 N/mm2;1;017.250.0297.10433;45X90C(N);CATLOGO PAMESA;;;60;120;9;7200;60x120;ESSENZA;TORTORA;https://www.pamesa.com/ERP/4.0/empresas/151/045/imagenes/t00010602/0172500041898.jpg
17;869;297;10433;0178690012008;SI;REC.GLASS;60x120 ESSENZA TORTORA;A;SI;SI;32.2500;SOL25;PAMESA;PAMESA;L/32/02;8429991674939;;8429991773199;M2;2;1.44;32;46.08;34.25;1,121.00;122.00;84.00;75.00;;10.50;26/10/2021;PAMESA;PAMESA;GRES PORCELNICO;0178690012008;;SOLID;ESSENZA;BASICO;;POLIVALENTE;BASE;BASE;MATE RECTIFICADO;ASPECTO UNIFORME;NO;NO;;;;CLASE 1;R10;B;GRUPO BIa;GL Esmaltado;;36 Low;NO;;1600-2400 N - 35-45 N/mm2;1;017.869.0297.10433;60X120 RF;CATLOGO PAMESA;;;60;120;10,5;7200;60x120;ESSENZA;TORTORA;https://www.pamesa.com/ERP/4.0/empresas/151/045/imagenes/t00010602/0178690012008.jpg
17;840;7;10433;0178400011815;SI;REC.GLASS;60x60 ESSENZA BEIGE;A;SI;SI;21.7500;SOL12;PAMESA;PAMESA;F/30/04 9MM;8429991675561;;8429991773199;M2;4;1.44;30;43.20;29.75;912.50;120.00;80.00;73.50;;9.00;27/10/2021;PAMESA;PAMESA;GRES PORCELNICO;0178400011815;;SOLID;ESSENZA;BASICO;;POLIVALENTE;BASE;BASE;MATE RECTIFICADO;ASPECTO UNIFORME;NO;NO;;;;CLASE 1;R10;B;GRUPO BIa;GL Esmaltado;;36 Low;NO;;1600-2400 N - 35-45 N/mm2;1;017.840.0007.10433;30X30 (5)MALLA;CATLOGO PAMESA;;;60;60;9;3600;60x60;ESSENZA;BEIGE;https://www.pamesa.com/ERP/4.0/empresas/151/045/imagenes/t00010602/0178400011815.jpg
17;840;150;10433;0178400011286;SI;REC.GLASS;60x60 ESSENZA BIANCO;A;SI;SI;21.7500;SOL12;PAMESA;PAMESA;F/30/04 9MM;8429991656362;;8429991773199;M2;4;1.44;30;43.20;29.75;912.50;120.00;80.00;73.50;;9.00;28/07/2021;PAMESA;PAMESA;GRES PORCELNICO;0178400011286;;SOLID;ESSENZA;BASICO;;POLIVALENTE;BASE;BASE;MATE RECTIFICADO;ASPECTO UNIFORME;NO;NO;;;;CLASE 1;R10;B;GRUPO BIa;GL Esmaltado;;36 Low;NO;;1600-2400 N - 35-45 N/mm2;1;017.840.0150.10433;30x30(7)Malla;CATLOGO PAMESA;;;60;60;9;3600;60x60;ESSENZA;BIANCO;https://www.pamesa.com/ERP/4.0/empresas/151/045/imagenes/t00010602/0178400011286.jpg
17;840;213;10433;0178400012007;SI;REC.GLASS;60x60 ESSENZA GRIGIO;A;SI;SI;21.7500;SOL12;PAMESA;PAMESA;F/30/04 9MM;8429991675615;;8429991773199;M2;4;1.44;30;43.20;29.75;912.50;120.00;80.00;73.50;;9.00;27/10/2021;PAMESA;PAMESA;GRES PORCELNICO;0178400012007;;SOLID;ESSENZA;BASICO;;POLIVALENTE;BASE;BASE;MATE RECTIFICADO;ASPECTO UNIFORME;NO;NO;;;;CLASE 1;R10;B;GRUPO BIa;GL Esmaltado;;36 Low;NO;;1600-2400 N - 35-45 N/mm2;1;017.840.0213.10433;60X120(n);CATLOGO PAMESA;;;60;60;9;3600;60x60;ESSENZA;GRIGIO;https://www.pamesa.com/ERP/4.0/empresas/151/045/imagenes/t00010602/0178400012007.jpg
17;840;215;10433;0178400011280;SI;REC.GLASS;60x60 ESSENZA NERO;A;SI;SI;21.7500;SOL12;PAMESA;PAMESA;F/30/04 9MM;8429991656379;;8429991773199;M2;4;1.44;30;43.20;29.75;912.50;120.00;80.00;73.50;;9.00;28/07/2021;PAMESA;PAMESA;GRES PORCELNICO;0178400011280;;SOLID;ESSENZA;BASICO;;POLIVALENTE;BASE;BASE;MATE RECTIFICADO;ASPECTO UNIFORME;NO;NO;;0;;CLASE 1;R10;B;GRUPO BIa;GL Esmaltado;;36 Low;NO;;1600-2400 N - 35-45 N/mm2;1;017.840.0215.10433;60X120(n);CATLOGO PAMESA;;;60;60;9;3600;60x60;ESSENZA;NERO;https://www.pamesa.com/ERP/4.0/empresas/151/045/imagenes/t00010602/0178400011280.jpg
17;840;37;10433;0178400011816;SI;REC.GLASS;60x60 ESSENZA PERLA;A;SI;SI;21.7500;SOL12;PAMESA;PAMESA;F/30/04 9MM;8429991675608;;8429991773199;M2;4;1.44;30;43.20;29.75;912.50;120.00;80.00;73.50;;9.00;27/10/2021;PAMESA;PAMESA;GRES PORCELNICO;0178400011816;;SOLID;ESSENZA;BASICO;;POLIVALENTE;BASE;BASE;MATE RECTIFICADO;ASPECTO UNIFORME;NO;NO;;;;CLASE 1;R10;B;GRUPO BIa;GL Esmaltado;;36 Low;NO;;1600-2400 N - 35-45 N/mm2;1;017.840.0037.10433;60X90(N)20MM;CATLOGO PAMESA;;;60;60;9;3600;60x60;ESSENZA;PERLA;https://www.pamesa.com/ERP/4.0/empresas/151/045/imagenes/t00010602/0178400011816.jpg
17;840;297;10433;0178400012008;SI;REC.GLASS;60x60 ESSENZA TORTORA;A;SI;SI;21.7500;SOL12;PAMESA;PAMESA;F/30/04 9MM;8429991675622;;8429991773199;M2;4;1.44;30;43.20;29.75;912.50;120.00;80.00;73.50;;9.00;27/10/2021;PAMESA;PAMESA;GRES PORCELNICO;0178400012008;;SOLID;ESSENZA;BASICO;;POLIVALENTE;BASE;BASE;MATE RECTIFICADO;ASPECTO UNIFORME;NO;NO;;;;CLASE 1;R10;B;GRUPO BIa;GL Esmaltado;;36 Low;NO;;1600-2400 N - 35-45 N/mm2;1;017.840.0297.10433;60X120(n);CATLOGO PAMESA;;;60;60;9;3600;60x60;ESSENZA;TORTORA;https://www.pamesa.com/ERP/4.0/empresas/151/045/imagenes/t00010602/0178400012008.jpg
17;450;7;10433;0174500011815;SI;REC.GLASS;30x60 (C) ESSENZA BEIGE;A;SI;SI;21.7500;SOL06;PAMESA;PAMESA;F/48/06 9MM;8429991675547;;8429991773199;M2;6;1.08;48;51.84;22.63;1,106.24;120.00;80.00;74.00;;9.00;27/10/2021;PAMESA;PAMESA;GRES PORCELNICO;0174500011815;;SOLID;ESSENZA;BASICO;;POLIVALENTE;BASE;BASE;MATE RECTIFICADO;ASPECTO UNIFORME;NO;NO;;;;CLASE 1;R10;B;GRUPO BIa;GL Esmaltado;;36 Low;NO;;1600-2400 N - 35-45 N/mm2;1;017.450.0007.10433;60X120 RF;CATLOGO PAMESA;;;30;60;9,5;1800;30x60;ESSENZA;BEIGE;https://www.pamesa.com/ERP/4.0/empresas/151/045/imagenes/t00010602/0174500011815.jpg
17;450;150;10433;0174500011286;SI;REC.GLASS;30x60 (C) ESSENZA BIANCO;A;SI;SI;21.7500;SOL06;PAMESA;PAMESA;F/48/06 9MM;8429991656522;;8429991773199;M2;6;1.08;48;51.84;22.63;1,106.24;120.00;80.00;74.00;;9.00;29/07/2021;PAMESA;PAMESA;GRES PORCELNICO;0174500011286;;SOLID;ESSENZA;BASICO;;POLIVALENTE;BASE;BASE;MATE RECTIFICADO;ASPECTO UNIFORME;NO;NO;;;;CLASE 1;R10;B;GRUPO BIa;GL Esmaltado;;36 Low;NO;;1600-2400 N - 35-45 N/mm2;1;017.450.0150.10433;90X90(N);CATLOGO PAMESA;;;30;60;9,5;1800;30x60;ESSENZA;BIANCO;https://www.pamesa.com/ERP/4.0/empresas/151/045/imagenes/t00010602/0174500011286.jpg
17;450;213;10433;0174500012007;SI;REC.GLASS;30x60 (C) ESSENZA GRIGIO;A;SI;SI;21.7500;SOL06;PAMESA;PAMESA;F/48/06 9MM;8429991675585;;8429991773199;M2;6;1.08;48;51.84;22.63;1,106.24;120.00;80.00;74.00;;9.00;27/10/2021;PAMESA;PAMESA;GRES PORCELNICO;0174500012007;;SOLID;ESSENZA;BASICO;;POLIVALENTE;BASE;BASE;MATE RECTIFICADO;ASPECTO UNIFORME;NO;NO;;;;CLASE 1;R10;B;GRUPO BIa;GL Esmaltado;;36 Low;NO;;1600-2400 N - 35-45 N/mm2;1;017.450.0213.10433;60X120(n);CATLOGO PAMESA;;;30;60;9,5;1800;30x60;ESSENZA;GRIGIO;https://www.pamesa.com/ERP/4.0/empresas/151/045/imagenes/t00010602/0174500012007.jpg
17;450;215;10433;0174500011280;SI;REC.GLASS;30x60 (C) ESSENZA NERO;A;SI;SI;21.7500;SOL06;PAMESA;PAMESA;F/48/06 9MM;8429991656539;;8429991773199;M2;6;1.08;48;51.84;22.63;1,106.24;120.00;80.00;74.00;;9.00;29/07/2021;PAMESA;PAMESA;GRES PORCELNICO;0174500011280;;SOLID;ESSENZA;BASICO;;POLIVALENTE;BASE;BASE;MATE RECTIFICADO;ASPECTO UNIFORME;NO;NO;;0;;CLASE 1;R10;B;GRUPO BIa;GL Esmaltado;;36 Low;NO;;1600-2400 N - 35-45 N/mm2;1;017.450.0215.10433;60X120 RF;CATLOGO PAMESA;;;30;60;9,5;1800;30x60;ESSENZA;NERO;https://www.pamesa.com/ERP/4.0/empresas/151/045/imagenes/t00010602/0174500011280.jpg
17;450;37;10433;0174500011816;SI;REC.GLASS;30x60 (C) ESSENZA PERLA;A;SI;SI;21.7500;SOL06;PAMESA;PAMESA;F/48/06 9MM;8429991675578;;8429991773199;M2;6;1.08;48;51.84;22.63;1,106.24;120.00;80.00;74.00;;9.00;27/10/2021;PAMESA;PAMESA;GRES PORCELNICO;0174500011816;;SOLID;ESSENZA;BASICO;;POLIVALENTE;BASE;BASE;MATE RECTIFICADO;ASPECTO UNIFORME;NO;NO;;;;CLASE 1;R10;B;GRUPO BIa;GL Esmaltado;;36 Low;NO;;1600-2400 N - 35-45 N/mm2;1;017.450.0037.10433;120X120;CATLOGO PAMESA;;;30;60;9,5;1800;30x60;ESSENZA;PERLA;https://www.pamesa.com/ERP/4.0/empresas/151/045/imagenes/t00010602/0174500011816.jpg
17;450;297;10433;0174500012008;SI;REC.GLASS;30x60 (C) ESSENZA TORTORA;A;SI;SI;21.7500;SOL06;PAMESA;PAMESA;F/48/06 9MM;8429991675592;;8429991773199;M2;6;1.08;48;51.84;22.63;1,106.24;120.00;80.00;74.00;;9.00;27/10/2021;PAMESA;PAMESA;GRES PORCELNICO;0174500012008;;SOLID;ESSENZA;BASICO;;POLIVALENTE;BASE;BASE;MATE RECTIFICADO;ASPECTO UNIFORME;NO;NO;;;;CLASE 1;R10;B;GRUPO BIa;GL Esmaltado;;36 Low;NO;;1600-2400 N - 35-45 N/mm2;1;017.450.0297.10433;60x60;CATLOGO PAMESA;;;30;60;9,5;1800;30x60;ESSENZA;TORTORA;https://www.pamesa.com/ERP/4.0/empresas/151/045/imagenes/t00010602/0174500012008.jpg
25;590;7;10433;0255900011815;SI;PZ.ESP COM-GLAS;30x30(7)Malla ESSENZA BEIGE;A;SI;SI;57.7500;MOS7;PAMESA;PAMESA;E/42/11;8429991706685;;;M2;11;1.00;42;42.00;23.10;990.20;120.00;80.00;;;;27/01/2022;PAMESA;PAMESA;GRES PORCELNICO;0255900011815;;SOLID;ESSENZA;BASICO;;POLIVALENTE;MALLA;;MATE RECTIFICADO;ASPECTO UNIFORME;NO;NO;;;;CLASE 1;;;GRUPO BIa;GL Esmaltado;;;NO;;;1;025.590.0007.10433;60x60;CATLOGO PAMESA;;;30;30;0;900;30x30;ESSENZA;BEIGE;https://www.pamesa.com/ERP/4.0/empresas/151/045/imagenes/t00010602/0255900011815.jpg
25;590;150;10433;0255900011286;SI;PZ.ESP COM-GLAS;30x30(7)Malla ESSENZA BIANCO;A;SI;SI;57.7500;MOS7;PAMESA;PAMESA;E/42/11;8429991706708;;;M2;11;1.00;42;42.00;23.10;990.20;120.00;80.00;;;;27/01/2022;PAMESA;PAMESA;GRES PORCELNICO;0255900011286;;SOLID;ESSENZA;BASICO;;POLIVALENTE;MALLA;;MATE RECTIFICADO;ASPECTO UNIFORME;NO;NO;;;;CLASE 1;;;GRUPO BIa;GL Esmaltado;;;NO;;;1;025.590.0150.10433;90X90(N);CATLOGO PAMESA;;;30;30;0;900;30x30;ESSENZA;BIANCO;https://www.pamesa.com/ERP/4.0/empresas/151/045/imagenes/t00010602/0255900011286.jpg
51;590;150;10433;0515900011286;SI;PZ.ESP.LUXGLASS;30x30(7)Malla ESSENZA BIANCO;A;SI;SI;57.7500;MOS7;PAMESA;PAMESA;E/42/11;8429991706746;;;M2;11;1.00;42;42.00;23.10;990.20;120.00;80.00;;;;27/01/2022;PAMESA;PAMESA;GRES PORCELNICO;0515900011286;;SOLID;ESSENZA;BASICO;;POLIVALENTE;MALLA;MOSAICO;LAPATTO;ASPECTO UNIFORME;NO;NO;NO;;;CLASE 0;;;GRUPO BIa;GL Esmaltado;;;NO;;;1;051.590.0150.10433;20x120 (n);CATLOGO PAMESA;;;30;30;0;900;30x30;ESSENZA;BIANCO;https://www.pamesa.com/ERP/4.0/empresas/151/045/imagenes/t00010602/0515900011286.jpg
25;590;213;10433;0255900012007;SI;PZ.ESP COM-GLAS;30x30(7)Malla ESSENZA GRIGIO;A;SI;SI;57.7500;MOS7;PAMESA;PAMESA;E/42/11;8429991706715;;;M2;11;1.00;42;42.00;23.10;990.20;120.00;80.00;;;;27/01/2022;PAMESA;PAMESA;GRES PORCELNICO;0255900012007;;SOLID;ESSENZA;BASICO;;POLIVALENTE;MALLA;;MATE RECTIFICADO;ASPECTO UNIFORME;NO;NO;;;;CLASE 1;;;GRUPO BIa;GL Esmaltado;;;NO;;;1;025.590.0213.10433;30x60 (C);CATLOGO PAMESA;;;30;30;0;900;30x30;ESSENZA;GRIGIO;https://www.pamesa.com/ERP/4.0/empresas/151/045/imagenes/t00010602/0255900012007.jpg
25;590;215;10433;0255900011280;SI;PZ.ESP COM-GLAS;30x30(7)Malla ESSENZA NERO;A;SI;SI;57.7500;MOS7;PAMESA;PAMESA;E/42/11;8429991706722;;;M2;11;1.00;42;42.00;23.10;990.20;120.00;80.00;;;;27/01/2022;PAMESA;PAMESA;GRES PORCELNICO;0255900011280;;SOLID;ESSENZA;BASICO;;POLIVALENTE;MALLA;;MATE RECTIFICADO;ASPECTO UNIFORME;NO;NO;;;;CLASE 1;;;GRUPO BIa;GL Esmaltado;;;NO;;;1;025.590.0215.10433;30x60 (C);CATLOGO PAMESA;;;30;30;0;900;30x30;ESSENZA;NERO;https://www.pamesa.com/ERP/4.0/empresas/151/045/imagenes/t00010602/0255900011280.jpg
25;590;37;10433;0255900011816;SI;PZ.ESP COM-GLAS;30x30(7)Malla ESSENZA PERLA;A;SI;SI;57.7500;MOS7;PAMESA;PAMESA;E/42/11;8429991706692;;;M2;11;1.00;42;42.00;23.10;990.20;120.00;80.00;;;;27/01/2022;PAMESA;PAMESA;GRES PORCELNICO;0255900011816;;SOLID;ESSENZA;BASICO;;POLIVALENTE;MALLA;;MATE RECTIFICADO;ASPECTO UNIFORME;NO;NO;;;;CLASE 1;;;GRUPO BIa;GL Esmaltado;;;NO;;;1;025.590.0037.10433;60x60;CATLOGO PAMESA;;;30;30;0;900;30x30;ESSENZA;PERLA;https://www.pamesa.com/ERP/4.0/empresas/151/045/imagenes/t00010602/0255900011816.jpg
25;590;297;10433;0255900012008;SI;PZ.ESP COM-GLAS;30x30(7)Malla ESSENZA TORTORA;A;SI;SI;57.7500;MOS7;PAMESA;PAMESA;E/42/11;8429991706739;;;M2;11;1.00;42;42.00;23.10;990.20;120.00;80.00;;;;27/01/2022;PAMESA;PAMESA;GRES PORCELNICO;0255900012008;;SOLID;ESSENZA;BASICO;;POLIVALENTE;MALLA;;MATE RECTIFICADO;ASPECTO UNIFORME;NO;NO;;;;CLASE 1;;;GRUPO BIa;GL Esmaltado;;;NO;;;1;025.590.0297.10433;120X120(T);CATLOGO PAMESA;;;30;30;0;900;30x30;ESSENZA;TORTORA;https://www.pamesa.com/ERP/4.0/empresas/151/045/imagenes/t00010602/0255900012008.jpg
41;623;7;10433;0416230011815;SI;PZ.E.CGLASS REC;9x60(m2) ESSENZA BEIGE;A;SI;SI;33.0000;SOL01;PAMESA;PAMESA;9X60(M2);8429991717513;;;M2;18;0.97;56;54.32;22.40;1,274.40;120.00;80.00;;;;07/03/2022;PAMESA;PAMESA;GRES PORCELNICO;0416230011815;;SOLID;ESSENZA;BASICO;;POLIVALENTE;;;MATE RECTIFICADO;ASPECTO UNIFORME;NO;NO;;;;CLASE 1;R10;B;GRUPO BIa;GL Esmaltado;;;NO;;1600-2400 N - 35-45 N/mm2;1;041.623.0007.10433;36x80;CATLOGO PAMESA;;;9;60;0;540;9x60;ESSENZA;BEIGE;https://www.pamesa.com/ERP/4.0/empresas/151/045/imagenes/t00010602/0416230011815.jpg
41;623;150;10433;0416230011286;SI;PZ.E.CGLASS REC;9x60(m2) ESSENZA BIANCO;A;SI;SI;33.0000;SOL01;PAMESA;PAMESA;9X60(M2);8429991717537;;;M2;18;0.97;56;54.32;22.40;1,274.40;120.00;80.00;;;;07/03/2022;PAMESA;PAMESA;GRES PORCELNICO;0416230011286;;SOLID;ESSENZA;BASICO;;POLIVALENTE;;;MATE RECTIFICADO;ASPECTO UNIFORME;NO;NO;;;;CLASE 1;R10;B;GRUPO BIa;GL Esmaltado;;;NO;;1600-2400 N - 35-45 N/mm2;1;041.623.0150.10433;33,3x100;CATLOGO PAMESA;;;9;60;0;540;9x60;ESSENZA;BIANCO;https://www.pamesa.com/ERP/4.0/empresas/151/045/imagenes/t00010602/0416230011286.jpg
41;623;213;10433;0416230012007;SI;PZ.E.CGLASS REC;9x60(m2) ESSENZA GRIGIO;A;SI;SI;33.0000;SOL01;PAMESA;PAMESA;9X60(M2);8429991717544;;;M2;18;0.97;56;54.32;22.40;1,274.40;120.00;80.00;;;;07/03/2022;PAMESA;PAMESA;GRES PORCELNICO;0416230012007;;SOLID;ESSENZA;BASICO;;POLIVALENTE;;;MATE RECTIFICADO;ASPECTO UNIFORME;NO;NO;;;;CLASE 1;R10;B;GRUPO BIa;GL Esmaltado;;;NO;;1600-2400 N - 35-45 N/mm2;1;041.623.0213.10433;30X90PBCA;CATLOGO PAMESA;;;9;60;0;540;9x60;ESSENZA;GRIGIO;https://www.pamesa.com/ERP/4.0/empresas/151/045/imagenes/t00010602/0416230012007.jpg
41;623;215;10433;0416230011280;SI;PZ.E.CGLASS REC;9x60(m2) ESSENZA NERO;A;SI;SI;33.0000;SOL01;PAMESA;PAMESA;9X60(M2);8429991717551;;;M2;18;0.97;56;54.32;22.40;1,274.40;120.00;80.00;;;;07/03/2022;PAMESA;PAMESA;GRES PORCELNICO;0416230011280;;SOLID;ESSENZA;BASICO;;POLIVALENTE;;;MATE RECTIFICADO;ASPECTO UNIFORME;NO;NO;;;;CLASE 1;R10;B;GRUPO BIa;GL Esmaltado;;;NO;;1600-2400 N - 35-45 N/mm2;1;041.623.0215.10433;30X90PBCA;CATLOGO PAMESA;;;9;60;0;540;9x60;ESSENZA;NERO;https://www.pamesa.com/ERP/4.0/empresas/151/045/imagenes/t00010602/0416230011280.jpg
41;623;37;10433;0416230011816;SI;PZ.E.CGLASS REC;9x60(m2) ESSENZA PERLA;A;SI;SI;33.0000;SOL01;PAMESA;PAMESA;9X60(M2);8429991717520;;;M2;18;0.97;56;54.32;22.40;1,274.40;120.00;80.00;;;;07/03/2022;PAMESA;PAMESA;GRES PORCELNICO;0416230011816;;SOLID;ESSENZA;BASICO;;POLIVALENTE;;;MATE RECTIFICADO;ASPECTO UNIFORME;NO;NO;;;;CLASE 1;R10;B;GRUPO BIa;GL Esmaltado;;;NO;;1600-2400 N - 35-45 N/mm2;1;041.623.0037.10433;40X120;CATLOGO PAMESA;;;9;60;0;540;9x60;ESSENZA;PERLA;https://www.pamesa.com/ERP/4.0/empresas/151/045/imagenes/t00010602/0416230011816.jpg
41;623;297;10433;0416230012008;SI;PZ.E.CGLASS REC;9x60(m2) ESSENZA TORTORA;A;SI;SI;33.0000;SOL01;PAMESA;PAMESA;9X60(M2);8429991717568;;;M2;18;0.97;56;54.32;22.40;1,274.40;120.00;80.00;;;;07/03/2022;PAMESA;PAMESA;GRES PORCELNICO;0416230012008;;SOLID;ESSENZA;BASICO;;POLIVALENTE;;;MATE RECTIFICADO;ASPECTO UNIFORME;NO;NO;;;;CLASE 1;R10;B;GRUPO BIa;GL Esmaltado;;;NO;;1600-2400 N - 35-45 N/mm2;1;041.623.0297.10433;30X90PBCA;CATLOGO PAMESA;;;9;60;0;540;9x60;ESSENZA;TORTORA;https://www.pamesa.com/ERP/4.0/empresas/151/045/imagenes/t00010602/0416230012008.jpg
17;869;7;11182;0178690013412;SI;REC.GLASS;60x120 FIUME BEIGE;A;SI;SI;32.2500;SOL25;PAMESA;PAMESA;L/32/02;8429991703523;;8429991773199;M2;2;1.44;32;46.08;34.25;1,121.00;122.00;84.00;75.00;;10.50;21/01/2022;PAMESA;PAMESA;GRES PORCELNICO;0178690013412;;SOLID;FIUME;PIEDRA;;POLIVALENTE;BASE;BASE;MATE RECTIFICADO;VARIACION MODERADA;;SIN INFORMAR;;;;;R10;B;GRUPO BIa;GL Esmaltado;65 Low;36 Low;NO;0.89;1600-2400 N - 35-45 N/mm2;1;017.869.0007.11182;120X280(6MM);CATLOGO PAMESA;;;60;120;10,5;7200;60x120;FIUME;BEIGE;https://www.pamesa.com/ERP/4.0/empresas/151/045/imagenes/t00010602/0178690013412.jpg
17;869;215;11182;0178690013409;SI;REC.GLASS;60x120 FIUME NERO;A;SI;SI;32.2500;SOL25;PAMESA;PAMESA;L/32/02;8429991703561;;8429991773199;M2;2;1.44;32;46.08;34.25;1,121.00;122.00;84.00;75.00;;10.50;21/01/2022;PAMESA;PAMESA;GRES PORCELNICO;0178690013409;;SOLID;FIUME;PIEDRA;;POLIVALENTE;BASE;BASE;MATE RECTIFICADO;VARIACION MODERADA;;SIN INFORMAR;;;;;R10;B;GRUPO BIa;GL Esmaltado;65 Low;36 Low;NO;0.89;1600-2400 N - 35-45 N/mm2;1;017.869.0215.11182;30X30 (5)MALLA;CATLOGO PAMESA;;;60;120;10,5;7200;60x120;FIUME;NERO;https://www.pamesa.com/ERP/4.0/empresas/151/045/imagenes/t00010602/0178690013409.jpg
17;869;37;11182;0178690013411;SI;REC.GLASS;60x120 FIUME PERLA;A;SI;SI;32.2500;SOL25;PAMESA;PAMESA;L/32/02;8429991703547;;8429991773199;M2;2;1.44;32;46.08;34.25;1,121.00;122.00;84.00;75.00;;10.50;21/01/2022;PAMESA;PAMESA;GRES PORCELNICO;0178690013411;;SOLID;FIUME;PIEDRA;;POLIVALENTE;BASE;BASE;MATE RECTIFICADO;VARIACION MODERADA;;SIN INFORMAR;;;;;R10;B;GRUPO BIa;GL Esmaltado;65 Low;36 Low;NO;0.89;1600-2400 N - 35-45 N/mm2;1;017.869.0037.11182;100x100(N)20MM;CATLOGO PAMESA;;;60;120;10,5;7200;60x120;FIUME;PERLA;https://www.pamesa.com/ERP/4.0/empresas/151/045/imagenes/t00010602/0178690013411.jpg
25;590;7;11182;0255900013412;SI;PZ.ESP COM-GLAS;30x30(7)Malla FIUME BEIGE;A;SI;SI;57.7500;MOS7;PAMESA;PAMESA;E/42/11;8429991739324;;;M2;11;1.00;42;42.00;23.10;990.20;120.00;80.00;;;;08/06/2022;PAMESA;PAMESA;GRES PORCELNICO;0255900013412;;SOLID;FIUME;PIEDRA;;POLIVALENTE;MALLA;;MATE RECTIFICADO;VARIACION MODERADA;;;;;;;R10;B;GRUPO BIa;GL Esmaltado;;36 Low;NO;;;1;025.590.0007.11182;30x60 (C);CATLOGO PAMESA;;;30;30;0;900;30x30;FIUME;BEIGE;https://www.pamesa.com/ERP/4.0/empresas/151/045/imagenes/t00010602/0255900013412.jpg
25;590;215;11182;0255900013409;SI;PZ.ESP COM-GLAS;30x30(7)Malla FIUME NERO;A;SI;SI;57.7500;MOS7;PAMESA;PAMESA;E/42/11;8429991739362;;;M2;11;1.00;42;42.00;23.10;990.20;120.00;80.00;;;;08/06/2022;PAMESA;PAMESA;GRES PORCELNICO;0255900013409;;SOLID;FIUME;PIEDRA;;POLIVALENTE;MALLA;;MATE RECTIFICADO;VARIACION MODERADA;;;;;;;R10;B;GRUPO BIa;GL Esmaltado;;36 Low;;;;1;025.590.0215.11182;30x60 (C);CATLOGO PAMESA;;;30;30;0;900;30x30;FIUME;NERO;https://www.pamesa.com/ERP/4.0/empresas/151/045/imagenes/t00010602/0255900013409.jpg
25;590;37;11182;0255900013411;SI;PZ.ESP COM-GLAS;30x30(7)Malla FIUME PERLA;A;SI;SI;57.7500;MOS7;PAMESA;PAMESA;E/42/11;8429991739331;;;M2;11;1.00;42;42.00;23.10;990.20;120.00;80.00;;;;08/06/2022;PAMESA;PAMESA;GRES PORCELNICO;0255900013411;;SOLID;FIUME;PIEDRA;;POLIVALENTE;MALLA;;MATE RECTIFICADO;VARIACION MODERADA;;;;;;;R10;B;GRUPO BIa;GL Esmaltado;;36 Low;;;;1;025.590.0037.11182;60X60N(20MM);CATLOGO PAMESA;;;30;30;0;900;30x30;FIUME;PERLA;https://www.pamesa.com/ERP/4.0/empresas/151/045/imagenes/t00010602/0255900013411.jpg
35;869;150;8973;0358691508973;SI;REC.PEDRA;60x120 CR.GRANSASSO BIANCO;A;SI;SI;33.5000;SOL25;PAMESA;PAMESA;L/32/02;8429991390365;;8429991773236;M2;2;1.44;32;46.08;34.25;1,121.00;122.00;84.00;75.00;;10.50;02/07/2018;PAMESA;SERIE CROMAT;GRES PORCELNICO;0358691508973;;SOLID;GRANSASSO;TERRAZO;;POLIVALENTE;BASE;BASE;MATE RECTIFICADO;VARIACION ALTA;NO;SIN INFORMAR;;;;CLASE 1;R9;;GRUPO BIa;UGL No esmaltado;50 Low;30 Moderate;NO;;1600-2400 N - 35-45 N/mm2;1;035.869.0150.08973;40X120;CATLOGO PAMESA;;;60;120;10,5;7200;60x120;CR.GRANSASSO;BIANCO;https://www.pamesa.com/ERP/4.0/empresas/151/045/imagenes/t00010602/0358691508973.jpg
35;869;215;8973;0358692158973;SI;REC.PEDRA;60x120 CR.GRANSASSO NERO;A;SI;SI;33.5000;SOL25;PAMESA;PAMESA;L/32/02;8429991390372;;8429991773236;M2;2;1.44;32;46.08;34.25;1,121.00;122.00;84.00;75.00;;10.50;02/07/2018;PAMESA;SERIE CROMAT;GRES PORCELNICO;0358692158973;;SOLID;GRANSASSO;TERRAZO;;POLIVALENTE;BASE;BASE;MATE RECTIFICADO;VARIACION ALTA;NO;SIN INFORMAR;;;;CLASE 1;R9;;GRUPO BIa;UGL No esmaltado;50 Low;30 Moderate;NO;;1600-2400 N - 35-45 N/mm2;1;035.869.0215.08973;30X90PBCA;CATLOGO PAMESA;;;60;120;10,5;7200;60x120;CR.GRANSASSO;NERO;https://www.pamesa.com/ERP/4.0/empresas/151/045/imagenes/t00010602/0358692158973.jpg
21;590;150;8973;0215901508973;SI;PZ ESP.PEDRA;30x30(7)Malla CR.GRANSASSO BIANCO;A;SI;SI;57.7500;MOS7;PAMESA;PAMESA;E/42/11;8429991549305;;;M2;11;1.00;42;42.00;23.10;990.20;120.00;80.00;;;;06/09/2018;PAMESA;SERIE CROMAT;GRES PORCELNICO;0215901508973;;SOLID;GRANSASSO;TERRAZO;;POLIVALENTE;MALLA;;MATE RECTIFICADO;;NO;SIN INFORMAR;;;;CLASE 1;;;GRUPO BIa;UGL No esmaltado;;;NO;;1600-2400 N - 35-45 N/mm2;1;021.590.0150.08973;90X90N(20MM);CATLOGO PAMESA;;;30;30;0;900;30x30;CR.GRANSASSO;BIANCO;https://www.pamesa.com/ERP/4.0/empresas/151/045/imagenes/t00010602/0215901508973.jpg
21;590;215;8973;0215902158973;SI;PZ ESP.PEDRA;30x30(7)Malla CR.GRANSASSO NERO;A;SI;SI;57.7500;MOS7;PAMESA;PAMESA;E/42/11;8429991549367;;;M2;11;1.00;42;42.00;23.10;990.20;120.00;80.00;;;;06/09/2018;PAMESA;SERIE CROMAT;GRES PORCELNICO;0215902158973;;SOLID;GRANSASSO;TERRAZO;;POLIVALENTE;MALLA;;MATE RECTIFICADO;;NO;SIN INFORMAR;;;;CLASE 1;;;GRUPO BIa;UGL No esmaltado;;;NO;;1600-2400 N - 35-45 N/mm2;1;021.590.0215.08973;60X120(n);CATLOGO PAMESA;;;30;30;0;900;30x30;CR.GRANSASSO;NERO;https://www.pamesa.com/ERP/4.0/empresas/151/045/imagenes/t00010602/0215902158973.jpg
33;120;163;569;0331201630569;SI;POLIMAT;120x120 HERMES CREAM;A;SI;SI;51.0000;SOL51;PAMESA;PAMESA;23/36/01;;;8429991773199;M2;1;1.44;36;51.84;34.36;1,276.96;126.00;126.00;71.00;;;17/01/2024;PAMESA;PAMESA;ANTIC GRES PORCELNICO RECTF.;0331201630569;;SOLID;HERMES;MARMOL;;POLIVALENTE;;BASE;;;NO;NO;;;;CLASE 0;;;GRUPO BIa;GL Esmaltado;;;NO;;1600-2400 N - 35-45 N/mm2;1;033.120.0163.00569;120X120;CATLOGO PAMESA;;;120;120;10,2;14400;120x120;HERMES;CREAM;https://www.pamesa.com/ERP/4.0/empresas/151/045/imagenes/t00010602/0331201630569.jpg
105;120;163;569;1051200037952;SI;GRANILLA POLIMAT;120x120 HERMES CREAM;A;SI;SI;51.0000;SOL51;PAMESA;PAMESA;23/36/01;8429991877231;;8429991773199;M2;1;1.44;36;51.84;34.36;1,276.96;126.00;126.00;71.00;;;25/09/2025;PAMESA;PAMESA;ANTIC GRES PORCELNICO RECTF.;1051200037952;;SOLID;HERMES;MARMOL;;POLIVALENTE;;BASE;;;;NO;;;;CLASE 0;;;GRUPO BIa;GL Esmaltado;;;NO;;1600-2400 N - 35-45 N/mm2;1;105.120.0163.00569;20X120(T)C;;;;120;120;10,2;14400;120x120;HERMES;CREAM;https://www.pamesa.com/ERP/4.0/empresas/151/045/imagenes/t00010602/1051200037952.jpg
33;120;108;569;0331201080569;SI;POLIMAT;120x120 HERMES WHITE;A;SI;SI;51.0000;SOL51;PAMESA;PAMESA;23/36/01;;;8429991773199;M2;1;1.44;36;51.84;34.36;1,276.96;126.00;126.00;71.00;;;17/01/2024;PAMESA;PAMESA;ANTIC GRES PORCELNICO RECTF.;0331201080569;;SOLID;HERMES;MARMOL;;POLIVALENTE;;BASE;;;NO;NO;;;;CLASE 0;;;GRUPO BIa;GL Esmaltado;;;NO;;1600-2400 N - 35-45 N/mm2;1;033.120.0108.00569;120X120;CATLOGO PAMESA;;;120;120;10,2;14400;120x120;HERMES;WHITE;https://www.pamesa.com/ERP/4.0/empresas/151/045/imagenes/t00010602/0331201080569.jpg
105;120;108;569;1051200037953;SI;GRANILLA POLIMAT;120x120 HERMES WHITE;A;SI;SI;51.0000;SOL51;PAMESA;PAMESA;23/36/01;8429991877224;;8429991773199;M2;1;1.44;36;51.84;34.36;1,276.96;126.00;126.00;71.00;;;25/09/2025;PAMESA;PAMESA;ANTIC GRES PORCELNICO RECTF.;1051200037953;;SOLID;HERMES;MARMOL;;POLIVALENTE;;BASE;;;;NO;;;;CLASE 0;;;GRUPO BIa;GL Esmaltado;;;NO;;1600-2400 N - 35-45 N/mm2;1;105.120.0108.00569;60X60;;;;120;120;10,2;14400;120x120;HERMES;WHITE;https://www.pamesa.com/ERP/4.0/empresas/151/045/imagenes/t00010602/1051200037953.jpg
33;869;163;569;0338691630569;SI;POLIMAT;60x120 HERMES CREAM;A;SI;SI;37.5000;SOL53;PAMESA;PAMESA;L/32/02;;;8429991773199;M2;2;1.44;32;46.08;34.25;1,121.00;122.00;84.00;75.00;;10.50;17/01/2024;PAMESA;PAMESA;ANTIC GRES PORCELNICO RECTF.;0338691630569;;SOLID;HERMES;MARMOL;;POLIVALENTE;;BASE;;;NO;NO;;;;CLASE 0;;;GRUPO BIa;GL Esmaltado;;;NO;;1600-2400 N - 35-45 N/mm2;1;033.869.0163.00569;36x80;CATLOGO PAMESA;;;60;120;10,5;7200;60x120;HERMES;CREAM;https://www.pamesa.com/ERP/4.0/empresas/151/045/imagenes/t00010602/0338691630569.jpg
105;869;163;569;1058690037949;SI;GRANILLA POLIMAT;60x120 HERMES CREAM;A;SI;SI;37.5000;SOL53;PAMESA;PAMESA;L/32/02;8429991877255;;8429991773199;M2;2;1.44;32;46.08;34.25;1,121.00;122.00;84.00;75.00;;10.50;25/09/2025;PAMESA;PAMESA;ANTIC GRES PORCELNICO RECTF.;1058690037949;;SOLID;HERMES;MARMOL;;POLIVALENTE;;BASE;;;;NO;;;;CLASE 0;;;GRUPO BIa;GL Esmaltado;;;NO;;1600-2400 N - 35-45 N/mm2;1;105.869.0163.00569;31,6x60;;;;60;120;10,5;7200;60x120;HERMES;CREAM;https://www.pamesa.com/ERP/4.0/empresas/151/045/imagenes/t00010602/1058690037949.jpg
33;869;108;569;0338691080569;SI;POLIMAT;60x120 HERMES WHITE;A;SI;SI;37.5000;SOL53;PAMESA;PAMESA;L/32/02;;;8429991773199;M2;2;1.44;32;46.08;34.25;1,121.00;122.00;84.00;75.00;;10.50;17/01/2024;PAMESA;PAMESA;ANTIC GRES PORCELNICO RECTF.;0338691080569;;SOLID;HERMES;MARMOL;;POLIVALENTE;;BASE;;;NO;NO;;;;CLASE 0;;;GRUPO BIa;GL Esmaltado;;;NO;;1600-2400 N - 35-45 N/mm2;1;033.869.0108.00569;36x80;CATLOGO PAMESA;;;60;120;10,5;7200;60x120;HERMES;WHITE;https://www.pamesa.com/ERP/4.0/empresas/151/045/imagenes/t00010602/0338691080569.jpg
105;869;108;569;1058690037950;SI;GRANILLA POLIMAT;60x120 HERMES WHITE;A;SI;SI;37.5000;SOL53;PAMESA;PAMESA;L/32/02;8429991877248;;8429991773199;M2;2;1.44;32;46.08;34.25;1,121.00;122.00;84.00;75.00;;10.50;25/09/2025;PAMESA;PAMESA;ANTIC GRES PORCELNICO RECTF.;1058690037950;;SOLID;HERMES;MARMOL;;POLIVALENTE;;BASE;;;;NO;;;;CLASE 0;;;GRUPO BIa;GL Esmaltado;;;NO;;1600-2400 N - 35-45 N/mm2;1;105.869.0108.00569;31,6x60;;;;60;120;10,5;7200;60x120;HERMES;WHITE;https://www.pamesa.com/ERP/4.0/empresas/151/045/imagenes/t00010602/1058690037950.jpg
34;281;163;569;0342811630569;SI;PZ.ESP.POLIMAT;30x30 (5)Malla HERMES CREAM;A;SI;SI;70.2500;MOS5;PAMESA;PAMESA;E/42/11;8429991899455;;;M2;11;1.00;42;42.00;23.00;986.00;120.00;80.00;;;;11/03/2024;PAMESA;PAMESA;ANTIC GRES PORCELNICO RECTF.;0342811630569;;SOLID;HERMES;MARMOL;;POLIVALENTE;MOSAICO;MOSAICO;ANTIC;VARIACION ALTA;NO;NO;NO;;;CLASE 0;;;GRUPO BIa;GL Esmaltado;;;NO;;;1;034.281.0163.00569;30X90PBCA;CATLOGO PAMESA;;;30;30;0;900;30x30;HERMES;CREAM;https://www.pamesa.com/ERP/4.0/empresas/151/045/imagenes/t00010602/0342811630569.jpg
34;281;108;569;0342811080569;SI;PZ.ESP.POLIMAT;30x30 (5)Malla HERMES WHITE;A;SI;SI;70.2500;MOS5;PAMESA;PAMESA;E/42/11;8429991899448;;;M2;11;1.00;42;42.00;23.00;986.00;120.00;80.00;;;;11/03/2024;PAMESA;PAMESA;ANTIC GRES PORCELNICO RECTF.;0342811080569;;SOLID;HERMES;MARMOL;;POLIVALENTE;MOSAICO;MOSAICO;ANTIC;VARIACION ALTA;NO;NO;NO;;;CLASE 0;;;GRUPO BIa;GL Esmaltado;;;NO;;;1;034.281.0108.00569;30X90PBCA;CATLOGO PAMESA;;;30;30;0;900;30x30;HERMES;WHITE;https://www.pamesa.com/ERP/4.0/empresas/151/045/imagenes/t00010602/0342811080569.jpg
17;120;7;14914;0171200030260;SI;REC.GLASS;120x120 EXT.KENZO BEIGE;A;SI;SI;0.0000;SOL36;PAM-ADZ.PAMESA;PAMESA;23/36/01;8429991146528;;8429991773199;M2;1;1.44;36;51.84;34.36;1,276.96;126.00;126.00;71.00;;;30/05/2025;PAMESA;PAMESA;GRES PORCELNICO;0171200030260;;SOLID;KENZO;PIEDRA;;ANTIDESLIZANTE;;BASE;MATE RECTIFICADO;;;SI;;;;CLASE 3;R11;C;GRUPO BIa;GL Esmaltado;;36 Low;NO;0.42;1600-2400 N - 35-45 N/mm2;1;017.120.0007.14914;25x70;CATLOGO PAMESA;;;120;120;10,2;14400;120x120;EXT.KENZO;BEIGE;https://www.pamesa.com/ERP/4.0/empresas/151/045/imagenes/t00010602/0171200030260.jpg
17;120;33;14914;0171200030259;SI;REC.GLASS;120x120 EXT.KENZO MARFIL;A;SI;SI;0.0000;SOL36;PAM-ADZ.PAMESA;PAMESA;23/36/01;8429991146511;;8429991773199;M2;1;1.44;36;51.84;34.36;1,276.96;126.00;126.00;71.00;;;30/05/2025;PAMESA;PAMESA;GRES PORCELNICO;0171200030259;;SOLID;KENZO;PIEDRA;;ANTIDESLIZANTE;;BASE;MATE RECTIFICADO;;;SI;;;;CLASE 3;R11;C;GRUPO BIa;GL Esmaltado;;36 Low;NO;0.42;1600-2400 N - 35-45 N/mm2;1;017.120.0033.14914;33,3x55;CATLOGO PAMESA;;;120;120;10,2;14400;120x120;EXT.KENZO;MARFIL;https://www.pamesa.com/ERP/4.0/empresas/151/045/imagenes/t00010602/0171200030259.jpg
17;120;7;911;0171200070911;SI;REC.GLASS;120x120 KENZO BEIGE;A;SI;SI;42.2500;SOL35;PAMESA;PAMESA;23/36/01;8429991933715;;8429991773199;M2;1;1.44;36;51.84;34.36;1,276.96;126.00;126.00;71.00;;;07/06/2024;PAMESA;PAMESA;GRES PORCELNICO;0171200070911;;SOLID;KENZO;PIEDRA;;POLIVALENTE;BASE;BASE;MATE RECTIFICADO;VARIACION LEVE;;NO;NO;;;CLASE 1;R9;;GRUPO BIa;GL Esmaltado;;;NO;;1600-2400 N - 35-45 N/mm2;1;017.120.0007.00911;33,3x55;CATLOGO PAMESA;;;120;120;10,2;14400;120x120;KENZO;BEIGE;https://www.pamesa.com/ERP/4.0/empresas/151/045/imagenes/t00010602/0171200070911.jpg
33;120;7;911;0331200070911;SI;POLIMAT;120x120 KENZO BEIGE;A;SI;SI;51.0000;SOL37;PAMESA;PAMESA;23/36/01;8429991933944;;8429991773199;M2;1;1.44;36;51.84;34.36;1,276.96;126.00;126.00;71.00;;;22/05/2024;PAMESA;PAMESA;ANTIC GRES PORCELNICO RECTF.;0331200070911;;SOLID;KENZO;PIEDRA;;POLIVALENTE;BASE;BASE;ANTIC;VARIACION LEVE;NO;NO;NO;;;CLASE 0;;;GRUPO BIa;GL Esmaltado;;;NO;;1600-2400 N - 35-45 N/mm2;1;033.120.0007.00911;120X280(6MM);CATLOGO PAMESA;;;120;120;10,2;14400;120x120;KENZO;BEIGE;https://www.pamesa.com/ERP/4.0/empresas/151/045/imagenes/t00010602/0331200070911.jpg
17;120;12;911;0171200120911;SI;REC.GLASS;120x120 KENZO BLANCO;A;SI;SI;42.2500;SOL35;PAMESA;PAMESA;23/36/01;8429991933708;;8429991773199;M2;1;1.44;36;51.84;34.36;1,276.96;126.00;126.00;71.00;;;07/06/2024;PAMESA;PAMESA;GRES PORCELNICO;0171200120911;;SOLID;KENZO;PIEDRA;;POLIVALENTE;BASE;BASE;MATE RECTIFICADO;VARIACION LEVE;;NO;NO;;;CLASE 1;R9;;GRUPO BIa;GL Esmaltado;;;NO;;1600-2400 N - 35-45 N/mm2;1;017.120.0012.00911;25x70;CATLOGO PAMESA;;;120;120;10,2;14400;120x120;KENZO;BLANCO;https://www.pamesa.com/ERP/4.0/empresas/151/045/imagenes/t00010602/0171200120911.jpg
33;120;12;911;0331200120911;SI;POLIMAT;120x120 KENZO BLANCO;A;SI;SI;51.0000;SOL37;PAMESA;PAMESA;23/36/01;8429991933937;;8429991773199;M2;1;1.44;36;51.84;34.36;1,276.96;126.00;126.00;71.00;;;22/05/2024;PAMESA;PAMESA;ANTIC GRES PORCELNICO RECTF.;0331200120911;;SOLID;KENZO;PIEDRA;;POLIVALENTE;BASE;BASE;ANTIC;VARIACION LEVE;NO;NO;NO;;;CLASE 0;;;GRUPO BIa;GL Esmaltado;;;NO;;1600-2400 N - 35-45 N/mm2;1;033.120.0012.00911;160X160;CATLOGO PAMESA;;;120;120;10,2;14400;120x120;KENZO;BLANCO;https://www.pamesa.com/ERP/4.0/empresas/151/045/imagenes/t00010602/0331200120911.jpg
17;120;2;911;0171200020911;SI;REC.GLASS;120x120 KENZO GRIS;A;SI;SI;42.2500;SOL35;PAMESA;PAMESA;23/36/01;8429991933692;;8429991773199;M2;1;1.44;36;51.84;34.36;1,276.96;126.00;126.00;71.00;;;07/06/2024;PAMESA;PAMESA;GRES PORCELNICO;0171200020911;;SOLID;KENZO;PIEDRA;;POLIVALENTE;BASE;BASE;MATE RECTIFICADO;VARIACION LEVE;;NO;NO;;;CLASE 1;R9;;GRUPO BIa;GL Esmaltado;;;NO;;1600-2400 N - 35-45 N/mm2;1;017.120.0002.00911;33,3x55;CATLOGO PAMESA;;;120;120;10,2;14400;120x120;KENZO;GRIS;https://www.pamesa.com/ERP/4.0/empresas/151/045/imagenes/t00010602/0171200020911.jpg
33;120;2;911;0331200020911;SI;POLIMAT;120x120 KENZO GRIS;A;SI;SI;51.0000;SOL37;PAMESA;PAMESA;23/36/01;8429991933920;;8429991773199;M2;1;1.44;36;51.84;34.36;1,276.96;126.00;126.00;71.00;;;22/05/2024;PAMESA;PAMESA;ANTIC GRES PORCELNICO RECTF.;0331200020911;;SOLID;KENZO;PIEDRA;;POLIVALENTE;BASE;BASE;ANTIC;VARIACION LEVE;NO;NO;NO;;;CLASE 0;;;GRUPO BIa;GL Esmaltado;;;NO;;1600-2400 N - 35-45 N/mm2;1;033.120.0002.00911;30X30 (5)MALLA;CATLOGO PAMESA;;;120;120;10,2;14400;120x120;KENZO;GRIS;https://www.pamesa.com/ERP/4.0/empresas/151/045/imagenes/t00010602/0331200020911.jpg
17;120;28;911;0171200280911;SI;REC.GLASS;120x120 KENZO MARENGO;A;SI;SI;42.2500;SOL35;PAMESA;PAMESA;23/36/01;8429991933722;;8429991773199;M2;1;1.44;36;51.84;34.36;1,276.96;126.00;126.00;71.00;;;07/06/2024;PAMESA;PAMESA;GRES PORCELNICO;0171200280911;;SOLID;KENZO;PIEDRA;;POLIVALENTE;BASE;BASE;MATE RECTIFICADO;VARIACION LEVE;;NO;NO;;;CLASE 1;R9;;GRUPO BIa;GL Esmaltado;;;NO;;1600-2400 N - 35-45 N/mm2;1;017.120.0028.00911;33,3x55;CATLOGO PAMESA;;;120;120;10,2;14400;120x120;KENZO;MARENGO;https://www.pamesa.com/ERP/4.0/empresas/151/045/imagenes/t00010602/0171200280911.jpg
33;120;28;911;0331200280911;SI;POLIMAT;120x120 KENZO MARENGO;A;SI;SI;51.0000;SOL37;PAMESA;PAMESA;23/36/01;8429991933968;;8429991773199;M2;1;1.44;36;51.84;34.36;1,276.96;126.00;126.00;71.00;;;22/05/2024;PAMESA;PAMESA;ANTIC GRES PORCELNICO RECTF.;0331200280911;;SOLID;KENZO;PIEDRA;;POLIVALENTE;BASE;BASE;ANTIC;VARIACION LEVE;NO;NO;NO;;;CLASE 0;;;GRUPO BIa;GL Esmaltado;;;NO;;1600-2400 N - 35-45 N/mm2;1;033.120.0028.00911;120X120;CATLOGO PAMESA;;;120;120;10,2;14400;120x120;KENZO;MARENGO;https://www.pamesa.com/ERP/4.0/empresas/151/045/imagenes/t00010602/0331200280911.jpg
17;120;33;911;0171200330911;SI;REC.GLASS;120x120 KENZO MARFIL;A;SI;SI;42.2500;SOL35;PAMESA;PAMESA;23/36/01;8429991933739;;8429991773199;M2;1;1.44;36;51.84;34.36;1,276.96;126.00;126.00;71.00;;;07/06/2024;PAMESA;PAMESA;GRES PORCELNICO;0171200330911;;SOLID;KENZO;PIEDRA;;POLIVALENTE;BASE;BASE;MATE RECTIFICADO;VARIACION LEVE;;NO;NO;;;CLASE 1;R9;;GRUPO BIa;GL Esmaltado;;;NO;;1600-2400 N - 35-45 N/mm2;1;017.120.0033.00911;33,3x55;CATLOGO PAMESA;;;120;120;10,2;14400;120x120;KENZO;MARFIL;https://www.pamesa.com/ERP/4.0/empresas/151/045/imagenes/t00010602/0171200330911.jpg
33;120;33;911;0331200330911;SI;POLIMAT;120x120 KENZO MARFIL;A;SI;SI;51.0000;SOL37;PAMESA;PAMESA;23/36/01;8429991933913;;8429991773199;M2;1;1.44;36;51.84;34.36;1,276.96;126.00;126.00;71.00;;;22/05/2024;PAMESA;PAMESA;ANTIC GRES PORCELNICO RECTF.;0331200330911;;SOLID;KENZO;PIEDRA;;POLIVALENTE;BASE;BASE;ANTIC;VARIACION LEVE;NO;NO;NO;;;CLASE 0;;;GRUPO BIa;GL Esmaltado;;;NO;;1600-2400 N - 35-45 N/mm2;1;033.120.0033.00911;120X120(T);CATLOGO PAMESA;;;120;120;10,2;14400;120x120;KENZO;MARFIL;https://www.pamesa.com/ERP/4.0/empresas/151/045/imagenes/t00010602/0331200330911.jpg
17;90;7;14914;0170900030258;SI;REC.GLASS;90x90(N) EXT.KENZO BEIGE;A;SI;SI;0.0000;SOL30;PAM-ADZ.PAMESA;PAMESA;19/32/02;8429991146504;;8429991773199;M2;2;1.62;32;51.84;33.00;1,081.00;97.00;97.00;86.00;;9.00;30/05/2025;PAMESA;PAMESA;GRES PORCELNICO;0170900030258;;SOLID;KENZO;PIEDRA;;ANTIDESLIZANTE;;BASE;MATE RECTIFICADO;;;SI;;;;CLASE 3;R11;C;GRUPO BIa;GL Esmaltado;;36 Low;NO;0.42;1600-2400 N - 35-45 N/mm2;1;017.090.0007.14914;33,3x33,3;CATLOGO PAMESA;;;90;90;9;8100;90x90;EXT.KENZO;BEIGE;https://www.pamesa.com/ERP/4.0/empresas/151/045/imagenes/t00010602/0170900030258.jpg
17;90;33;14914;0170900030257;SI;REC.GLASS;90x90(N) EXT.KENZO MARFIL;A;SI;SI;0.0000;SOL30;PAM-ADZ.PAMESA;PAMESA;19/32/02;8429991146498;;8429991773199;M2;2;1.62;32;51.84;33.00;1,081.00;97.00;97.00;86.00;;9.00;30/05/2025;PAMESA;PAMESA;GRES PORCELNICO;0170900030257;;SOLID;KENZO;PIEDRA;;ANTIDESLIZANTE;;BASE;MATE RECTIFICADO;;;SI;;;;CLASE 3;R11;C;GRUPO BIa;GL Esmaltado;;36 Low;NO;0.42;1600-2400 N - 35-45 N/mm2;1;017.090.0033.14914;25x70;CATLOGO PAMESA;;;90;90;9;8100;90x90;EXT.KENZO;MARFIL;https://www.pamesa.com/ERP/4.0/empresas/151/045/imagenes/t00010602/0170900030257.jpg
17;90;7;911;0170900070911;SI;REC.GLASS;90x90(N) KENZO BEIGE;A;SI;SI;32.2500;SOL29;PAMESA;PAMESA;19/32/02;8429991933821;;8429991773199;M2;2;1.62;32;51.84;33.00;1,081.00;97.00;97.00;86.00;;9.00;22/05/2024;PAMESA;PAMESA;GRES PORCELNICO;0170900070911;;SOLID;KENZO;PIEDRA;;POLIVALENTE;BASE;BASE;MATE RECTIFICADO;VARIACION LEVE;;NO;NO;;;CLASE 1;R9;;GRUPO BIa;GL Esmaltado;;;NO;;1600-2400 N - 35-45 N/mm2;1;017.090.0007.00911;33,3x33,3;CATLOGO PAMESA;;;90;90;9;8100;90x90;KENZO;BEIGE;https://www.pamesa.com/ERP/4.0/empresas/151/045/imagenes/t00010602/0170900070911.jpg
33;90;7;911;0330900070911;SI;POLIMAT;90x90(N) KENZO BEIGE;A;SI;SI;37.5000;SOL46;PAMESA;PAMESA;19/32/02;8429991934057;;8429991773199;M2;2;1.62;32;51.84;33.00;1,081.00;97.00;97.00;86.00;;9.00;22/05/2024;PAMESA;PAMESA;ANTIC GRES PORCELNICO RECTF.;0330900070911;;SOLID;KENZO;PIEDRA;;POLIVALENTE;BASE;BASE;ANTIC;VARIACION LEVE;NO;NO;NO;;;CLASE 0;;;GRUPO BIa;GL Esmaltado;;;NO;;1600-2400 N - 35-45 N/mm2;1;033.090.0007.00911;30X30 (5)MALLA;CATLOGO PAMESA;;;90;90;9;8100;90x90;KENZO;BEIGE;https://www.pamesa.com/ERP/4.0/empresas/151/045/imagenes/t00010602/0330900070911.jpg
17;90;12;911;0170900120911;SI;REC.GLASS;90x90(N) KENZO BLANCO;A;SI;SI;32.2500;SOL29;PAMESA;PAMESA;19/32/02;8429991933814;;8429991773199;M2;2;1.62;32;51.84;33.00;1,081.00;97.00;97.00;86.00;;9.00;22/05/2024;PAMESA;PAMESA;GRES PORCELNICO;0170900120911;;SOLID;KENZO;PIEDRA;;POLIVALENTE;BASE;BASE;MATE RECTIFICADO;VARIACION LEVE;;NO;NO;;;CLASE 1;R9;;GRUPO BIa;GL Esmaltado;;;NO;;1600-2400 N - 35-45 N/mm2;1;017.090.0012.00911;45X45;CATLOGO PAMESA;;;90;90;9;8100;90x90;KENZO;BLANCO;https://www.pamesa.com/ERP/4.0/empresas/151/045/imagenes/t00010602/0170900120911.jpg
33;90;12;911;0330900120911;SI;POLIMAT;90x90(N) KENZO BLANCO;A;SI;SI;37.5000;SOL46;PAMESA;PAMESA;19/32/02;8429991934064;;8429991773199;M2;2;1.62;32;51.84;33.00;1,081.00;97.00;97.00;86.00;;9.00;22/05/2024;PAMESA;PAMESA;ANTIC GRES PORCELNICO RECTF.;0330900120911;;SOLID;KENZO;PIEDRA;;POLIVALENTE;BASE;BASE;ANTIC;VARIACION LEVE;NO;NO;NO;;;CLASE 0;;;GRUPO BIa;GL Esmaltado;;;NO;;1600-2400 N - 35-45 N/mm2;1;033.090.0012.00911;60X120 RF;CATLOGO PAMESA;;;90;90;9;8100;90x90;KENZO;BLANCO;https://www.pamesa.com/ERP/4.0/empresas/151/045/imagenes/t00010602/0330900120911.jpg
17;90;2;911;0170900020911;SI;REC.GLASS;90x90(N) KENZO GRIS;A;SI;SI;32.2500;SOL29;PAMESA;PAMESA;19/32/02;8429991933807;;8429991773199;M2;2;1.62;32;51.84;33.00;1,081.00;97.00;97.00;86.00;;9.00;22/05/2024;PAMESA;PAMESA;GRES PORCELNICO;0170900020911;;SOLID;KENZO;PIEDRA;;POLIVALENTE;BASE;BASE;MATE RECTIFICADO;VARIACION LEVE;;NO;NO;;;CLASE 1;R9;;GRUPO BIa;GL Esmaltado;;;NO;;1600-2400 N - 35-45 N/mm2;1;017.090.0002.00911;60X60n(C);CATLOGO PAMESA;;;90;90;9;8100;90x90;KENZO;GRIS;https://www.pamesa.com/ERP/4.0/empresas/151/045/imagenes/t00010602/0170900020911.jpg
33;90;2;911;0330900020911;SI;POLIMAT;90x90(N) KENZO GRIS;A;SI;SI;37.5000;SOL46;PAMESA;PAMESA;19/32/02;8429991934040;;8429991773199;M2;2;1.62;32;51.84;33.00;1,081.00;97.00;97.00;86.00;;9.00;22/05/2024;PAMESA;PAMESA;ANTIC GRES PORCELNICO RECTF.;0330900020911;;SOLID;KENZO;PIEDRA;;POLIVALENTE;BASE;BASE;ANTIC;VARIACION LEVE;NO;NO;NO;;;CLASE 0;;;GRUPO BIa;GL Esmaltado;;;NO;;1600-2400 N - 35-45 N/mm2;1;033.090.0002.00911;30X30 (5)MALLA;CATLOGO PAMESA;;;90;90;9;8100;90x90;KENZO;GRIS;https://www.pamesa.com/ERP/4.0/empresas/151/045/imagenes/t00010602/0330900020911.jpg
17;90;28;911;0170900280911;SI;REC.GLASS;90x90(N) KENZO MARENGO;A;SI;SI;32.2500;SOL29;PAMESA;PAMESA;19/32/02;8429991933838;;8429991773199;M2;2;1.62;32;51.84;33.00;1,081.00;97.00;97.00;86.00;;9.00;22/05/2024;PAMESA;PAMESA;GRES PORCELNICO;0170900280911;;SOLID;KENZO;PIEDRA;;POLIVALENTE;BASE;BASE;MATE RECTIFICADO;VARIACION LEVE;;NO;NO;;;CLASE 1;R9;;GRUPO BIa;GL Esmaltado;;;NO;;1600-2400 N - 35-45 N/mm2;1;017.090.0028.00911;25x70;CATLOGO PAMESA;;;90;90;9;8100;90x90;KENZO;MARENGO;https://www.pamesa.com/ERP/4.0/empresas/151/045/imagenes/t00010602/0170900280911.jpg
33;90;28;911;0330900280911;SI;POLIMAT;90x90(N) KENZO MARENGO;A;SI;SI;37.5000;SOL46;PAMESA;PAMESA;19/32/02;8429991934095;;8429991773199;M2;2;1.62;32;51.84;33.00;1,081.00;97.00;97.00;86.00;;9.00;22/05/2024;PAMESA;PAMESA;ANTIC GRES PORCELNICO RECTF.;0330900280911;;SOLID;KENZO;PIEDRA;;POLIVALENTE;BASE;BASE;ANTIC;VARIACION LEVE;NO;NO;NO;;;CLASE 0;;;GRUPO BIa;GL Esmaltado;;;NO;;1600-2400 N - 35-45 N/mm2;1;033.090.0028.00911;120X120;CATLOGO PAMESA;;;90;90;9;8100;90x90;KENZO;MARENGO;https://www.pamesa.com/ERP/4.0/empresas/151/045/imagenes/t00010602/0330900280911.jpg
17;90;33;911;0170900330911;SI;REC.GLASS;90x90(N) KENZO MARFIL;A;SI;SI;32.2500;SOL29;PAMESA;PAMESA;19/32/02;8429991933845;;8429991773199;M2;2;1.62;32;51.84;33.00;1,081.00;97.00;97.00;86.00;;9.00;22/05/2024;PAMESA;PAMESA;GRES PORCELNICO;0170900330911;;SOLID;KENZO;PIEDRA;;POLIVALENTE;BASE;BASE;MATE RECTIFICADO;VARIACION LEVE;;NO;NO;;;CLASE 1;R9;;GRUPO BIa;GL Esmaltado;;;NO;;1600-2400 N - 35-45 N/mm2;1;017.090.0033.00911;25x70;CATLOGO PAMESA;;;90;90;9;8100;90x90;KENZO;MARFIL;https://www.pamesa.com/ERP/4.0/empresas/151/045/imagenes/t00010602/0170900330911.jpg
33;90;33;911;0330900330911;SI;POLIMAT;90x90(N) KENZO MARFIL;A;SI;SI;37.5000;SOL46;PAMESA;PAMESA;19/32/02;8429991934071;;8429991773199;M2;2;1.62;32;51.84;33.00;1,081.00;97.00;97.00;86.00;;9.00;22/05/2024;PAMESA;PAMESA;ANTIC GRES PORCELNICO RECTF.;0330900330911;;SOLID;KENZO;PIEDRA;;POLIVALENTE;BASE;BASE;ANTIC;VARIACION LEVE;NO;NO;NO;;;CLASE 0;;;GRUPO BIa;GL Esmaltado;;;NO;;1600-2400 N - 35-45 N/mm2;1;033.090.0033.00911;60X120 RF;CATLOGO PAMESA;;;90;90;9;8100;90x90;KENZO;MARFIL;https://www.pamesa.com/ERP/4.0/empresas/151/045/imagenes/t00010602/0330900330911.jpg
17;250;7;14914;0172500024439;SI;REC.GLASS;60x120(n) EXT.KENZO BEIGE;A;SI;SI;0.0000;SOL45;PAM-ADZ.PAMESA;PAMESA;L/36/02 RF;8429991970147;;8429991773199;M2;2;1.44;36;51.84;28.62;1,055.32;122.00;84.00;73.50;;;04/10/2024;PAMESA;PAMESA;GRES PORCELNICO;0172500024439;;SOLID;KENZO;PIEDRA;;ANTIDESLIZANTE;;BASE;MATE RECTIFICADO;;NO;SI;;;;CLASE 3;R11;C;GRUPO BIa;GL Esmaltado;;36 Low;NO;0.42;1600-2400 N - 35-45 N/mm2;1;017.250.0007.14914;60X120 RF;CATLOGO PAMESA;;;60;120;9;7200;60x120;EXT.KENZO;BEIGE;https://www.pamesa.com/ERP/4.0/empresas/151/045/imagenes/t00010602/0172500024439.jpg
17;250;12;14914;0172500024435;SI;REC.GLASS;60x120(n) EXT.KENZO BLANCO;A;SI;SI;0.0000;SOL45;PAM-ADZ.PAMESA;PAMESA;L/36/02 RF;8429991970116;;8429991773199;M2;2;1.44;36;51.84;28.62;1,055.32;122.00;84.00;73.50;;;04/10/2024;PAMESA;PAMESA;GRES PORCELNICO;0172500024435;;SOLID;KENZO;PIEDRA;;ANTIDESLIZANTE;;BASE;MATE RECTIFICADO;;NO;SI;;;;CLASE 3;R11;C;GRUPO BIa;GL Esmaltado;;36 Low;NO;0.42;1600-2400 N - 35-45 N/mm2;1;017.250.0012.14914;30x60 (C);CATLOGO PAMESA;;;60;120;9;7200;60x120;EXT.KENZO;BLANCO;https://www.pamesa.com/ERP/4.0/empresas/151/045/imagenes/t00010602/0172500024435.jpg
17;250;2;14914;0172500024437;SI;REC.GLASS;60x120(n) EXT.KENZO GRIS;A;SI;SI;0.0000;SOL45;PAM-ADZ.PAMESA;PAMESA;L/36/02 RF;8429991970130;;8429991773199;M2;2;1.44;36;51.84;28.62;1,055.32;122.00;84.00;73.50;;;04/10/2024;PAMESA;PAMESA;GRES PORCELNICO;0172500024437;;SOLID;KENZO;PIEDRA;;ANTIDESLIZANTE;;BASE;MATE RECTIFICADO;;NO;SI;;;;CLASE 3;R11;C;GRUPO BIa;GL Esmaltado;;36 Low;NO;0.42;1600-2400 N - 35-45 N/mm2;1;017.250.0002.14914;60X60;CATLOGO PAMESA;;;60;120;9;7200;60x120;EXT.KENZO;GRIS;https://www.pamesa.com/ERP/4.0/empresas/151/045/imagenes/t00010602/0172500024437.jpg
17;250;28;14914;0172500024442;SI;REC.GLASS;60x120(n) EXT.KENZO MARENGO;A;SI;SI;0.0000;SOL45;PAM-ADZ.PAMESA;PAMESA;L/36/02 RF;8429991970154;;8429991773199;M2;2;1.44;36;51.84;28.62;1,055.32;122.00;84.00;73.50;;;04/10/2024;PAMESA;PAMESA;GRES PORCELNICO;0172500024442;;SOLID;KENZO;PIEDRA;;ANTIDESLIZANTE;;BASE;MATE RECTIFICADO;;NO;SI;;;;CLASE 3;R11;C;GRUPO BIa;GL Esmaltado;;36 Low;NO;0.42;1600-2400 N - 35-45 N/mm2;1;017.250.0028.14914;100X100;CATLOGO PAMESA;;;60;120;9;7200;60x120;EXT.KENZO;MARENGO;https://www.pamesa.com/ERP/4.0/empresas/151/045/imagenes/t00010602/0172500024442.jpg
17;250;33;14914;0172500024436;SI;REC.GLASS;60x120(n) EXT.KENZO MARFIL;A;SI;SI;0.0000;SOL45;PAM-ADZ.PAMESA;PAMESA;L/36/02 RF;8429991970123;;8429991773199;M2;2;1.44;36;51.84;28.62;1,055.32;122.00;84.00;73.50;;;04/10/2024;PAMESA;PAMESA;GRES PORCELNICO;0172500024436;;SOLID;KENZO;PIEDRA;;ANTIDESLIZANTE;;BASE;MATE RECTIFICADO;;NO;SI;;;;CLASE 3;R11;C;GRUPO BIa;GL Esmaltado;;36 Low;NO;0.42;1600-2400 N - 35-45 N/mm2;1;017.250.0033.14914;60X120(n);CATLOGO PAMESA;;;60;120;9;7200;60x120;EXT.KENZO;MARFIL;https://www.pamesa.com/ERP/4.0/empresas/151/045/imagenes/t00010602/0172500024436.jpg
17;250;7;911;0172500070911;SI;REC.GLASS;60x120(n) KENZO BEIGE;A;SI;SI;0.0000;SOL23;PAMESA;PAMESA;L/36/02 RF;8429991966607;;8429991773199;M2;2;1.44;36;51.84;28.62;1,055.32;122.00;84.00;73.50;;;25/09/2024;PAMESA;PAMESA;GRES PORCELNICO;0172500070911;;SOLID;KENZO;PIEDRA;;POLIVALENTE;BASE;BASE;MATE RECTIFICADO;VARIACION LEVE;;NO;NO;;;CLASE 1;R9;;GRUPO BIa;GL Esmaltado;;;NO;;1600-2400 N - 35-45 N/mm2;1;017.250.0007.00911;120X120;CATLOGO PAMESA;;;60;120;9;7200;60x120;KENZO;BEIGE;https://www.pamesa.com/ERP/4.0/empresas/151/045/imagenes/t00010602/0172500070911.jpg
33;869;7;911;0338690070911;SI;POLIMAT;60x120 KENZO BEIGE;A;SI;SI;37.5000;SOL27;PAMESA;PAMESA;L/32/02;8429991934002;;8429991773199;M2;2;1.44;32;46.08;34.25;1,121.00;122.00;84.00;75.00;;10.50;22/05/2024;PAMESA;PAMESA;ANTIC GRES PORCELNICO RECTF.;0338690070911;;SOLID;KENZO;PIEDRA;;POLIVALENTE;BASE;BASE;ANTIC;VARIACION LEVE;NO;NO;NO;;;CLASE 0;;;GRUPO BIa;GL Esmaltado;;;NO;;1600-2400 N - 35-45 N/mm2;1;033.869.0007.00911;30X30 (5)MALLA;CATLOGO PAMESA;;;60;120;10,5;7200;60x120;KENZO;BEIGE;https://www.pamesa.com/ERP/4.0/empresas/151/045/imagenes/t00010602/0338690070911.jpg
17;250;12;911;0172500120911;SI;REC.GLASS;60x120(n) KENZO BLANCO;A;SI;SI;0.0000;SOL23;PAMESA;PAMESA;L/36/02 RF;8429991966614;;8429991773199;M2;2;1.44;36;51.84;28.62;1,055.32;122.00;84.00;73.50;;;25/09/2024;PAMESA;PAMESA;GRES PORCELNICO;0172500120911;;SOLID;KENZO;PIEDRA;;POLIVALENTE;BASE;BASE;MATE RECTIFICADO;VARIACION LEVE;;NO;NO;;;CLASE 1;R9;;GRUPO BIa;GL Esmaltado;;;NO;;1600-2400 N - 35-45 N/mm2;1;017.250.0012.00911;60X120 RF;CATLOGO PAMESA;;;60;120;9;7200;60x120;KENZO;BLANCO;https://www.pamesa.com/ERP/4.0/empresas/151/045/imagenes/t00010602/0172500120911.jpg
33;869;12;911;0338690120911;SI;POLIMAT;60x120 KENZO BLANCO;A;SI;SI;37.5000;SOL27;PAMESA;PAMESA;L/32/02;8429991933999;;8429991773199;M2;2;1.44;32;46.08;34.25;1,121.00;122.00;84.00;75.00;;10.50;22/05/2024;PAMESA;PAMESA;ANTIC GRES PORCELNICO RECTF.;0338690120911;;SOLID;KENZO;PIEDRA;;POLIVALENTE;BASE;BASE;ANTIC;VARIACION LEVE;NO;NO;NO;;;CLASE 0;;;GRUPO BIa;GL Esmaltado;;;NO;;1600-2400 N - 35-45 N/mm2;1;033.869.0012.00911;30X30 (5)MALLA;CATLOGO PAMESA;;;60;120;10,5;7200;60x120;KENZO;BLANCO;https://www.pamesa.com/ERP/4.0/empresas/151/045/imagenes/t00010602/0338690120911.jpg
17;250;2;911;0172500020911;SI;REC.GLASS;60x120(n) KENZO GRIS;A;SI;SI;0.0000;SOL23;PAMESA;PAMESA;L/36/02 RF;8429991966584;;8429991773199;M2;2;1.44;36;51.84;28.62;1,055.32;122.00;84.00;73.50;;;25/09/2024;PAMESA;PAMESA;GRES PORCELNICO;0172500020911;;SOLID;KENZO;PIEDRA;;POLIVALENTE;BASE;BASE;MATE RECTIFICADO;VARIACION LEVE;;NO;NO;;;CLASE 1;R9;;GRUPO BIa;GL Esmaltado;;;NO;;1600-2400 N - 35-45 N/mm2;1;017.250.0002.00911;60x60;CATLOGO PAMESA;;;60;120;9;7200;60x120;KENZO;GRIS;https://www.pamesa.com/ERP/4.0/empresas/151/045/imagenes/t00010602/0172500020911.jpg
33;869;2;911;0338690020911;SI;POLIMAT;60x120 KENZO GRIS;A;SI;SI;37.5000;SOL27;PAMESA;PAMESA;L/32/02;8429991933975;;8429991773199;M2;2;1.44;32;46.08;34.25;1,121.00;122.00;84.00;75.00;;10.50;22/05/2024;PAMESA;PAMESA;ANTIC GRES PORCELNICO RECTF.;0338690020911;;SOLID;KENZO;PIEDRA;;POLIVALENTE;BASE;BASE;ANTIC;VARIACION LEVE;NO;NO;NO;;;CLASE 0;;;GRUPO BIa;GL Esmaltado;;;NO;;1600-2400 N - 35-45 N/mm2;1;033.869.0002.00911;30X30 (5)MALLA;CATLOGO PAMESA;;;60;120;10,5;7200;60x120;KENZO;GRIS;https://www.pamesa.com/ERP/4.0/empresas/151/045/imagenes/t00010602/0338690020911.jpg
17;250;28;911;0172500280911;SI;REC.GLASS;60x120(n) KENZO MARENGO;A;SI;SI;0.0000;SOL23;PAMESA;PAMESA;L/36/02 RF;8429991966621;;8429991773199;M2;2;1.44;36;51.84;28.62;1,055.32;122.00;84.00;73.50;;;25/09/2024;PAMESA;PAMESA;GRES PORCELNICO;0172500280911;;SOLID;KENZO;PIEDRA;;POLIVALENTE;BASE;BASE;MATE RECTIFICADO;VARIACION LEVE;;NO;NO;;;CLASE 1;R9;;GRUPO BIa;GL Esmaltado;;;NO;;1600-2400 N - 35-45 N/mm2;1;017.250.0028.00911;120X280(6MM);CATLOGO PAMESA;;;60;120;9;7200;60x120;KENZO;MARENGO;https://www.pamesa.com/ERP/4.0/empresas/151/045/imagenes/t00010602/0172500280911.jpg
33;869;28;911;0338690280911;SI;POLIMAT;60x120 KENZO MARENGO;A;SI;SI;37.5000;SOL27;PAMESA;PAMESA;L/32/02;8429991934033;;8429991773199;M2;2;1.44;32;46.08;34.25;1,121.00;122.00;84.00;75.00;;10.50;22/05/2024;PAMESA;PAMESA;ANTIC GRES PORCELNICO RECTF.;0338690280911;;SOLID;KENZO;PIEDRA;;POLIVALENTE;BASE;BASE;ANTIC;VARIACION LEVE;NO;NO;NO;;;CLASE 0;;;GRUPO BIa;GL Esmaltado;;;NO;;1600-2400 N - 35-45 N/mm2;1;033.869.0028.00911;60X120 RF;CATLOGO PAMESA;;;60;120;10,5;7200;60x120;KENZO;MARENGO;https://www.pamesa.com/ERP/4.0/empresas/151/045/imagenes/t00010602/0338690280911.jpg
17;250;33;911;0172500330911;SI;REC.GLASS;60x120(n) KENZO MARFIL;A;SI;SI;0.0000;SOL23;PAMESA;PAMESA;L/36/02 RF;8429991966638;;8429991773199;M2;2;1.44;36;51.84;28.62;1,055.32;122.00;84.00;73.50;;;25/09/2024;PAMESA;PAMESA;GRES PORCELNICO;0172500330911;;SOLID;KENZO;PIEDRA;;POLIVALENTE;BASE;BASE;MATE RECTIFICADO;VARIACION LEVE;;NO;NO;;;CLASE 1;R9;;GRUPO BIa;GL Esmaltado;;;NO;;1600-2400 N - 35-45 N/mm2;1;017.250.0033.00911;100X100;CATLOGO PAMESA;;;60;120;9;7200;60x120;KENZO;MARFIL;https://www.pamesa.com/ERP/4.0/empresas/151/045/imagenes/t00010602/0172500330911.jpg
33;869;33;911;0338690330911;SI;POLIMAT;60x120 KENZO MARFIL;A;SI;SI;37.5000;SOL27;PAMESA;PAMESA;L/32/02;8429991934019;;8429991773199;M2;2;1.44;32;46.08;34.25;1,121.00;122.00;84.00;75.00;;10.50;22/05/2024;PAMESA;PAMESA;ANTIC GRES PORCELNICO RECTF.;0338690330911;;SOLID;KENZO;PIEDRA;;POLIVALENTE;BASE;BASE;ANTIC;VARIACION LEVE;NO;NO;NO;;;CLASE 0;;;GRUPO BIa;GL Esmaltado;;;NO;;1600-2400 N - 35-45 N/mm2;1;033.869.0033.00911;30X30 (5)MALLA;CATLOGO PAMESA;;;60;120;10,5;7200;60x120;KENZO;MARFIL;https://www.pamesa.com/ERP/4.0/empresas/151/045/imagenes/t00010602/0338690330911.jpg
17;840;7;911;0178400070911;SI;REC.GLASS;60x60 KENZO BEIGE;A;SI;SI;22.5000;SOL12;PAMESA;PAMESA;F/30/04 9MM;8429991933883;;8429991773199;M2;4;1.44;30;43.20;29.75;912.50;120.00;80.00;73.50;;9.00;22/05/2024;PAMESA;PAMESA;GRES PORCELNICO;0178400070911;;SOLID;KENZO;PIEDRA;;POLIVALENTE;BASE;BASE;MATE RECTIFICADO;VARIACION LEVE;;NO;;;;CLASE 1;R9;;GRUPO BIa;GL Esmaltado;;;NO;;1600-2400 N - 35-45 N/mm2;1;017.840.0007.00911;60x60;CATLOGO PAMESA;;;60;60;9;3600;60x60;KENZO;BEIGE;https://www.pamesa.com/ERP/4.0/empresas/151/045/imagenes/t00010602/0178400070911.jpg
33;840;7;911;0338400070911;SI;POLIMAT;60x60 KENZO BEIGE;A;SI;SI;28.7500;SOL15;PAMESA;PAMESA;F/30/04 9MM;8429991934125;;8429991773199;M2;4;1.44;30;43.20;29.75;912.50;120.00;80.00;73.50;;9.00;22/05/2024;PAMESA;PAMESA;ANTIC GRES PORCELNICO RECTF.;0338400070911;;SOLID;KENZO;PIEDRA;;POLIVALENTE;BASE;BASE;ANTIC;VARIACION LEVE;NO;NO;;;;CLASE 0;;;GRUPO BIa;GL Esmaltado;;;NO;;1600-2400 N - 35-45 N/mm2;1;033.840.0007.00911;60X120 RF;CATLOGO PAMESA;;;60;60;9;3600;60x60;KENZO;BEIGE;https://www.pamesa.com/ERP/4.0/empresas/151/045/imagenes/t00010602/0338400070911.jpg
17;840;12;911;0178400120911;SI;REC.GLASS;60x60 KENZO BLANCO;A;SI;SI;22.5000;SOL12;PAMESA;PAMESA;F/30/04 9MM;8429991933876;;8429991773199;M2;4;1.44;30;43.20;29.75;912.50;120.00;80.00;73.50;;9.00;22/05/2024;PAMESA;PAMESA;GRES PORCELNICO;0178400120911;;SOLID;KENZO;PIEDRA;;POLIVALENTE;BASE;BASE;MATE RECTIFICADO;VARIACION LEVE;;NO;;;;CLASE 1;R9;;GRUPO BIa;GL Esmaltado;;;NO;;1600-2400 N - 35-45 N/mm2;1;017.840.0012.00911;100x100(N)20MM;CATLOGO PAMESA;;;60;60;9;3600;60x60;KENZO;BLANCO;https://www.pamesa.com/ERP/4.0/empresas/151/045/imagenes/t00010602/0178400120911.jpg
33;840;12;911;0338400120911;SI;POLIMAT;60x60 KENZO BLANCO;A;SI;SI;28.7500;SOL15;PAMESA;PAMESA;F/30/04 9MM;8429991934132;;8429991773199;M2;4;1.44;30;43.20;29.75;912.50;120.00;80.00;73.50;;9.00;22/05/2024;PAMESA;PAMESA;ANTIC GRES PORCELNICO RECTF.;0338400120911;;SOLID;KENZO;PIEDRA;;POLIVALENTE;BASE;BASE;ANTIC;VARIACION LEVE;NO;NO;;;;CLASE 0;;;GRUPO BIa;GL Esmaltado;;;NO;;1600-2400 N - 35-45 N/mm2;1;033.840.0012.00911;60X120 RF;CATLOGO PAMESA;;;60;60;9;3600;60x60;KENZO;BLANCO;https://www.pamesa.com/ERP/4.0/empresas/151/045/imagenes/t00010602/0338400120911.jpg
17;840;2;911;0178400020911;SI;REC.GLASS;60x60 KENZO GRIS;A;SI;SI;22.5000;SOL12;PAMESA;PAMESA;F/30/04 9MM;8429991933869;;8429991773199;M2;4;1.44;30;43.20;29.75;912.50;120.00;80.00;73.50;;9.00;22/05/2024;PAMESA;PAMESA;GRES PORCELNICO;0178400020911;;SOLID;KENZO;PIEDRA;;POLIVALENTE;BASE;BASE;MATE RECTIFICADO;VARIACION LEVE;;NO;;;;CLASE 1;R9;;GRUPO BIa;GL Esmaltado;;;NO;;1600-2400 N - 35-45 N/mm2;1;017.840.0002.00911;30x30(7)Malla;CATLOGO PAMESA;;;60;60;9;3600;60x60;KENZO;GRIS;https://www.pamesa.com/ERP/4.0/empresas/151/045/imagenes/t00010602/0178400020911.jpg
33;840;2;911;0338400020911;SI;POLIMAT;60x60 KENZO GRIS;A;SI;SI;28.7500;SOL15;PAMESA;PAMESA;F/30/04 9MM;8429991934118;;8429991773199;M2;4;1.44;30;43.20;29.75;912.50;120.00;80.00;73.50;;9.00;22/05/2024;PAMESA;PAMESA;ANTIC GRES PORCELNICO RECTF.;0338400020911;;SOLID;KENZO;PIEDRA;;POLIVALENTE;BASE;BASE;ANTIC;VARIACION LEVE;NO;NO;;;;CLASE 0;;;GRUPO BIa;GL Esmaltado;;;NO;;1600-2400 N - 35-45 N/mm2;1;033.840.0002.00911;60X120 RF;CATLOGO PAMESA;;;60;60;9;3600;60x60;KENZO;GRIS;https://www.pamesa.com/ERP/4.0/empresas/151/045/imagenes/t00010602/0338400020911.jpg
17;840;28;911;0178400280911;SI;REC.GLASS;60x60 KENZO MARENGO;A;SI;SI;22.5000;SOL12;PAMESA;PAMESA;F/30/04 9MM;8429991933906;;8429991773199;M2;4;1.44;30;43.20;29.75;912.50;120.00;80.00;73.50;;9.00;22/05/2024;PAMESA;PAMESA;GRES PORCELNICO;0178400280911;;SOLID;KENZO;PIEDRA;;POLIVALENTE;BASE;BASE;MATE RECTIFICADO;VARIACION LEVE;;NO;;;;CLASE 1;R9;;GRUPO BIa;GL Esmaltado;;;NO;;1600-2400 N - 35-45 N/mm2;1;017.840.0028.00911;90X90(N);CATLOGO PAMESA;;;60;60;9;3600;60x60;KENZO;MARENGO;https://www.pamesa.com/ERP/4.0/empresas/151/045/imagenes/t00010602/0178400280911.jpg
33;840;28;911;0338400280911;SI;POLIMAT;60x60 KENZO MARENGO;A;SI;SI;28.7500;SOL15;PAMESA;PAMESA;F/30/04 9MM;8429991934101;;8429991773199;M2;4;1.44;30;43.20;29.75;912.50;120.00;80.00;73.50;;9.00;22/05/2024;PAMESA;PAMESA;ANTIC GRES PORCELNICO RECTF.;0338400280911;;SOLID;KENZO;PIEDRA;;POLIVALENTE;BASE;BASE;ANTIC;VARIACION LEVE;NO;NO;;;;CLASE 0;;;GRUPO BIa;GL Esmaltado;;;NO;;1600-2400 N - 35-45 N/mm2;1;033.840.0028.00911;60X120 RF;CATLOGO PAMESA;;;60;60;9;3600;60x60;KENZO;MARENGO;https://www.pamesa.com/ERP/4.0/empresas/151/045/imagenes/t00010602/0338400280911.jpg
17;840;33;911;0178400330911;SI;REC.GLASS;60x60 KENZO MARFIL;A;SI;SI;22.5000;SOL12;PAMESA;PAMESA;F/30/04 9MM;8429991973889;;8429991773199;M2;4;1.44;30;43.20;29.75;912.50;120.00;80.00;73.50;;9.00;22/05/2024;PAMESA;PAMESA;GRES PORCELNICO;0178400330911;;SOLID;KENZO;PIEDRA;;POLIVALENTE;BASE;BASE;MATE RECTIFICADO;VARIACION LEVE;;NO;;;;CLASE 1;R9;;GRUPO BIa;GL Esmaltado;;;NO;;1600-2400 N - 35-45 N/mm2;1;017.840.0033.00911;60X120 RF;CATLOGO PAMESA;;;60;60;9;3600;60x60;KENZO;MARFIL;https://www.pamesa.com/ERP/4.0/empresas/151/045/imagenes/t00010602/0178400330911.jpg
33;840;33;911;0338400330911;SI;POLIMAT;60x60 KENZO MARFIL;A;SI;SI;28.7500;SOL15;PAMESA;PAMESA;F/30/04 9MM;8429991934149;;8429991773199;M2;4;1.44;30;43.20;29.75;912.50;120.00;80.00;73.50;;9.00;22/05/2024;PAMESA;PAMESA;ANTIC GRES PORCELNICO RECTF.;0338400330911;;SOLID;KENZO;PIEDRA;;POLIVALENTE;BASE;BASE;ANTIC;VARIACION LEVE;NO;NO;;;;CLASE 0;;;GRUPO BIa;GL Esmaltado;;;NO;;1600-2400 N - 35-45 N/mm2;1;033.840.0033.00911;60X60;CATLOGO PAMESA;;;60;60;9;3600;60x60;KENZO;MARFIL;https://www.pamesa.com/ERP/4.0/empresas/151/045/imagenes/t00010602/0338400330911.jpg
25;281;7;911;0252810070911;SI;PZ.ESP COM-GLAS;30x30 (5)Malla KENZO BEIGE;A;SI;SI;70.2500;MOS5;PAMESA;PAMESA;E/42/11;8429991962456;;;M2;11;1.00;42;42.00;23.00;986.00;120.00;80.00;;;;06/09/2024;PAMESA;PAMESA;GRES PORCELNICO;0252810070911;;SOLID;KENZO;PIEDRA;;POLIVALENTE;MALLA;MOSAICO;MATE RECTIFICADO;VARIACION LEVE;;NO;NO;;;CLASE 1;;;GRUPO BIa;GL Esmaltado;;;NO;;;1;025.281.0007.00911;60X60n(C);CATLOGO PAMESA;;;30;30;0;900;30x30;KENZO;BEIGE;https://www.pamesa.com/ERP/4.0/empresas/151/045/imagenes/t00010602/0252810070911.jpg
34;281;7;911;0342810070911;SI;PZ.ESP.POLIMAT;30x30 (5)Malla KENZO BEIGE;A;SI;SI;70.2500;MOS5;PAMESA;PAMESA;E/42/11;8429991962500;;;M2;11;1.00;42;42.00;23.00;986.00;120.00;80.00;;;;06/09/2024;PAMESA;PAMESA;ANTIC GRES PORCELNICO RECTF.;0342810070911;;SOLID;KENZO;PIEDRA;;POLIVALENTE;MALLA;MOSAICO;ANTIC;VARIACION LEVE;NO;NO;NO;;;CLASE 0;;;GRUPO BIa;GL Esmaltado;;;NO;;;1;034.281.0007.00911;36x80;CATLOGO PAMESA;;;30;30;0;900;30x30;KENZO;BEIGE;https://www.pamesa.com/ERP/4.0/empresas/151/045/imagenes/t00010602/0342810070911.jpg
25;281;12;911;0252810120911;SI;PZ.ESP COM-GLAS;30x30 (5)Malla KENZO BLANCO;A;SI;SI;70.2500;MOS5;PAMESA;PAMESA;E/42/11;8429991962463;;;M2;11;1.00;42;42.00;23.00;986.00;120.00;80.00;;;;06/09/2024;PAMESA;PAMESA;GRES PORCELNICO;0252810120911;;SOLID;KENZO;PIEDRA;;POLIVALENTE;MALLA;MOSAICO;MATE RECTIFICADO;VARIACION LEVE;;NO;NO;;;CLASE 1;;;GRUPO BIa;GL Esmaltado;;;NO;;;1;025.281.0012.00911;30X30 (5)MALLA;CATLOGO PAMESA;;;30;30;0;900;30x30;KENZO;BLANCO;https://www.pamesa.com/ERP/4.0/empresas/151/045/imagenes/t00010602/0252810120911.jpg
34;281;12;911;0342810120911;SI;PZ.ESP.POLIMAT;30x30 (5)Malla KENZO BLANCO;A;SI;SI;70.2500;MOS5;PAMESA;PAMESA;E/42/11;8429991962524;;;M2;11;1.00;42;42.00;23.00;986.00;120.00;80.00;;;;06/09/2024;PAMESA;PAMESA;ANTIC GRES PORCELNICO RECTF.;0342810120911;;SOLID;KENZO;PIEDRA;;POLIVALENTE;MALLA;MOSAICO;ANTIC;VARIACION LEVE;NO;NO;NO;;;CLASE 0;;;GRUPO BIa;GL Esmaltado;;;NO;;;1;034.281.0012.00911;30X90PBCA;CATLOGO PAMESA;;;30;30;0;900;30x30;KENZO;BLANCO;https://www.pamesa.com/ERP/4.0/empresas/151/045/imagenes/t00010602/0342810120911.jpg
25;281;2;911;0252810020911;SI;PZ.ESP COM-GLAS;30x30 (5)Malla KENZO GRIS;A;SI;SI;70.2500;MOS5;PAMESA;PAMESA;E/42/11;8429991962432;;;M2;11;1.00;42;42.00;23.00;986.00;120.00;80.00;;;;06/09/2024;PAMESA;PAMESA;GRES PORCELNICO;0252810020911;;SOLID;KENZO;PIEDRA;;POLIVALENTE;MALLA;MOSAICO;MATE RECTIFICADO;VARIACION LEVE;;NO;NO;;;CLASE 1;;;GRUPO BIa;GL Esmaltado;;;NO;;;1;025.281.0002.00911;60X60n(C);CATLOGO PAMESA;;;30;30;0;900;30x30;KENZO;GRIS;https://www.pamesa.com/ERP/4.0/empresas/151/045/imagenes/t00010602/0252810020911.jpg
34;281;2;911;0342810020911;SI;PZ.ESP.POLIMAT;30x30 (5)Malla KENZO GRIS;A;SI;SI;70.2500;MOS5;PAMESA;PAMESA;E/42/11;8429991962517;;;M2;11;1.00;42;42.00;23.00;986.00;120.00;80.00;;;;06/09/2024;PAMESA;PAMESA;ANTIC GRES PORCELNICO RECTF.;0342810020911;;SOLID;KENZO;PIEDRA;;POLIVALENTE;MALLA;MOSAICO;ANTIC;VARIACION LEVE;NO;NO;NO;;;CLASE 0;;;GRUPO BIa;GL Esmaltado;;;NO;;;1;034.281.0002.00911;60X120 PB;CATLOGO PAMESA;;;30;30;0;900;30x30;KENZO;GRIS;https://www.pamesa.com/ERP/4.0/empresas/151/045/imagenes/t00010602/0342810020911.jpg
25;281;28;911;0252810280911;SI;PZ.ESP COM-GLAS;30x30 (5)Malla KENZO MARENGO;A;SI;SI;70.2500;MOS5;PAMESA;PAMESA;E/42/11;8429991962470;;;M2;11;1.00;42;42.00;23.00;986.00;120.00;80.00;;;;06/09/2024;PAMESA;PAMESA;GRES PORCELNICO;0252810280911;;SOLID;KENZO;PIEDRA;;POLIVALENTE;MALLA;MOSAICO;MATE RECTIFICADO;VARIACION LEVE;;NO;NO;;;CLASE 1;;;GRUPO BIa;GL Esmaltado;;;NO;;;1;025.281.0028.00911;120X120;CATLOGO PAMESA;;;30;30;0;900;30x30;KENZO;MARENGO;https://www.pamesa.com/ERP/4.0/empresas/151/045/imagenes/t00010602/0252810280911.jpg
34;281;28;911;0342810280911;SI;PZ.ESP.POLIMAT;30x30 (5)Malla KENZO MARENGO;A;SI;SI;70.2500;MOS5;PAMESA;PAMESA;E/42/11;8429991962531;;;M2;11;1.00;42;42.00;23.00;986.00;120.00;80.00;;;;06/09/2024;PAMESA;PAMESA;ANTIC GRES PORCELNICO RECTF.;0342810280911;;SOLID;KENZO;PIEDRA;;POLIVALENTE;MALLA;MOSAICO;ANTIC;VARIACION LEVE;NO;NO;NO;;;CLASE 0;;;GRUPO BIa;GL Esmaltado;;;NO;;;1;034.281.0028.00911;30X90PBCA;CATLOGO PAMESA;;;30;30;0;900;30x30;KENZO;MARENGO;https://www.pamesa.com/ERP/4.0/empresas/151/045/imagenes/t00010602/0342810280911.jpg
25;281;33;911;0252810330911;SI;PZ.ESP COM-GLAS;30x30 (5)Malla KENZO MARFIL;A;SI;SI;70.2500;MOS5;PAMESA;PAMESA;E/42/11;8429991962487;;;M2;11;1.00;42;42.00;23.00;986.00;120.00;80.00;;;;06/09/2024;PAMESA;PAMESA;GRES PORCELNICO;0252810330911;;SOLID;KENZO;PIEDRA;;POLIVALENTE;MALLA;MOSAICO;MATE RECTIFICADO;VARIACION LEVE;;NO;NO;;;CLASE 1;;;GRUPO BIa;GL Esmaltado;;;NO;;;1;025.281.0033.00911;90X90(N);CATLOGO PAMESA;;;30;30;0;900;30x30;KENZO;MARFIL;https://www.pamesa.com/ERP/4.0/empresas/151/045/imagenes/t00010602/0252810330911.jpg
34;281;33;911;0342810330911;SI;PZ.ESP.POLIMAT;30x30 (5)Malla KENZO MARFIL;A;SI;SI;70.2500;MOS5;PAMESA;PAMESA;E/42/11;8429991962562;;;M2;11;1.00;42;42.00;23.00;986.00;120.00;80.00;;;;06/09/2024;PAMESA;PAMESA;ANTIC GRES PORCELNICO RECTF.;0342810330911;;SOLID;KENZO;PIEDRA;;POLIVALENTE;MALLA;MOSAICO;ANTIC;VARIACION LEVE;NO;NO;NO;;;CLASE 0;;;GRUPO BIa;GL Esmaltado;;;NO;;;1;034.281.0033.00911;30X90PBCA;CATLOGO PAMESA;;;30;30;0;900;30x30;KENZO;MARFIL;https://www.pamesa.com/ERP/4.0/empresas/151/045/imagenes/t00010602/0342810330911.jpg
52;961;30;2967;0529610302967;SI;SLIM MATE RECTIF.;120x280(6mm) KONCEPT NACAR;A;SI;SI;62.5000;XXL04;PAMESA;PAMESA;05/20/01;8429991794460;;8429991773199;M2;1;3.36;20;67.20;52.00;1,140.00;290.00;140.00;36.00;;;11/01/2023;PAMESA;PAMESA;GRES PORCELNICO;0529610302967;;SOLID;KONCEPT;CEMENTO;;POLIVALENTE;BASE;BASE;MATE RECTIFICADO;VARIACION LEVE;NO;NO;NO;;;CLASE 0;;;GRUPO BIa;GL Esmaltado;;;NO;;>700 N - 35-45 N/mm2;1;052.961.0030.02967;25X150;CATLOGO PAMESA;;;120;280;6;33600;120x280;KONCEPT;NACAR;https://www.pamesa.com/ERP/4.0/empresas/151/045/imagenes/t00010602/0529610302967.jpg
52;154;30;2967;0521540302967;SI;SLIM MATE RECTIF.;160X160(8MM) KONCEPT NACAR;A;SI;SI;47.5000;XXL03;PAMESA;PAMESA;O/20/01;8429991877095;;8429991773199;M2;1;2.56;20;51.20;48.62;1,062.40;176.00;176.00;34.00;;7.80;16/01/2024;PAMESA;PAMESA;GRES PORCELNICO;0521540302967;;SOLID;KONCEPT;CEMENTO;;POLIVALENTE;BASE;BASE;MATE RECTIFICADO;VARIACION LEVE;NO;NO;;;;CLASE 1;R10;;GRUPO BIa;GL Esmaltado;;;NO;;1600-2400 N - 35-45 N/mm2;1;052.154.0030.02967;60,8x60,8;CATLOGO PAMESA;;;160;160;8;25600;160x160;KONCEPT;NACAR;https://www.pamesa.com/ERP/4.0/empresas/151/045/imagenes/t00010602/0521540302967.jpg
35;120;135;2967;0351201352967;SI;REC.PEDRA;120x120 KONCEPT ARGENT;A;SI;SI;42.5000;SOL35;PAMESA;PAMESA;23/36/01;8429991298807;;8429991773236;M2;1;1.44;36;51.84;34.36;1,276.96;126.00;126.00;71.00;;;24/01/2017;PAMESA;SERIE KONCEPT;GRES PORCELNICO;0351201352967;;SOLID;KONCEPT;CEMENTO;;POLIVALENTE;BASE;BASE;MATE RECTIFICADO;VARIACION LEVE;NO;NO;;;;CLASE 1;R9;;GRUPO BIa;UGL No esmaltado;60 Low;;NO;;1600-2400 N - 35-45 N/mm2;1;035.120.0135.02967;33,3x100;CATLOGO PAMESA;;;120;120;10,2;14400;120x120;KONCEPT;ARGENT;https://www.pamesa.com/ERP/4.0/empresas/151/045/imagenes/t00010602/0351201352967.jpg
35;120;364;2967;0351203642967;SI;REC.PEDRA;120x120 KONCEPT DESERT;A;SI;SI;42.5000;SOL35;PAMESA;PAMESA;23/36/01;8429991298784;;8429991773236;M2;1;1.44;36;51.84;34.36;1,276.96;126.00;126.00;71.00;;;24/01/2017;PAMESA;SERIE KONCEPT;GRES PORCELNICO;0351203642967;;SOLID;KONCEPT;CEMENTO;;POLIVALENTE;BASE;BASE;MATE RECTIFICADO;VARIACION LEVE;NO;NO;;;;CLASE 1;R9;;GRUPO BIa;UGL No esmaltado;60 Low;;NO;;1600-2400 N - 35-45 N/mm2;1;035.120.0364.02967;33,3x100;CATLOGO PAMESA;;;120;120;10,2;14400;120x120;KONCEPT;DESERT;https://www.pamesa.com/ERP/4.0/empresas/151/045/imagenes/t00010602/0351203642967.jpg
35;120;2;2967;0351200022967;SI;REC.PEDRA;120x120 KONCEPT GRIS;A;SI;SI;42.5000;SOL35;PAMESA;PAMESA;23/36/01;8429991298814;;8429991773236;M2;1;1.44;36;51.84;34.36;1,276.96;126.00;126.00;71.00;;;24/01/2017;PAMESA;SERIE KONCEPT;GRES PORCELNICO;0351200022967;;SOLID;KONCEPT;CEMENTO;;POLIVALENTE;BASE;BASE;MATE RECTIFICADO;VARIACION LEVE;NO;NO;;;;CLASE 1;R9;;GRUPO BIa;UGL No esmaltado;60 Low;;NO;;1600-2400 N - 35-45 N/mm2;1;035.120.0002.02967;30X90PBCA;CATLOGO PAMESA;;;120;120;10,2;14400;120x120;KONCEPT;GRIS;https://www.pamesa.com/ERP/4.0/empresas/151/045/imagenes/t00010602/0351200022967.jpg
35;120;125;2967;0351201252967;SI;REC.PEDRA;120x120 KONCEPT MICA;A;SI;SI;42.5000;SOL35;PAMESA;PAMESA;23/36/01;8429991298821;;8429991773236;M2;1;1.44;36;51.84;34.36;1,276.96;126.00;126.00;71.00;;;24/01/2017;PAMESA;SERIE KONCEPT;GRES PORCELNICO;0351201252967;;SOLID;KONCEPT;CEMENTO;;POLIVALENTE;BASE;BASE;MATE RECTIFICADO;VARIACION LEVE;NO;NO;;;;CLASE 1;R9;;GRUPO BIa;UGL No esmaltado;60 Low;;NO;;1600-2400 N - 35-45 N/mm2;1;035.120.0125.02967;36x80;CATLOGO PAMESA;;;120;120;10,2;14400;120x120;KONCEPT;MICA;https://www.pamesa.com/ERP/4.0/empresas/151/045/imagenes/t00010602/0351201252967.jpg
35;120;30;2967;0351200302967;SI;REC.PEDRA;120x120 KONCEPT NACAR;A;SI;SI;42.5000;SOL35;PAMESA;PAMESA;23/36/01;8429991298777;;8429991773236;M2;1;1.44;36;51.84;34.36;1,276.96;126.00;126.00;71.00;;;24/01/2017;PAMESA;SERIE KONCEPT;GRES PORCELNICO;0351200302967;;SOLID;KONCEPT;CEMENTO;;POLIVALENTE;BASE;BASE;MATE RECTIFICADO;VARIACION LEVE;NO;NO;;;;CLASE 1;R9;;GRUPO BIa;UGL No esmaltado;60 Low;;NO;;1600-2400 N - 35-45 N/mm2;1;035.120.0030.02967;40X120;CATLOGO PAMESA;;;120;120;10,2;14400;120x120;KONCEPT;NACAR;https://www.pamesa.com/ERP/4.0/empresas/151/045/imagenes/t00010602/0351200302967.jpg
35;120;285;2967;0351202852967;SI;REC.PEDRA;120x120 KONCEPT TAUPE;A;SI;SI;42.5000;SOL35;PAMESA;PAMESA;23/36/01;8429991298791;;8429991773236;M2;1;1.44;36;51.84;34.36;1,276.96;126.00;126.00;71.00;;;24/01/2017;PAMESA;SERIE KONCEPT;GRES PORCELNICO;0351202852967;;SOLID;KONCEPT;CEMENTO;;POLIVALENTE;BASE;BASE;MATE RECTIFICADO;VARIACION LEVE;NO;NO;;;;CLASE 1;R9;;GRUPO BIa;UGL No esmaltado;60 Low;;NO;;1600-2400 N - 35-45 N/mm2;1;035.120.0285.02967;33,3x100;CATLOGO PAMESA;;;120;120;10,2;14400;120x120;KONCEPT;TAUPE;https://www.pamesa.com/ERP/4.0/empresas/151/045/imagenes/t00010602/0351202852967.jpg
17;250;135;2967;0172500042268;SI;REC.GLASS;60x120(n) KONCEPT ARGENT;A;SI;SI;0.0000;SOL23;PAMESA;PAMESA;L/36/02 RF;8429991195847;;8429991773199;M2;2;1.44;36;51.84;28.62;1,055.32;122.00;84.00;73.50;;;13/11/2025;PAMESA;PAMESA;GRES PORCELNICO;0172500042268;;SOLID;KONCEPT;CEMENTO;;POLIVALENTE;BASE;BASE;MATE RECTIFICADO;VARIACION LEVE;;;;;;CLASE 1;R9;;GRUPO BIa;GL Esmaltado;;;NO;;1600-2400 N - 35-45 N/mm2;1;017.250.0135.02967;120X280(6MM);CATLOGO PAMESA;;;60;120;9;7200;60x120;KONCEPT;ARGENT;https://www.pamesa.com/ERP/4.0/empresas/151/045/imagenes/t00010602/0172500042268.jpg
35;869;135;2967;0358691352967;SI;REC.PEDRA;60x120 KONCEPT ARGENT;A;SI;SI;33.5000;SOL25;PAMESA;PAMESA;L/32/02;8429991275907;;8429991773236;M2;2;1.44;32;46.08;34.25;1,121.00;122.00;84.00;75.00;;10.50;27/07/2016;PAMESA;SERIE KONCEPT;GRES PORCELNICO;0358691352967;;SOLID;KONCEPT;CEMENTO;;POLIVALENTE;BASE;BASE;MATE RECTIFICADO;VARIACION LEVE;NO;NO;;;;CLASE 1;R9;;GRUPO BIa;UGL No esmaltado;60 Low;;NO;;1600-2400 N - 35-45 N/mm2;1;035.869.0135.02967;40X120;CATLOGO PAMESA;;;60;120;10,5;7200;60x120;KONCEPT;ARGENT;https://www.pamesa.com/ERP/4.0/empresas/151/045/imagenes/t00010602/0358691352967.jpg
17;250;364;2967;0172500042270;SI;REC.GLASS;60x120(n) KONCEPT DESERT;A;SI;SI;0.0000;SOL23;PAMESA;PAMESA;L/36/02 RF;8429991195861;;8429991773199;M2;2;1.44;36;51.84;28.62;1,055.32;122.00;84.00;73.50;;;13/11/2025;PAMESA;PAMESA;GRES PORCELNICO;0172500042270;;SOLID;KONCEPT;CEMENTO;;POLIVALENTE;BASE;BASE;MATE RECTIFICADO;VARIACION LEVE;;;;;;CLASE 1;R9;;GRUPO BIa;GL Esmaltado;;;NO;;1600-2400 N - 35-45 N/mm2;1;017.250.0364.02967;60,8x60,8;CATLOGO PAMESA;;;60;120;9;7200;60x120;KONCEPT;DESERT;https://www.pamesa.com/ERP/4.0/empresas/151/045/imagenes/t00010602/0172500042270.jpg
35;869;364;2967;0358693642967;SI;REC.PEDRA;60x120 KONCEPT DESERT;A;SI;SI;33.5000;SOL25;PAMESA;PAMESA;L/32/02;8429991275884;;8429991773236;M2;2;1.44;32;46.08;34.25;1,121.00;122.00;84.00;75.00;;10.50;27/07/2016;PAMESA;SERIE KONCEPT;GRES PORCELNICO;0358693642967;;SOLID;KONCEPT;CEMENTO;;POLIVALENTE;;BASE;MATE RECTIFICADO;VARIACION LEVE;NO;NO;;;;CLASE 1;R9;;GRUPO BIa;UGL No esmaltado;60 Low;;NO;;1600-2400 N - 35-45 N/mm2;1;035.869.0364.02967;30X90PBCA;CATLOGO PAMESA;;;60;120;10,5;7200;60x120;KONCEPT;DESERT;https://www.pamesa.com/ERP/4.0/empresas/151/045/imagenes/t00010602/0358693642967.jpg
17;250;2;2967;0172500042262;SI;REC.GLASS;60x120(n) KONCEPT GRIS;A;SI;SI;0.0000;SOL23;PAMESA;PAMESA;L/36/02 RF;8429991195823;;8429991773199;M2;2;1.44;36;51.84;28.62;1,055.32;122.00;84.00;73.50;;;13/11/2025;PAMESA;PAMESA;GRES PORCELNICO;0172500042262;;SOLID;KONCEPT;CEMENTO;;POLIVALENTE;BASE;BASE;MATE RECTIFICADO;VARIACION LEVE;;;;;;CLASE 1;R9;;GRUPO BIa;GL Esmaltado;;;NO;;1600-2400 N - 35-45 N/mm2;1;017.250.0002.02967;120X120;CATLOGO PAMESA;;;60;120;9;7200;60x120;KONCEPT;GRIS;https://www.pamesa.com/ERP/4.0/empresas/151/045/imagenes/t00010602/0172500042262.jpg
35;869;2;2967;0358690022967;SI;REC.PEDRA;60x120 KONCEPT GRIS;A;SI;SI;33.5000;SOL25;PAMESA;PAMESA;L/32/02;8429991275914;;8429991773236;M2;2;1.44;32;46.08;34.25;1,121.00;122.00;84.00;75.00;;10.50;27/07/2016;PAMESA;SERIE KONCEPT;GRES PORCELNICO;0358690022967;;SOLID;KONCEPT;CEMENTO;;POLIVALENTE;BASE;BASE;MATE RECTIFICADO;VARIACION LEVE;NO;NO;;;;CLASE 1;R9;;GRUPO BIa;UGL No esmaltado;60 Low;;NO;;1600-2400 N - 35-45 N/mm2;1;035.869.0002.02967;60X120 PB;CATLOGO PAMESA;;;60;120;10,5;7200;60x120;KONCEPT;GRIS;https://www.pamesa.com/ERP/4.0/empresas/151/045/imagenes/t00010602/0358690022967.jpg
17;250;125;2967;0172500042267;SI;REC.GLASS;60x120(n) KONCEPT MICA;A;SI;SI;0.0000;SOL23;PAMESA;PAMESA;L/36/02 RF;8429991195830;;8429991773199;M2;2;1.44;36;51.84;28.62;1,055.32;122.00;84.00;73.50;;;13/11/2025;PAMESA;PAMESA;GRES PORCELNICO;0172500042267;;SOLID;KONCEPT;CEMENTO;;POLIVALENTE;BASE;BASE;MATE RECTIFICADO;VARIACION LEVE;;;;;;CLASE 1;R9;;GRUPO BIa;GL Esmaltado;;;NO;;1600-2400 N - 35-45 N/mm2;1;017.250.0125.02967;120X280(6MM);CATLOGO PAMESA;;;60;120;9;7200;60x120;KONCEPT;MICA;https://www.pamesa.com/ERP/4.0/empresas/151/045/imagenes/t00010602/0172500042267.jpg
35;869;125;2967;0358691252967;SI;REC.PEDRA;60x120 KONCEPT MICA;A;SI;SI;33.5000;SOL25;PAMESA;PAMESA;L/32/02;8429991275921;;8429991773236;M2;2;1.44;32;46.08;34.25;1,121.00;122.00;84.00;75.00;;10.50;27/07/2016;PAMESA;SERIE KONCEPT;GRES PORCELNICO;0358691252967;;SOLID;KONCEPT;CEMENTO;;POLIVALENTE;BASE;BASE;MATE RECTIFICADO;VARIACION LEVE;NO;NO;;;;CLASE 1;R9;;GRUPO BIa;UGL No esmaltado;60 Low;;NO;;1600-2400 N - 35-45 N/mm2;1;035.869.0125.02967;40X120;CATLOGO PAMESA;;;60;120;10,5;7200;60x120;KONCEPT;MICA;https://www.pamesa.com/ERP/4.0/empresas/151/045/imagenes/t00010602/0358691252967.jpg
35;869;30;2967;0358690302967;SI;REC.PEDRA;60x120 KONCEPT NACAR;A;SI;SI;33.5000;SOL25;PAMESA;PAMESA;L/32/02;8429991275891;;8429991773236;M2;2;1.44;32;46.08;34.25;1,121.00;122.00;84.00;75.00;;10.50;27/07/2016;PAMESA;SERIE KONCEPT;GRES PORCELNICO;0358690302967;;SOLID;KONCEPT;CEMENTO;;POLIVALENTE;BASE;BASE;MATE RECTIFICADO;VARIACION LEVE;NO;NO;;;;CLASE 1;R9;;GRUPO BIa;UGL No esmaltado;60 Low;;NO;;1600-2400 N - 35-45 N/mm2;1;035.869.0030.02967;60X120 PB;CATLOGO PAMESA;;;60;120;10,5;7200;60x120;KONCEPT;NACAR;https://www.pamesa.com/ERP/4.0/empresas/151/045/imagenes/t00010602/0358690302967.jpg
17;250;285;2967;0172500042269;SI;REC.GLASS;60x120(n) KONCEPT TAUPE;A;SI;SI;0.0000;SOL23;PAMESA;PAMESA;L/36/02 RF;8429991195854;;8429991773199;M2;2;1.44;36;51.84;28.62;1,055.32;122.00;84.00;73.50;;;13/11/2025;PAMESA;PAMESA;GRES PORCELNICO;0172500042269;;SOLID;KONCEPT;CEMENTO;;POLIVALENTE;BASE;BASE;MATE RECTIFICADO;VARIACION LEVE;;;;;;CLASE 1;R9;;GRUPO BIa;GL Esmaltado;;;NO;;1600-2400 N - 35-45 N/mm2;1;017.250.0285.02967;30x30(7)Malla;CATLOGO PAMESA;;;60;120;9;7200;60x120;KONCEPT;TAUPE;https://www.pamesa.com/ERP/4.0/empresas/151/045/imagenes/t00010602/0172500042269.jpg
35;869;285;2967;0358692852967;SI;REC.PEDRA;60x120 KONCEPT TAUPE;A;SI;SI;33.5000;SOL25;PAMESA;PAMESA;L/32/02;8429991275877;;8429991773236;M2;2;1.44;32;46.08;34.25;1,121.00;122.00;84.00;75.00;;10.50;27/07/2016;PAMESA;SERIE KONCEPT;GRES PORCELNICO;0358692852967;;SOLID;KONCEPT;CEMENTO;;POLIVALENTE;BASE;BASE;MATE RECTIFICADO;VARIACION LEVE;NO;NO;;;;CLASE 1;R9;;GRUPO BIa;UGL No esmaltado;60 Low;;NO;;1600-2400 N - 35-45 N/mm2;1;035.869.0285.02967;36x80;CATLOGO PAMESA;;;60;120;10,5;7200;60x120;KONCEPT;TAUPE;https://www.pamesa.com/ERP/4.0/empresas/151/045/imagenes/t00010602/0358692852967.jpg
17;986;135;2967;0179861352967;SI;REC.GLASS;60x90(N)20mm KONCEPT ARGENT;A;SI;SI;28.0000;2CM02;PAMESA;PAMESA;G/22/02;8429991881702;;8429991773199;M2;2;1.08;22;23.76;45.00;1,015.00;105.00;95.00;75.00;;20.00;30/01/2024;PAMESA;PAMESA;GRES PORCELNICO;0179861352967;;SOLID;KONCEPT;CEMENTO;;PAVIMENTO;BASE;BASE;MATE RECTIFICADO;VARIACION LEVE;NO;NO;;;;CLASE 3;R11;C;GRUPO BIa;GL Esmaltado;;36 Low;NO;0.42;>8000 N - 35-45 N/mm2;1;017.986.0135.02967;30x30(7)Malla;CATLOGO PAMESA;;;60;90;20;5400;60x90;KONCEPT;ARGENT;https://www.pamesa.com/ERP/4.0/empresas/151/045/imagenes/t00010602/0179861352967.jpg
17;986;30;2967;0179860302967;SI;REC.GLASS;60x90(N)20mm KONCEPT NACAR;A;SI;SI;28.0000;2CM02;PAMESA;PAMESA;G/22/02;8429991881689;;8429991773199;M2;2;1.08;22;23.76;45.00;1,015.00;105.00;95.00;75.00;;20.00;30/01/2024;PAMESA;PAMESA;GRES PORCELNICO;0179860302967;;SOLID;KONCEPT;CEMENTO;;PAVIMENTO;BASE;BASE;MATE RECTIFICADO;VARIACION LEVE;NO;NO;;;;CLASE 3;R11;C;GRUPO BIa;GL Esmaltado;;36 Low;NO;0.42;>8000 N - 35-45 N/mm2;1;017.986.0030.02967;30x60 (C);CATLOGO PAMESA;;;60;90;20;5400;60x90;KONCEPT;NACAR;https://www.pamesa.com/ERP/4.0/empresas/151/045/imagenes/t00010602/0179860302967.jpg
35;840;135;13630;0358400020594;SI;REC.PEDRA;60x60 EXT.KONCEPT ARGENT;A;SI;SI;25.0000;SOL13;PAM-ADZ.PAMESA;PAMESA;F/30/04 9MM;8429991838102;;8429991773236;M2;4;1.44;30;43.20;29.75;912.50;120.00;80.00;73.50;;9.00;05/07/2023;PAMESA;PAMESA;GRES PORCELNICO;0358400020594;;SOLID;KONCEPT;CEMENTO;;ANTIDESLIZANTE;;BASE;MATE RECTIFICADO;;NO;NO;;;;CLASE 3;R11;C;GRUPO BIa;UGL No esmaltado;;36 Low;NO;0.42;1600-2400 N - 35-45 N/mm2;1;035.840.0135.13630;30X90PBCA;CATLOGO PAMESA;;;60;60;9;3600;60x60;EXT.KONCEPT;ARGENT;https://www.pamesa.com/ERP/4.0/empresas/151/045/imagenes/t00010602/0358400020594.jpg
35;840;2;13630;0358400020591;SI;REC.PEDRA;60x60 EXT.KONCEPT GRIS;A;SI;SI;25.0000;SOL13;PAM-ADZ.PAMESA;PAMESA;F/30/04 9MM;8429991838096;;8429991773236;M2;4;1.44;30;43.20;29.75;912.50;120.00;80.00;73.50;;9.00;05/07/2023;PAMESA;PAMESA;GRES PORCELNICO;0358400020591;;SOLID;KONCEPT;CEMENTO;;ANTIDESLIZANTE;;BASE;MATE RECTIFICADO;;NO;NO;;;;CLASE 3;R11;C;GRUPO BIa;UGL No esmaltado;;36 Low;NO;0.42;1600-2400 N - 35-45 N/mm2;1;035.840.0002.13630;30X90PBCA;CATLOGO PAMESA;;;60;60;9;3600;60x60;EXT.KONCEPT;GRIS;https://www.pamesa.com/ERP/4.0/empresas/151/045/imagenes/t00010602/0358400020591.jpg
17;785;135;2967;0177851352967;SI;REC.GLASS;60x60N(20mm) KONCEPT ARGENT;A;SI;SI;0.0000;2CM01;PAMESA;PAMESA;F/30/02;8429991959210;;8429991773199;M2;2;0.72;30;21.60;28.50;875.00;120.00;80.00;73.50;;20.00;12/08/2024;PAMESA;PAMESA;GRES PORCELNICO;0177851352967;;SOLID;KONCEPT;CEMENTO;;PAVIMENTO;BASE;BASE;MATE RECTIFICADO;VARIACION LEVE;;NO;;;;CLASE 3;R11;C;GRUPO BIa;GL Esmaltado;;36 Low;NO;0.42;>8000 N - 35-45 N/mm2;1;017.785.0135.02967;60X60N(20MM);CATLOGO PAMESA;;;60;60;20;3600;60x60;KONCEPT;ARGENT;https://www.pamesa.com/ERP/4.0/empresas/151/045/imagenes/t00010602/0177851352967.jpg
35;840;135;2967;0358401352967;SI;REC.PEDRA;60x60 KONCEPT ARGENT;A;SI;SI;24.0000;SOL12;PAMESA;PAMESA;F/30/04 9MM;8429991275785;;8429991773236;M2;4;1.44;30;43.20;29.75;912.50;120.00;80.00;73.50;;9.00;27/07/2016;PAMESA;SERIE KONCEPT;GRES PORCELNICO;0358401352967;;SOLID;KONCEPT;CEMENTO;;POLIVALENTE;BASE;BASE;MATE RECTIFICADO;VARIACION LEVE;NO;NO;;;;CLASE 1;R9;;GRUPO BIa;UGL No esmaltado;60 Low;;NO;;1600-2400 N - 35-45 N/mm2;1;035.840.0135.02967;30X90PBCA;CATLOGO PAMESA;;;60;60;9;3600;60x60;KONCEPT;ARGENT;https://www.pamesa.com/ERP/4.0/empresas/151/045/imagenes/t00010602/0358401352967.jpg
35;840;364;2967;0358403642967;SI;REC.PEDRA;60x60 KONCEPT DESERT;A;SI;SI;24.0000;SOL12;PAMESA;PAMESA;F/30/04 9MM;8429991275761;;8429991773236;M2;4;1.44;30;43.20;29.75;912.50;120.00;80.00;73.50;;9.00;27/07/2016;PAMESA;SERIE KONCEPT;GRES PORCELNICO;0358403642967;;SOLID;KONCEPT;CEMENTO;;POLIVALENTE;BASE;BASE;MATE RECTIFICADO;VARIACION LEVE;NO;NO;;;;CLASE 1;R9;;GRUPO BIa;UGL No esmaltado;60 Low;;NO;;1600-2400 N - 35-45 N/mm2;1;035.840.0364.02967;60X120 PB;CATLOGO PAMESA;;;60;60;9;3600;60x60;KONCEPT;DESERT;https://www.pamesa.com/ERP/4.0/empresas/151/045/imagenes/t00010602/0358403642967.jpg
35;840;2;2967;0358400022967;SI;REC.PEDRA;60x60 KONCEPT GRIS;A;SI;SI;24.0000;SOL12;PAMESA;PAMESA;F/30/04 9MM;8429991275792;;8429991773236;M2;4;1.44;30;43.20;29.75;912.50;120.00;80.00;73.50;;9.00;27/07/2016;PAMESA;SERIE KONCEPT;GRES PORCELNICO;0358400022967;;SOLID;KONCEPT;CEMENTO;;POLIVALENTE;BASE;BASE;MATE RECTIFICADO;VARIACION LEVE;NO;NO;;;;CLASE 1;R9;;GRUPO BIa;UGL No esmaltado;60 Low;;NO;;1600-2400 N - 35-45 N/mm2;1;035.840.0002.02967;30X90PBCA;CATLOGO PAMESA;;;60;60;9;3600;60x60;KONCEPT;GRIS;https://www.pamesa.com/ERP/4.0/empresas/151/045/imagenes/t00010602/0358400022967.jpg
35;840;125;2967;0358401252967;SI;REC.PEDRA;60x60 KONCEPT MICA;A;SI;SI;24.0000;SOL12;PAMESA;PAMESA;F/30/04 9MM;8429991275808;;8429991773236;M2;4;1.44;30;43.20;29.75;912.50;120.00;80.00;73.50;;9.00;27/07/2016;PAMESA;SERIE KONCEPT;GRES PORCELNICO;0358401252967;;SOLID;KONCEPT;CEMENTO;;POLIVALENTE;BASE;BASE;MATE RECTIFICADO;VARIACION LEVE;NO;NO;;;;CLASE 1;R9;;GRUPO BIa;UGL No esmaltado;60 Low;;NO;;1600-2400 N - 35-45 N/mm2;1;035.840.0125.02967;30X90PBCA;CATLOGO PAMESA;;;60;60;9;3600;60x60;KONCEPT;MICA;https://www.pamesa.com/ERP/4.0/empresas/151/045/imagenes/t00010602/0358401252967.jpg
17;785;30;2967;0177850302967;SI;REC.GLASS;60x60N(20mm) KONCEPT NACAR;A;SI;SI;0.0000;2CM01;PAMESA;PAMESA;F/30/02;8429991973650;;8429991773199;M2;2;0.72;30;21.60;28.50;875.00;120.00;80.00;73.50;;20.00;23/10/2024;PAMESA;PAMESA;GRES PORCELNICO;0177850302967;;SOLID;KONCEPT;CEMENTO;;PAVIMENTO;BASE;BASE;MATE RECTIFICADO;VARIACION LEVE;;NO;;;;CLASE 3;R11;C;GRUPO BIa;GL Esmaltado;;36 Low;NO;0.42;>8000 N - 35-45 N/mm2;1;017.785.0030.02967;30x60 (C);CATLOGO PAMESA;;;60;60;20;3600;60x60;KONCEPT;NACAR;https://www.pamesa.com/ERP/4.0/empresas/151/045/imagenes/t00010602/0177850302967.jpg
35;840;30;2967;0358400302967;SI;REC.PEDRA;60x60 KONCEPT NACAR;A;SI;SI;24.0000;SOL12;PAMESA;PAMESA;F/30/04 9MM;8429991275778;;8429991773236;M2;4;1.44;30;43.20;29.75;912.50;120.00;80.00;73.50;;9.00;27/07/2016;PAMESA;SERIE KONCEPT;GRES PORCELNICO;0358400302967;;SOLID;KONCEPT;CEMENTO;;POLIVALENTE;BASE;BASE;MATE RECTIFICADO;VARIACION LEVE;NO;NO;;;;CLASE 1;R9;;GRUPO BIa;UGL No esmaltado;60 Low;;NO;;1600-2400 N - 35-45 N/mm2;1;035.840.0030.02967;30X90PBCA;CATLOGO PAMESA;;;60;60;9;3600;60x60;KONCEPT;NACAR;https://www.pamesa.com/ERP/4.0/empresas/151/045/imagenes/t00010602/0358400302967.jpg
35;840;285;2967;0358402852967;SI;REC.PEDRA;60x60 KONCEPT TAUPE;A;SI;SI;24.0000;SOL12;PAMESA;PAMESA;F/30/04 9MM;8429991275754;;8429991773236;M2;4;1.44;30;43.20;29.75;912.50;120.00;80.00;73.50;;9.00;27/07/2016;PAMESA;SERIE KONCEPT;GRES PORCELNICO;0358402852967;;SOLID;KONCEPT;CEMENTO;;POLIVALENTE;BASE;BASE;MATE RECTIFICADO;VARIACION LEVE;NO;NO;;;;CLASE 1;R9;;GRUPO BIa;UGL No esmaltado;60 Low;;NO;;1600-2400 N - 35-45 N/mm2;1;035.840.0285.02967;40X120;CATLOGO PAMESA;;;60;60;9;3600;60x60;KONCEPT;TAUPE;https://www.pamesa.com/ERP/4.0/empresas/151/045/imagenes/t00010602/0358402852967.jpg
35;450;135;2967;0354501352967;SI;REC.PEDRA;30x60 (C) KONCEPT ARGENT;A;SI;SI;24.0000;SOL06;PAMESA;PAMESA;F/48/06 9MM;8429991275846;;8429991773236;M2;6;1.08;48;51.84;22.63;1,106.24;120.00;80.00;74.00;;9.00;06/10/2016;PAMESA;SERIE KONCEPT;GRES PORCELNICO;0354501352967;;SOLID;KONCEPT;CEMENTO;;POLIVALENTE;BASE;BASE;MATE RECTIFICADO;VARIACION LEVE;NO;NO;;;;CLASE 1;R9;;GRUPO BIa;UGL No esmaltado;60 Low;;NO;;1600-2400 N - 35-45 N/mm2;1;035.450.0135.02967;30X90PBCA;CATLOGO PAMESA;;;30;60;9,5;1800;30x60;KONCEPT;ARGENT;https://www.pamesa.com/ERP/4.0/empresas/151/045/imagenes/t00010602/0354501352967.jpg
35;450;364;2967;0354503642967;SI;REC.PEDRA;30x60 (C) KONCEPT DESERT;A;SI;SI;24.0000;SOL06;PAMESA;PAMESA;F/48/06 9MM;8429991275822;;8429991773236;M2;6;1.08;48;51.84;22.63;1,106.24;120.00;80.00;74.00;;9.00;06/10/2016;PAMESA;SERIE KONCEPT;GRES PORCELNICO;0354503642967;;SOLID;KONCEPT;CEMENTO;;POLIVALENTE;BASE;BASE;MATE RECTIFICADO;VARIACION LEVE;NO;NO;;;;CLASE 1;R9;;GRUPO BIa;UGL No esmaltado;60 Low;;NO;;1600-2400 N - 35-45 N/mm2;1;035.450.0364.02967;30X90 PB;CATLOGO PAMESA;;;30;60;9,5;1800;30x60;KONCEPT;DESERT;https://www.pamesa.com/ERP/4.0/empresas/151/045/imagenes/t00010602/0354503642967.jpg
35;450;2;2967;0354500022967;SI;REC.PEDRA;30x60 (C) KONCEPT GRIS;A;SI;SI;24.0000;SOL06;PAMESA;PAMESA;F/48/06 9MM;8429991275853;;8429991773236;M2;6;1.08;48;51.84;22.63;1,106.24;120.00;80.00;74.00;;9.00;06/10/2016;PAMESA;SERIE KONCEPT;GRES PORCELNICO;0354500022967;;SOLID;KONCEPT;CEMENTO;;POLIVALENTE;BASE;BASE;MATE RECTIFICADO;VARIACION LEVE;NO;NO;;;;CLASE 1;R9;;GRUPO BIa;UGL No esmaltado;60 Low;;NO;;1600-2400 N - 35-45 N/mm2;1;035.450.0002.02967;33,3x100;CATLOGO PAMESA;;;30;60;9,5;1800;30x60;KONCEPT;GRIS;https://www.pamesa.com/ERP/4.0/empresas/151/045/imagenes/t00010602/0354500022967.jpg
35;450;125;2967;0354501252967;SI;REC.PEDRA;30x60 (C) KONCEPT MICA;A;SI;SI;24.0000;SOL06;PAMESA;PAMESA;F/48/06 9MM;8429991275860;;8429991773236;M2;6;1.08;48;51.84;22.63;1,106.24;120.00;80.00;74.00;;9.00;06/10/2016;PAMESA;SERIE KONCEPT;GRES PORCELNICO;0354501252967;;SOLID;KONCEPT;CEMENTO;;POLIVALENTE;BASE;BASE;MATE RECTIFICADO;VARIACION LEVE;NO;NO;;;;CLASE 1;R9;;GRUPO BIa;UGL No esmaltado;60 Low;;NO;;1600-2400 N - 35-45 N/mm2;1;035.450.0125.02967;36x80;CATLOGO PAMESA;;;30;60;9,5;1800;30x60;KONCEPT;MICA;https://www.pamesa.com/ERP/4.0/empresas/151/045/imagenes/t00010602/0354501252967.jpg
35;450;30;2967;0354500302967;SI;REC.PEDRA;30x60 (C) KONCEPT NACAR;A;SI;SI;24.0000;SOL06;PAMESA;PAMESA;F/48/06 9MM;8429991275839;;8429991773236;M2;6;1.08;48;51.84;22.63;1,106.24;120.00;80.00;74.00;;9.00;06/10/2016;PAMESA;SERIE KONCEPT;GRES PORCELNICO;0354500302967;;SOLID;KONCEPT;CEMENTO;;POLIVALENTE;BASE;BASE;MATE RECTIFICADO;VARIACION LEVE;NO;NO;;;;CLASE 1;R9;;GRUPO BIa;UGL No esmaltado;60 Low;;NO;;1600-2400 N - 35-45 N/mm2;1;035.450.0030.02967;36x80;CATLOGO PAMESA;;;30;60;9,5;1800;30x60;KONCEPT;NACAR;https://www.pamesa.com/ERP/4.0/empresas/151/045/imagenes/t00010602/0354500302967.jpg
35;450;285;2967;0354502852967;SI;REC.PEDRA;30x60 (C) KONCEPT TAUPE;A;SI;SI;24.0000;SOL06;PAMESA;PAMESA;F/48/06 9MM;8429991275815;;8429991773236;M2;6;1.08;48;51.84;22.63;1,106.24;120.00;80.00;74.00;;9.00;06/10/2016;PAMESA;SERIE KONCEPT;GRES PORCELNICO;0354502852967;;SOLID;KONCEPT;CEMENTO;;POLIVALENTE;BASE;BASE;MATE RECTIFICADO;VARIACION LEVE;NO;NO;;;;CLASE 1;R9;;GRUPO BIa;UGL No esmaltado;60 Low;;NO;;1600-2400 N - 35-45 N/mm2;1;035.450.0285.02967;30X90 PB;CATLOGO PAMESA;;;30;60;9,5;1800;30x60;KONCEPT;TAUPE;https://www.pamesa.com/ERP/4.0/empresas/151/045/imagenes/t00010602/0354502852967.jpg
21;590;135;2967;0215901352967;SI;PZ ESP.PEDRA;30x30(7)Malla KONCEPT ARGENT;A;SI;SI;57.7500;MOS7;PAMESA;PAMESA;E/42/11;8429991482817;;;M2;11;1.00;42;42.00;23.10;990.20;120.00;80.00;;;;10/05/2017;PAMESA;SERIE KONCEPT;GRES PORCELNICO;0215901352967;;SOLID;KONCEPT;CEMENTO;;POLIVALENTE;MALLA;;MATE RECTIFICADO;VARIACION LEVE;;NO;;;;CLASE 1;;;GRUPO BIa;UGL No esmaltado;;;NO;;1600-2400 N - 35-45 N/mm2;1;021.590.0135.02967;90X90N(20MM);CATLOGO PAMESA;;;30;30;0;900;30x30;KONCEPT;ARGENT;https://www.pamesa.com/ERP/4.0/empresas/151/045/imagenes/t00010602/0215901352967.jpg
21;590;364;2967;0215903642967;SI;PZ ESP.PEDRA;30x30(7)Malla KONCEPT DESERT;A;SI;SI;57.7500;MOS7;PAMESA;PAMESA;E/42/11;8429991549480;;;M2;11;1.00;42;42.00;23.10;990.20;120.00;80.00;;;;10/05/2017;PAMESA;SERIE KONCEPT;GRES PORCELNICO;0215903642967;;SOLID;KONCEPT;CEMENTO;;POLIVALENTE;MALLA;;MATE RECTIFICADO;VARIACION LEVE;;NO;;;;CLASE 1;;;GRUPO BIa;UGL No esmaltado;;;NO;;1600-2400 N - 35-45 N/mm2;1;021.590.0364.02967;60X60n(C);CATLOGO PAMESA;;;30;30;0;900;30x30;KONCEPT;DESERT;https://www.pamesa.com/ERP/4.0/empresas/151/045/imagenes/t00010602/0215903642967.jpg
21;590;2;2967;0215900022967;SI;PZ ESP.PEDRA;30x30(7)Malla KONCEPT GRIS;A;SI;SI;57.7500;MOS7;PAMESA;PAMESA;E/42/11;8429991549121;;;M2;11;1.00;42;42.00;23.10;990.20;120.00;80.00;;;;10/05/2017;PAMESA;SERIE KONCEPT;GRES PORCELNICO;0215900022967;;SOLID;KONCEPT;CEMENTO;;POLIVALENTE;MALLA;;MATE RECTIFICADO;VARIACION LEVE;;NO;;;;CLASE 1;;;GRUPO BIa;UGL No esmaltado;;;NO;;1600-2400 N - 35-45 N/mm2;1;021.590.0002.02967;120X120;CATLOGO PAMESA;;;30;30;0;900;30x30;KONCEPT;GRIS;https://www.pamesa.com/ERP/4.0/empresas/151/045/imagenes/t00010602/0215900022967.jpg
21;590;125;2967;0215901252967;SI;PZ ESP.PEDRA;30x30(7)Malla KONCEPT MICA;A;SI;SI;57.7500;MOS7;PAMESA;PAMESA;E/42/11;8429991482800;;;M2;11;1.00;42;42.00;23.10;990.20;120.00;80.00;;;;10/05/2017;PAMESA;SERIE KONCEPT;GRES PORCELNICO;0215901252967;;SOLID;KONCEPT;CEMENTO;;POLIVALENTE;MALLA;;MATE RECTIFICADO;VARIACION LEVE;;NO;;;;CLASE 1;;;GRUPO BIa;UGL No esmaltado;;;NO;;1600-2400 N - 35-45 N/mm2;1;021.590.0125.02967;90X90(N);CATLOGO PAMESA;;;30;30;0;900;30x30;KONCEPT;MICA;https://www.pamesa.com/ERP/4.0/empresas/151/045/imagenes/t00010602/0215901252967.jpg
21;590;30;2967;0215900302967;SI;PZ ESP.PEDRA;30x30(7)Malla KONCEPT NACAR;A;SI;SI;57.7500;MOS7;PAMESA;PAMESA;E/42/11;8429991549190;;;M2;11;1.00;42;42.00;23.10;990.20;120.00;80.00;;;;10/05/2017;PAMESA;SERIE KONCEPT;GRES PORCELNICO;0215900302967;;SOLID;KONCEPT;CEMENTO;;POLIVALENTE;MALLA;;MATE RECTIFICADO;VARIACION LEVE;;NO;;;;CLASE 1;;;GRUPO BIa;UGL No esmaltado;;;NO;;1600-2400 N - 35-45 N/mm2;1;021.590.0030.02967;100X100;CATLOGO PAMESA;;;30;30;0;900;30x30;KONCEPT;NACAR;https://www.pamesa.com/ERP/4.0/empresas/151/045/imagenes/t00010602/0215900302967.jpg
21;590;285;2967;0215902852967;SI;PZ ESP.PEDRA;30x30(7)Malla KONCEPT TAUPE;A;SI;SI;57.7500;MOS7;PAMESA;PAMESA;E/42/11;8429991549435;;;M2;11;1.00;42;42.00;23.10;990.20;120.00;80.00;;;;10/05/2017;PAMESA;SERIE KONCEPT;GRES PORCELNICO;0215902852967;;SOLID;KONCEPT;CEMENTO;;POLIVALENTE;MALLA;;MATE RECTIFICADO;VARIACION LEVE;;NO;;;;CLASE 1;;;GRUPO BIa;UGL No esmaltado;;;NO;;1600-2400 N - 35-45 N/mm2;1;021.590.0285.02967;60X120(n);CATLOGO PAMESA;;;30;30;0;900;30x30;KONCEPT;TAUPE;https://www.pamesa.com/ERP/4.0/empresas/151/045/imagenes/t00010602/0215902852967.jpg
17;250;704;13414;0172500042296;SI;REC.GLASS;60x120(n) LIFEFULL NATURE;A;SI;SI;0.0000;SOL50;PAMESA;PAMESA;L/36/02 RF;8429991195984;;8429991773199;M2;2;1.44;36;51.84;28.62;1,055.32;122.00;84.00;73.50;;;13/11/2025;PAMESA;PAMESA;GRES PORCELNICO ESMALTADO;0172500042296;;SOLID;LIFEFULL;DECORADOS;;POLIVALENTE;BASE;BASE;MATE RECTIFICADO;VARIACION MODERADA;;;;;;CLASE 1;R9;;GRUPO BIa;GL Esmaltado;;;NO;;1600-2400 N - 35-45 N/mm2;1;017.250.0704.13414;60X120 RF;CATLOGO PAMESA;;;60;120;9;7200;60x120;LIFEFULL;NATURE;https://www.pamesa.com/ERP/4.0/empresas/151/045/imagenes/t00010602/0172500042296.jpg
17;869;704;13414;0178690020226;SI;REC.GLASS;60x120 LIFEFULL NATURE;A;SI;SI;32.2500;SOL24;PAMESA;PAMESA;L/32/02;8429991828059;;8429991773199;M2;2;1.44;32;46.08;34.25;1,121.00;122.00;84.00;75.00;;10.50;31/05/2023;PAMESA;PAMESA;GRES PORCELNICO ESMALTADO;0178690020226;;SOLID;LIFEFULL;DECORADOS;;POLIVALENTE;BASE;BASE;MATE RECTIFICADO;VARIACION MODERADA;;SIN INFORMAR;;;;CLASE 1;R9;;GRUPO BIa;GL Esmaltado;;;NO;;1600-2400 N - 35-45 N/mm2;1;017.869.0704.13414;60x60;CATLOGO PAMESA;;;60;120;10,5;7200;60x120;LIFEFULL;NATURE;https://www.pamesa.com/ERP/4.0/empresas/151/045/imagenes/t00010602/0178690020226.jpg
17;250;524;13414;0172500042294;SI;REC.GLASS;60x120(n) LIFEFULL SKY;A;SI;SI;0.0000;SOL50;PAMESA;PAMESA;L/36/02 RF;8429991195977;;8429991773199;M2;2;1.44;36;51.84;28.62;1,055.32;122.00;84.00;73.50;;;13/11/2025;PAMESA;PAMESA;GRES PORCELNICO ESMALTADO;0172500042294;;SOLID;LIFEFULL;DECORADOS;;POLIVALENTE;BASE;BASE;MATE RECTIFICADO;VARIACION MODERADA;;;;;;CLASE 1;R9;;GRUPO BIa;GL Esmaltado;;;NO;;1600-2400 N - 35-45 N/mm2;1;017.250.0524.13414;45X45;CATLOGO PAMESA;;;60;120;9;7200;60x120;LIFEFULL;SKY;https://www.pamesa.com/ERP/4.0/empresas/151/045/imagenes/t00010602/0172500042294.jpg
17;869;524;13414;0178690019786;SI;REC.GLASS;60x120 LIFEFULL SKY;A;SI;SI;32.2500;SOL24;PAMESA;PAMESA;L/32/02;8429991820602;;8429991773199;M2;2;1.44;32;46.08;34.25;1,121.00;122.00;84.00;75.00;;10.50;28/04/2023;PAMESA;PAMESA;GRES PORCELNICO ESMALTADO;0178690019786;;SOLID;LIFEFULL;DECORADOS;;POLIVALENTE;BASE;BASE;MATE RECTIFICADO;VARIACION MODERADA;;SIN INFORMAR;;;;CLASE 1;R9;;GRUPO BIa;GL Esmaltado;;;NO;;1600-2400 N - 35-45 N/mm2;1;017.869.0524.13414;60X120(n);CATLOGO PAMESA;;;60;120;10,5;7200;60x120;LIFEFULL;SKY;https://www.pamesa.com/ERP/4.0/empresas/151/045/imagenes/t00010602/0178690019786.jpg
17;250;184;9431;0172500029463;SI;REC.GLASS;60x120(n) CR.MANAOS DARK;A;SI;SI;0.0000;SOL25;PAMESA;PAMESA;L/36/02 RF;8429991142179;;8429991773199;M2;2;1.44;36;51.84;28.62;1,055.32;122.00;84.00;73.50;;;13/05/2025;PAMESA;PAMESA;GRES PORCELNICO ESMALTADO;0172500029463;;SOLID;MANAOS;PIEDRA;;POLIVALENTE;BASE;BASE;MATE RECTIFICADO;VARIACION ALTA;;NO;;;;CLASE 1;R9;;GRUPO BIa;GL Esmaltado;;;NO;;1600-2400 N - 35-45 N/mm2;1;017.250.0184.09431;60X120(n);CATLOGO PAMESA;;;60;120;9;7200;60x120;CR.MANAOS;DARK;https://www.pamesa.com/ERP/4.0/empresas/151/045/imagenes/t00010602/0172500029463.jpg
35;869;184;9431;0358691849431;SI;REC.PEDRA;60x120 CR.MANAOS DARK;A;SI;SI;33.5000;SOL25;PAMESA;PAMESA;L/32/02;8429991416867;;8429991773236;M2;2;1.44;32;46.08;34.25;1,121.00;122.00;84.00;75.00;;10.50;19/12/2018;PAMESA;SERIE CROMAT;GRES PORCELNICO;0358691849431;;SOLID;MANAOS;PIEDRA;;POLIVALENTE;BASE;BASE;MATE RECTIFICADO;VARIACION ALTA;NO;NO;;;;CLASE 1;R9;;GRUPO BIa;UGL No esmaltado;;;NO;;1600-2400 N - 35-45 N/mm2;1;035.869.0184.09431;30X90PBCA;CATLOGO PAMESA;;;60;120;10,5;7200;60x120;CR.MANAOS;DARK;https://www.pamesa.com/ERP/4.0/empresas/151/045/imagenes/t00010602/0358691849431.jpg
17;250;469;9431;0172500029466;SI;REC.GLASS;60x120(n) CR.MANAOS EARTH;A;SI;SI;0.0000;SOL25;PAMESA;PAMESA;L/36/02 RF;8429991142254;;8429991773199;M2;2;1.44;36;51.84;28.62;1,055.32;122.00;84.00;73.50;;;13/05/2025;PAMESA;PAMESA;GRES PORCELNICO ESMALTADO;0172500029466;;SOLID;MANAOS;PIEDRA;;POLIVALENTE;BASE;BASE;MATE RECTIFICADO;VARIACION ALTA;;NO;;;;CLASE 1;R9;;GRUPO BIa;GL Esmaltado;;;NO;;1600-2400 N - 35-45 N/mm2;1;017.250.0469.09431;60x60;CATLOGO PAMESA;;;60;120;9;7200;60x120;CR.MANAOS;EARTH;https://www.pamesa.com/ERP/4.0/empresas/151/045/imagenes/t00010602/0172500029466.jpg
35;869;469;9431;0358694699431;SI;REC.PEDRA;60x120 CR.MANAOS EARTH;A;SI;SI;33.5000;SOL25;PAMESA;PAMESA;L/32/02;8429991416850;;8429991773236;M2;2;1.44;32;46.08;34.25;1,121.00;122.00;84.00;75.00;;10.50;19/12/2018;PAMESA;SERIE CROMAT;GRES PORCELNICO;0358694699431;;SOLID;MANAOS;PIEDRA;;POLIVALENTE;BASE;BASE;MATE RECTIFICADO;VARIACION ALTA;NO;NO;;;;CLASE 1;R9;;GRUPO BIa;UGL No esmaltado;;;NO;;1600-2400 N - 35-45 N/mm2;1;035.869.0469.09431;30X90PBCA;CATLOGO PAMESA;;;60;120;10,5;7200;60x120;CR.MANAOS;EARTH;https://www.pamesa.com/ERP/4.0/empresas/151/045/imagenes/t00010602/0358694699431.jpg
17;250;169;9431;0172500029462;SI;REC.GLASS;60x120(n) CR.MANAOS PEARL;A;SI;SI;0.0000;SOL25;PAMESA;PAMESA;L/36/02 RF;8429991142094;;8429991773199;M2;2;1.44;36;51.84;28.62;1,055.32;122.00;84.00;73.50;;;13/05/2025;PAMESA;PAMESA;GRES PORCELNICO ESMALTADO;0172500029462;;SOLID;MANAOS;PIEDRA;;POLIVALENTE;BASE;BASE;MATE RECTIFICADO;VARIACION ALTA;;NO;;;;CLASE 1;R9;;GRUPO BIa;GL Esmaltado;;;NO;;1600-2400 N - 35-45 N/mm2;1;017.250.0169.09431;9X60(M2);CATLOGO PAMESA;;;60;120;9;7200;60x120;CR.MANAOS;PEARL;https://www.pamesa.com/ERP/4.0/empresas/151/045/imagenes/t00010602/0172500029462.jpg
35;869;169;9431;0358691699431;SI;REC.PEDRA;60x120 CR.MANAOS PEARL;A;SI;SI;33.5000;SOL25;PAMESA;PAMESA;L/32/02;8429991416874;;8429991773236;M2;2;1.44;32;46.08;34.25;1,121.00;122.00;84.00;75.00;;10.50;19/12/2018;PAMESA;SERIE CROMAT;GRES PORCELNICO;0358691699431;;SOLID;MANAOS;PIEDRA;;POLIVALENTE;BASE;BASE;MATE RECTIFICADO;VARIACION ALTA;NO;NO;;;;CLASE 1;R9;;GRUPO BIa;UGL No esmaltado;;;NO;;1600-2400 N - 35-45 N/mm2;1;035.869.0169.09431;30X90PBCA;CATLOGO PAMESA;;;60;120;10,5;7200;60x120;CR.MANAOS;PEARL;https://www.pamesa.com/ERP/4.0/empresas/151/045/imagenes/t00010602/0358691699431.jpg
17;250;108;9431;0172500029458;SI;REC.GLASS;60x120(n) CR.MANAOS WHITE;A;SI;SI;0.0000;SOL25;PAMESA;PAMESA;L/36/02 RF;8429991142087;;8429991773199;M2;2;1.44;36;51.84;28.62;1,055.32;122.00;84.00;73.50;;;13/05/2025;PAMESA;PAMESA;GRES PORCELNICO ESMALTADO;0172500029458;;SOLID;MANAOS;PIEDRA;;POLIVALENTE;BASE;BASE;MATE RECTIFICADO;VARIACION ALTA;;NO;;;;CLASE 1;R9;;GRUPO BIa;GL Esmaltado;;;NO;;1600-2400 N - 35-45 N/mm2;1;017.250.0108.09431;45X90C(N);CATLOGO PAMESA;;;60;120;9;7200;60x120;CR.MANAOS;WHITE;https://www.pamesa.com/ERP/4.0/empresas/151/045/imagenes/t00010602/0172500029458.jpg
35;869;108;9431;0358691089431;SI;REC.PEDRA;60x120 CR.MANAOS WHITE;A;SI;SI;33.5000;SOL25;PAMESA;PAMESA;L/32/02;8429991416881;;8429991773236;M2;2;1.44;32;46.08;34.25;1,121.00;122.00;84.00;75.00;;10.50;19/12/2018;PAMESA;SERIE CROMAT;GRES PORCELNICO;0358691089431;;SOLID;MANAOS;PIEDRA;;POLIVALENTE;BASE;BASE;MATE RECTIFICADO;VARIACION ALTA;NO;NO;;;;CLASE 1;R9;;GRUPO BIa;UGL No esmaltado;;;NO;;1600-2400 N - 35-45 N/mm2;1;035.869.0108.09431;33,3x100;CATLOGO PAMESA;;;60;120;10,5;7200;60x120;CR.MANAOS;WHITE;https://www.pamesa.com/ERP/4.0/empresas/151/045/imagenes/t00010602/0358691089431.jpg
17;986;469;9431;0179864699431;SI;REC.GLASS;60x90(N)20mm CR.MANAOS EARTH;A;SI;SI;28.0000;2CM02;PAMESA;PAMESA;G/22/02;8429991887797;;8429991773199;M2;2;1.08;22;23.76;45.00;1,015.00;105.00;95.00;75.00;;20.00;23/02/2024;PAMESA;PAMESA;GRES PORCELNICO;0179864699431;;SOLID;MANAOS;PIEDRA;;PAVIMENTO;BASE;BASE;MATE RECTIFICADO;;;NO;;;;CLASE 3;R11;C;GRUPO BIa;GL Esmaltado;;36 Low;NO;0.42;>8000 N - 35-45 N/mm2;1;017.986.0469.09431;120X120;CATLOGO PAMESA;;;60;90;20;5400;60x90;CR.MANAOS;EARTH;https://www.pamesa.com/ERP/4.0/empresas/151/045/imagenes/t00010602/0179864699431.jpg
17;986;108;9431;0179861089431;SI;REC.GLASS;60x90(N)20mm CR.MANAOS WHITE;A;SI;SI;28.0000;2CM02;PAMESA;PAMESA;G/22/02;8429991887780;;8429991773199;M2;2;1.08;22;23.76;45.00;1,015.00;105.00;95.00;75.00;;20.00;23/02/2024;PAMESA;PAMESA;GRES PORCELNICO;0179861089431;;SOLID;MANAOS;PIEDRA;;PAVIMENTO;BASE;BASE;MATE RECTIFICADO;;;NO;;;;CLASE 3;R11;C;GRUPO BIa;GL Esmaltado;;36 Low;NO;0.42;>8000 N - 35-45 N/mm2;1;017.986.0108.09431;30x30(7)Malla;CATLOGO PAMESA;;;60;90;20;5400;60x90;CR.MANAOS;WHITE;https://www.pamesa.com/ERP/4.0/empresas/151/045/imagenes/t00010602/0179861089431.jpg
17;785;469;9431;0177854699431;SI;REC.GLASS;60x60N(20mm) CR.MANAOS EARTH;A;SI;SI;0.0000;2CM01;PAMESA;PAMESA;F/30/02;8429991973605;;8429991773199;M2;2;0.72;30;21.60;28.50;875.00;120.00;80.00;73.50;;20.00;23/10/2024;PAMESA;PAMESA;GRES PORCELNICO;0177854699431;;SOLID;MANAOS;PIEDRA;;PAVIMENTO;BASE;BASE;MATE RECTIFICADO;VARIACION ALTA;;NO;;;;CLASE 3;R11;C;GRUPO BIa;GL Esmaltado;;36 Low;NO;0.42;>8000 N - 35-45 N/mm2;1;017.785.0469.09431;90X90(N);CATLOGO PAMESA;;;60;60;20;3600;60x60;CR.MANAOS;EARTH;https://www.pamesa.com/ERP/4.0/empresas/151/045/imagenes/t00010602/0177854699431.jpg
17;785;108;9431;0177851089431;SI;REC.GLASS;60x60N(20mm) CR.MANAOS WHITE;A;SI;SI;0.0000;2CM01;PAMESA;PAMESA;F/30/02;8429991973599;;8429991773199;M2;2;0.72;30;21.60;28.50;875.00;120.00;80.00;73.50;;20.00;23/10/2024;PAMESA;PAMESA;GRES PORCELNICO;0177851089431;;SOLID;MANAOS;PIEDRA;;PAVIMENTO;BASE;BASE;MATE RECTIFICADO;VARIACION ALTA;;NO;;;;CLASE 3;R11;C;GRUPO BIa;GL Esmaltado;;36 Low;NO;0.42;>8000 N - 35-45 N/mm2;1;017.785.0108.09431;60X120 RF;CATLOGO PAMESA;;;60;60;20;3600;60x60;CR.MANAOS;WHITE;https://www.pamesa.com/ERP/4.0/empresas/151/045/imagenes/t00010602/0177851089431.jpg
21;590;184;9431;0215901849431;SI;PZ ESP.PEDRA;30x30(7)Malla CR.MANAOS DARK;A;SI;SI;57.7500;MOS7;PAMESA;PAMESA;E/42/11;8429991469009;;;M2;11;1.00;42;42.00;23.10;990.20;120.00;80.00;;;;22/01/2019;PAMESA;SERIE CROMAT;GRES PORCELNICO;0215901849431;;SOLID;MANAOS;PIEDRA;;POLIVALENTE;MALLA;;MATE RECTIFICADO;VARIACION ALTA;;NO;;;;CLASE 1;R9;;GRUPO BIa;UGL No esmaltado;55 Low;;NO;;1600-2400 N - 35-45 N/mm2;1;021.590.0184.09431;60X120(n);CATLOGO PAMESA;;;30;30;0;900;30x30;CR.MANAOS;DARK;https://www.pamesa.com/ERP/4.0/empresas/151/045/imagenes/t00010602/0215901849431.jpg
21;590;469;9431;0215904699431;SI;PZ ESP.PEDRA;30x30(7)Malla CR.MANAOS EARTH;A;SI;SI;57.7500;MOS7;PAMESA;PAMESA;E/42/11;8429991469016;;;M2;11;1.00;42;42.00;23.10;990.20;120.00;80.00;;;;22/01/2019;PAMESA;SERIE CROMAT;GRES PORCELNICO;0215904699431;;SOLID;MANAOS;PIEDRA;;POLIVALENTE;MALLA;;MATE RECTIFICADO;VARIACION ALTA;;NO;;;;CLASE 1;R9;;GRUPO BIa;UGL No esmaltado;55 Low;;NO;;1600-2400 N - 35-45 N/mm2;1;021.590.0469.09431;60x60;CATLOGO PAMESA;;;30;30;0;900;30x30;CR.MANAOS;EARTH;https://www.pamesa.com/ERP/4.0/empresas/151/045/imagenes/t00010602/0215904699431.jpg
21;590;169;9431;0215901699431;SI;PZ ESP.PEDRA;30x30(7)Malla CR.MANAOS PEARL;A;SI;SI;57.7500;MOS7;PAMESA;PAMESA;E/42/11;8429991468996;;;M2;11;1.00;42;42.00;23.10;990.20;120.00;80.00;;;;22/01/2019;PAMESA;SERIE CROMAT;GRES PORCELNICO;0215901699431;;SOLID;MANAOS;PIEDRA;;POLIVALENTE;MALLA;;MATE RECTIFICADO;VARIACION ALTA;;NO;;;;CLASE 1;R9;;GRUPO BIa;UGL No esmaltado;55 Low;;NO;;1600-2400 N - 35-45 N/mm2;1;021.590.0169.09431;60X120(n);CATLOGO PAMESA;;;30;30;0;900;30x30;CR.MANAOS;PEARL;https://www.pamesa.com/ERP/4.0/empresas/151/045/imagenes/t00010602/0215901699431.jpg
21;590;108;9431;0215901089431;SI;PZ ESP.PEDRA;30x30(7)Malla CR.MANAOS WHITE;A;SI;SI;57.7500;MOS7;PAMESA;PAMESA;E/42/11;8429991468989;;;M2;11;1.00;42;42.00;23.10;990.20;120.00;80.00;;;;22/01/2019;PAMESA;SERIE CROMAT;GRES PORCELNICO;0215901089431;;SOLID;MANAOS;PIEDRA;;POLIVALENTE;MALLA;;MATE RECTIFICADO;VARIACION ALTA;;NO;;;;CLASE 1;R9;;GRUPO BIa;UGL No esmaltado;55 Low;;NO;;1600-2400 N - 35-45 N/mm2;1;021.590.0108.09431;90X90(N);CATLOGO PAMESA;;;30;30;0;900;30x30;CR.MANAOS;WHITE;https://www.pamesa.com/ERP/4.0/empresas/151/045/imagenes/t00010602/0215901089431.jpg
17;120;344;13282;0171200019423;SI;REC.GLASS;120x120 MIDWAY ASH;A;SI;SI;42.2500;SOL35;PAMESA;PAMESA;23/36/01;8429991810511;;8429991773199;M2;1;1.44;36;51.84;34.36;1,276.96;126.00;126.00;71.00;;;13/03/2023;PAMESA;PAMESA;GRES PORCELNICO;0171200019423;;SOLID;MIDWAY;CEMENTO;;POLIVALENTE;BASE;BASE;MATE RECTIFICADO;VARIACION MODERADA;;SI;NO;;;CLASE 1;R9;;GRUPO BIa;GL Esmaltado;40 Low;;NO;0.42;1600-2400 N - 35-45 N/mm2;1;017.120.0344.13282;25x70;CATLOGO PAMESA;;;120;120;10,2;14400;120x120;MIDWAY;ASH;https://www.pamesa.com/ERP/4.0/empresas/151/045/imagenes/t00010602/0171200019423.jpg
17;120;7;13282;0171200021930;SI;REC.GLASS;120x120 MIDWAY BEIGE;A;SI;SI;42.2500;SOL35;PAMESA;PAMESA;23/36/01;8429991871581;;8429991773199;M2;1;1.44;36;51.84;34.36;1,276.96;126.00;126.00;71.00;;;18/12/2023;PAMESA;PAMESA;GRES PORCELNICO;0171200021930;;SOLID;MIDWAY;CEMENTO;;POLIVALENTE;BASE;BASE;MATE RECTIFICADO;VARIACION MODERADA;;SI;NO;;;CLASE 1;R9;;GRUPO BIa;GL Esmaltado;;;NO;0.42;1600-2400 N - 35-45 N/mm2;1;017.120.0007.13282;33,3x55;CATLOGO PAMESA;;;120;120;10,2;14400;120x120;MIDWAY;BEIGE;https://www.pamesa.com/ERP/4.0/empresas/151/045/imagenes/t00010602/0171200021930.jpg
17;120;413;13282;0171200019425;SI;REC.GLASS;120x120 MIDWAY BONE;A;SI;SI;42.2500;SOL35;PAMESA;PAMESA;23/36/01;8429991810535;;8429991773199;M2;1;1.44;36;51.84;34.36;1,276.96;126.00;126.00;71.00;;;13/03/2023;PAMESA;PAMESA;GRES PORCELNICO;0171200019425;;SOLID;MIDWAY;CEMENTO;;POLIVALENTE;BASE;BASE;MATE RECTIFICADO;VARIACION MODERADA;;SI;NO;;;CLASE 1;R9;;GRUPO BIa;GL Esmaltado;40 Low;;NO;0.42;1600-2400 N - 35-45 N/mm2;1;017.120.0413.13282;33,3x55;CATLOGO PAMESA;;;120;120;10,2;14400;120x120;MIDWAY;BONE;https://www.pamesa.com/ERP/4.0/empresas/151/045/imagenes/t00010602/0171200019425.jpg
17;120;294;13282;0171200020224;SI;REC.GLASS;120x120 MIDWAY GRAPHITE;A;SI;SI;42.2500;SOL35;PAMESA;PAMESA;23/36/01;8429991827953;;8429991773199;M2;1;1.44;36;51.84;34.36;1,276.96;126.00;126.00;71.00;;;31/05/2023;PAMESA;PAMESA;GRES PORCELNICO;0171200020224;;SOLID;MIDWAY;CEMENTO;;POLIVALENTE;BASE;BASE;MATE RECTIFICADO;VARIACION MODERADA;;SI;NO;;;CLASE 1;R9;;GRUPO BIa;GL Esmaltado;40 Low;;NO;0.42;1600-2400 N - 35-45 N/mm2;1;017.120.0294.13282;25x70;CATLOGO PAMESA;;;120;120;10,2;14400;120x120;MIDWAY;GRAPHITE;https://www.pamesa.com/ERP/4.0/empresas/151/045/imagenes/t00010602/0171200020224.jpg
17;120;161;13282;0171200019422;SI;REC.GLASS;120x120 MIDWAY GREY;A;SI;SI;42.2500;SOL35;PAMESA;PAMESA;23/36/01;8429991810498;;8429991773199;M2;1;1.44;36;51.84;34.36;1,276.96;126.00;126.00;71.00;;;13/03/2023;PAMESA;PAMESA;GRES PORCELNICO;0171200019422;;SOLID;MIDWAY;CEMENTO;;POLIVALENTE;BASE;BASE;MATE RECTIFICADO;VARIACION MODERADA;;SI;NO;;;CLASE 1;R9;;GRUPO BIa;GL Esmaltado;40 Low;;NO;0.42;1600-2400 N - 35-45 N/mm2;1;017.120.0161.13282;45X45;CATLOGO PAMESA;;;120;120;10,2;14400;120x120;MIDWAY;GREY;https://www.pamesa.com/ERP/4.0/empresas/151/045/imagenes/t00010602/0171200019422.jpg
17;90;344;13282;0170900019423;SI;REC.GLASS;90x90(N) MIDWAY ASH;A;SI;SI;32.2500;SOL29;PAMESA;PAMESA;19/32/02;8429991891688;;8429991773199;M2;2;1.62;32;51.84;33.00;1,081.00;97.00;97.00;86.00;;9.00;29/02/2024;PAMESA;PAMESA;GRES PORCELNICO;0170900019423;;SOLID;MIDWAY;CEMENTO;;POLIVALENTE;BASE;BASE;MATE RECTIFICADO;VARIACION MODERADA;;SI;NO;;;CLASE 1;R9;;GRUPO BIa;GL Esmaltado;40 Low;;NO;0.42;1600-2400 N - 35-45 N/mm2;1;017.090.0344.13282;33,3x55;CATLOGO PAMESA;;;90;90;9;8100;90x90;MIDWAY;ASH;https://www.pamesa.com/ERP/4.0/empresas/151/045/imagenes/t00010602/0170900019423.jpg
17;90;7;13282;0170900021930;SI;REC.GLASS;90x90(N) MIDWAY BEIGE;A;SI;SI;32.2500;SOL29;PAMESA;PAMESA;19/32/02;8429991891695;;8429991773199;M2;2;1.62;32;51.84;33.00;1,081.00;97.00;97.00;86.00;;9.00;29/02/2024;PAMESA;PAMESA;GRES PORCELNICO;0170900021930;;SOLID;MIDWAY;CEMENTO;;POLIVALENTE;BASE;BASE;MATE RECTIFICADO;VARIACION MODERADA;;SI;NO;;;CLASE 1;R9;;GRUPO BIa;GL Esmaltado;40 Low;;NO;0.42;1600-2400 N - 35-45 N/mm2;1;017.090.0007.13282;33,3x33,3(11mm);CATLOGO PAMESA;;;90;90;9;8100;90x90;MIDWAY;BEIGE;https://www.pamesa.com/ERP/4.0/empresas/151/045/imagenes/t00010602/0170900021930.jpg
17;90;413;13282;0170900019425;SI;REC.GLASS;90x90(N) MIDWAY BONE;A;SI;SI;32.2500;SOL29;PAMESA;PAMESA;19/32/02;8429991891701;;8429991773199;M2;2;1.62;32;51.84;33.00;1,081.00;97.00;97.00;86.00;;9.00;29/02/2024;PAMESA;PAMESA;GRES PORCELNICO;0170900019425;;SOLID;MIDWAY;CEMENTO;;POLIVALENTE;BASE;BASE;MATE RECTIFICADO;VARIACION MODERADA;;SI;NO;;;CLASE 1;R9;;GRUPO BIa;GL Esmaltado;40 Low;;NO;0.42;1600-2400 N - 35-45 N/mm2;1;017.090.0413.13282;33,3x55;CATLOGO PAMESA;;;90;90;9;8100;90x90;MIDWAY;BONE;https://www.pamesa.com/ERP/4.0/empresas/151/045/imagenes/t00010602/0170900019425.jpg
17;90;294;13282;0170900020224;SI;REC.GLASS;90x90(N) MIDWAY GRAPHITE;A;SI;SI;32.2500;SOL29;PAMESA;PAMESA;19/32/02;8429991891718;;8429991773199;M2;2;1.62;32;51.84;33.00;1,081.00;97.00;97.00;86.00;;9.00;29/02/2024;PAMESA;PAMESA;GRES PORCELNICO;0170900020224;;SOLID;MIDWAY;CEMENTO;;POLIVALENTE;BASE;BASE;MATE RECTIFICADO;VARIACION MODERADA;;SI;NO;;;CLASE 1;R9;;GRUPO BIa;GL Esmaltado;40 Low;;NO;0.42;1600-2400 N - 35-45 N/mm2;1;017.090.0294.13282;33,3x55;CATLOGO PAMESA;;;90;90;9;8100;90x90;MIDWAY;GRAPHITE;https://www.pamesa.com/ERP/4.0/empresas/151/045/imagenes/t00010602/0170900020224.jpg
17;90;161;13282;0170900019422;SI;REC.GLASS;90x90(N) MIDWAY GREY;A;SI;SI;32.2500;SOL29;PAMESA;PAMESA;19/32/02;8429991891725;;8429991773199;M2;2;1.62;32;51.84;33.00;1,081.00;97.00;97.00;86.00;;9.00;29/02/2024;PAMESA;PAMESA;GRES PORCELNICO;0170900019422;;SOLID;MIDWAY;CEMENTO;;POLIVALENTE;BASE;BASE;MATE RECTIFICADO;VARIACION MODERADA;;SI;NO;;;CLASE 1;R9;;GRUPO BIa;GL Esmaltado;40 Low;;NO;0.42;1600-2400 N - 35-45 N/mm2;1;017.090.0161.13282;31,6x60;CATLOGO PAMESA;;;90;90;9;8100;90x90;MIDWAY;GREY;https://www.pamesa.com/ERP/4.0/empresas/151/045/imagenes/t00010602/0170900019422.jpg
17;250;344;13282;0172500034474;SI;REC.GLASS;60x120(n) MIDWAY ASH;A;SI;SI;0.0000;SOL25;PAMESA;PAMESA;L/36/02 RF;8429991161545;;8429991773199;M2;2;1.44;36;51.84;28.62;1,055.32;122.00;84.00;73.50;;;17/07/2025;PAMESA;PAMESA;GRES PORCELNICO;0172500034474;;SOLID;MIDWAY;CEMENTO;;POLIVALENTE;BASE;BASE;MATE RECTIFICADO;VARIACION MODERADA;;SI;;;;CLASE 1;R9;;GRUPO BIa;GL Esmaltado;;;NO;;1600-2400 N - 35-45 N/mm2;1;017.250.0344.13282;60,8x60,8;CATLOGO PAMESA;;;60;120;9;7200;60x120;MIDWAY;ASH;https://www.pamesa.com/ERP/4.0/empresas/151/045/imagenes/t00010602/0172500034474.jpg
17;869;344;13282;0178690019423;SI;REC.GLASS;60x120 MIDWAY ASH;A;SI;SI;32.2500;SOL25;PAMESA;PAMESA;L/32/02;8429991810559;;8429991773199;M2;2;1.44;32;46.08;34.25;1,121.00;122.00;84.00;75.00;;10.50;13/03/2023;PAMESA;PAMESA;GRES PORCELNICO;0178690019423;;SOLID;MIDWAY;CEMENTO;;POLIVALENTE;BASE;BASE;MATE RECTIFICADO;VARIACION MODERADA;;SI;NO;;;CLASE 1;R9;;GRUPO BIa;GL Esmaltado;40 Low;;NO;0.42;1600-2400 N - 35-45 N/mm2;1;017.869.0344.13282;60X120(n);CATLOGO PAMESA;;;60;120;10,5;7200;60x120;MIDWAY;ASH;https://www.pamesa.com/ERP/4.0/empresas/151/045/imagenes/t00010602/0178690019423.jpg
17;250;7;13282;0172500034471;SI;REC.GLASS;60x120(n) MIDWAY BEIGE;A;SI;SI;0.0000;SOL25;PAMESA;PAMESA;L/36/02 RF;8429991161514;;8429991773199;M2;2;1.44;36;51.84;28.62;1,055.32;122.00;84.00;73.50;;;17/07/2025;PAMESA;PAMESA;GRES PORCELNICO;0172500034471;;SOLID;MIDWAY;CEMENTO;;POLIVALENTE;BASE;BASE;MATE RECTIFICADO;VARIACION MODERADA;;SI;;;;CLASE 1;R9;;GRUPO BIa;GL Esmaltado;;;NO;;1600-2400 N - 35-45 N/mm2;1;017.250.0007.13282;90X90(N);CATLOGO PAMESA;;;60;120;9;7200;60x120;MIDWAY;BEIGE;https://www.pamesa.com/ERP/4.0/empresas/151/045/imagenes/t00010602/0172500034471.jpg
17;869;7;13282;0178690021930;SI;REC.GLASS;60x120 MIDWAY BEIGE;A;SI;SI;32.2500;SOL25;PAMESA;PAMESA;L/32/02;8429991871628;;8429991773199;M2;2;1.44;32;46.08;34.25;1,121.00;122.00;84.00;75.00;;10.50;18/12/2023;PAMESA;PAMESA;GRES PORCELNICO;0178690021930;;SOLID;MIDWAY;CEMENTO;;POLIVALENTE;BASE;BASE;MATE RECTIFICADO;VARIACION MODERADA;;SI;NO;;;CLASE 1;R9;;GRUPO BIa;GL Esmaltado;;;NO;0.42;1600-2400 N - 35-45 N/mm2;1;017.869.0007.13282;120X280(6MM);CATLOGO PAMESA;;;60;120;10,5;7200;60x120;MIDWAY;BEIGE;https://www.pamesa.com/ERP/4.0/empresas/151/045/imagenes/t00010602/0178690021930.jpg
17;250;413;13282;0172500034475;SI;REC.GLASS;60x120(n) MIDWAY BONE;A;SI;SI;0.0000;SOL25;PAMESA;PAMESA;L/36/02 RF;8429991161552;;8429991773199;M2;2;1.44;36;51.84;28.62;1,055.32;122.00;84.00;73.50;;;17/07/2025;PAMESA;PAMESA;GRES PORCELNICO;0172500034475;;SOLID;MIDWAY;CEMENTO;;POLIVALENTE;BASE;BASE;MATE RECTIFICADO;VARIACION MODERADA;;SI;;;;CLASE 1;R9;;GRUPO BIa;GL Esmaltado;;;NO;;1600-2400 N - 35-45 N/mm2;1;017.250.0413.13282;60x60;CATLOGO PAMESA;;;60;120;9;7200;60x120;MIDWAY;BONE;https://www.pamesa.com/ERP/4.0/empresas/151/045/imagenes/t00010602/0172500034475.jpg
17;869;413;13282;0178690019425;SI;REC.GLASS;60x120 MIDWAY BONE;A;SI;SI;32.2500;SOL25;PAMESA;PAMESA;L/32/02;8429991810573;;8429991773199;M2;2;1.44;32;46.08;34.25;1,121.00;122.00;84.00;75.00;;10.50;13/03/2023;PAMESA;PAMESA;GRES PORCELNICO;0178690019425;;SOLID;MIDWAY;CEMENTO;;POLIVALENTE;BASE;BASE;MATE RECTIFICADO;VARIACION MODERADA;;SI;NO;;;CLASE 1;R9;;GRUPO BIa;GL Esmaltado;40 Low;;NO;0.42;1600-2400 N - 35-45 N/mm2;1;017.869.0413.13282;60X120(n);CATLOGO PAMESA;;;60;120;10,5;7200;60x120;MIDWAY;BONE;https://www.pamesa.com/ERP/4.0/empresas/151/045/imagenes/t00010602/0178690019425.jpg
17;250;294;13282;0172500034473;SI;REC.GLASS;60x120(n) MIDWAY GRAPHITE;A;SI;SI;0.0000;SOL25;PAMESA;PAMESA;L/36/02 RF;8429991161538;;8429991773199;M2;2;1.44;36;51.84;28.62;1,055.32;122.00;84.00;73.50;;;17/07/2025;PAMESA;PAMESA;GRES PORCELNICO;0172500034473;;SOLID;MIDWAY;CEMENTO;;POLIVALENTE;BASE;BASE;MATE RECTIFICADO;VARIACION MODERADA;;SI;;;;CLASE 1;R9;;GRUPO BIa;GL Esmaltado;;;NO;;1600-2400 N - 35-45 N/mm2;1;017.250.0294.13282;45X90C(N);CATLOGO PAMESA;;;60;120;9;7200;60x120;MIDWAY;GRAPHITE;https://www.pamesa.com/ERP/4.0/empresas/151/045/imagenes/t00010602/0172500034473.jpg
17;869;294;13282;0178690020224;SI;REC.GLASS;60x120 MIDWAY GRAPHITE;A;SI;SI;32.2500;SOL25;PAMESA;PAMESA;L/32/02;8429991827960;;8429991773199;M2;2;1.44;32;46.08;34.25;1,121.00;122.00;84.00;75.00;;10.50;31/05/2023;PAMESA;PAMESA;GRES PORCELNICO;0178690020224;;SOLID;MIDWAY;CEMENTO;;POLIVALENTE;BASE;BASE;MATE RECTIFICADO;VARIACION MODERADA;;SI;NO;;;CLASE 1;R9;;GRUPO BIa;GL Esmaltado;40 Low;;NO;0.42;1600-2400 N - 35-45 N/mm2;1;017.869.0294.13282;60X120 RF;CATLOGO PAMESA;;;60;120;10,5;7200;60x120;MIDWAY;GRAPHITE;https://www.pamesa.com/ERP/4.0/empresas/151/045/imagenes/t00010602/0178690020224.jpg
17;250;161;13282;0172500034472;SI;REC.GLASS;60x120(n) MIDWAY GREY;A;SI;SI;0.0000;SOL25;PAMESA;PAMESA;L/36/02 RF;8429991161521;;8429991773199;M2;2;1.44;36;51.84;28.62;1,055.32;122.00;84.00;73.50;;;17/07/2025;PAMESA;PAMESA;GRES PORCELNICO;0172500034472;;SOLID;MIDWAY;CEMENTO;;POLIVALENTE;BASE;BASE;MATE RECTIFICADO;VARIACION MODERADA;;SI;;;;CLASE 1;R9;;GRUPO BIa;GL Esmaltado;;;NO;;1600-2400 N - 35-45 N/mm2;1;017.250.0161.13282;60X120(n);CATLOGO PAMESA;;;60;120;9;7200;60x120;MIDWAY;GREY;https://www.pamesa.com/ERP/4.0/empresas/151/045/imagenes/t00010602/0172500034472.jpg
17;869;161;13282;0178690019422;SI;REC.GLASS;60x120 MIDWAY GREY;A;SI;SI;32.2500;SOL25;PAMESA;PAMESA;L/32/02;8429991810542;;8429991773199;M2;2;1.44;32;46.08;34.25;1,121.00;122.00;84.00;75.00;;10.50;13/03/2023;PAMESA;PAMESA;GRES PORCELNICO;0178690019422;;SOLID;MIDWAY;CEMENTO;;POLIVALENTE;BASE;BASE;MATE RECTIFICADO;VARIACION MODERADA;;SI;NO;;;CLASE 1;R9;;GRUPO BIa;GL Esmaltado;40 Low;;NO;0.42;1600-2400 N - 35-45 N/mm2;1;017.869.0161.13282;60X60n(C);CATLOGO PAMESA;;;60;120;10,5;7200;60x120;MIDWAY;GREY;https://www.pamesa.com/ERP/4.0/empresas/151/045/imagenes/t00010602/0178690019422.jpg
17;840;344;13282;0178400019423;SI;REC.GLASS;60x60 MIDWAY ASH;A;SI;SI;21.7500;SOL12;PAMESA;PAMESA;F/30/04 9MM;8429991810597;;8429991773199;M2;4;1.44;30;43.20;29.75;912.50;120.00;80.00;73.50;;9.00;13/03/2023;PAMESA;PAMESA;GRES PORCELNICO;0178400019423;;SOLID;MIDWAY;CEMENTO;;POLIVALENTE;BASE;BASE;MATE RECTIFICADO;VARIACION MODERADA;;SI;NO;;;CLASE 1;R9;;GRUPO BIa;GL Esmaltado;40 Low;;NO;0.42;1600-2400 N - 35-45 N/mm2;1;017.840.0344.13282;60x60;CATLOGO PAMESA;;;60;60;9;3600;60x60;MIDWAY;ASH;https://www.pamesa.com/ERP/4.0/empresas/151/045/imagenes/t00010602/0178400019423.jpg
17;840;7;13282;0178400021930;SI;REC.GLASS;60x60 MIDWAY BEIGE;A;SI;SI;21.7500;SOL12;PAMESA;PAMESA;F/30/04 9MM;8429991871604;;8429991773199;M2;4;1.44;30;43.20;29.75;912.50;120.00;80.00;73.50;;9.00;18/12/2023;PAMESA;PAMESA;GRES PORCELNICO;0178400021930;;SOLID;MIDWAY;CEMENTO;;POLIVALENTE;BASE;BASE;MATE RECTIFICADO;VARIACION MODERADA;;SI;NO;;;CLASE 1;R9;;GRUPO BIa;GL Esmaltado;;;NO;0.42;1600-2400 N - 35-45 N/mm2;1;017.840.0007.13282;120X120;CATLOGO PAMESA;;;60;60;9;3600;60x60;MIDWAY;BEIGE;https://www.pamesa.com/ERP/4.0/empresas/151/045/imagenes/t00010602/0178400021930.jpg
17;840;413;13282;0178400019425;SI;REC.GLASS;60x60 MIDWAY BONE;A;SI;SI;21.7500;SOL12;PAMESA;PAMESA;F/30/04 9MM;8429991810610;;8429991773199;M2;4;1.44;30;43.20;29.75;912.50;120.00;80.00;73.50;;9.00;13/03/2023;PAMESA;PAMESA;GRES PORCELNICO;0178400019425;;SOLID;MIDWAY;CEMENTO;;POLIVALENTE;BASE;BASE;MATE RECTIFICADO;VARIACION MODERADA;;SI;NO;;;CLASE 1;R9;;GRUPO BIa;GL Esmaltado;40 Low;;NO;0.42;1600-2400 N - 35-45 N/mm2;1;017.840.0413.13282;30X30 (5)MALLA;CATLOGO PAMESA;;;60;60;9;3600;60x60;MIDWAY;BONE;https://www.pamesa.com/ERP/4.0/empresas/151/045/imagenes/t00010602/0178400019425.jpg
17;840;294;13282;0178400020224;SI;REC.GLASS;60x60 MIDWAY GRAPHITE;A;SI;SI;21.7500;SOL12;PAMESA;PAMESA;F/30/04 9MM;8429991833183;;8429991773199;M2;4;1.44;30;43.20;29.75;912.50;120.00;80.00;73.50;;9.00;20/06/2023;PAMESA;PAMESA;GRES PORCELNICO;0178400020224;;SOLID;MIDWAY;CEMENTO;;POLIVALENTE;BASE;BASE;MATE RECTIFICADO;VARIACION MODERADA;;SI;NO;;;CLASE 1;R9;;GRUPO BIa;GL Esmaltado;40 Low;;NO;0.42;1600-2400 N - 35-45 N/mm2;1;017.840.0294.13282;60X120(n);CATLOGO PAMESA;;;60;60;9;3600;60x60;MIDWAY;GRAPHITE;https://www.pamesa.com/ERP/4.0/empresas/151/045/imagenes/t00010602/0178400020224.jpg
17;840;161;13282;0178400019422;SI;REC.GLASS;60x60 MIDWAY GREY;A;SI;SI;21.7500;SOL12;PAMESA;PAMESA;F/30/04 9MM;8429991810580;;8429991773199;M2;4;1.44;30;43.20;29.75;912.50;120.00;80.00;73.50;;9.00;13/03/2023;PAMESA;PAMESA;GRES PORCELNICO;0178400019422;;SOLID;MIDWAY;CEMENTO;;POLIVALENTE;BASE;BASE;MATE RECTIFICADO;VARIACION MODERADA;;SI;NO;;;CLASE 1;R9;;GRUPO BIa;GL Esmaltado;40 Low;;NO;0.42;1600-2400 N - 35-45 N/mm2;1;017.840.0161.13282;60X120 RF;CATLOGO PAMESA;;;60;60;9;3600;60x60;MIDWAY;GREY;https://www.pamesa.com/ERP/4.0/empresas/151/045/imagenes/t00010602/0178400019422.jpg
15;845;344;13282;0158450038908;SI;COM.GL;33,3x33,3 MIDWAY ASH;A;SI;SI;0.0000;PGL02;PAMESA;PAMESA;A/48/12 8,5MM;8429991183639;;8429991773182;M2;12;1.33;48;63.84;24.50;1,196.00;126.00;84.00;82.00;;8.50;06/10/2025;PAMESA;PAMESA;GRES PORCELNICO;0158450038908;;SOLID;MIDWAY;CEMENTO;;POLIVALENTE;BASE;BASE;MATE;VARIACION MODERADA;;SI;;;;CLASE 1;R9;;GRUPO BIa;GL Esmaltado;;;NO;;>10000 N - 35-45 N/mm2;1;015.845.0344.13282;60X120(n);CATLOGO PAMESA;;;33,3;33,3;8,5;1108,89;33,3x33,3;MIDWAY;ASH;https://www.pamesa.com/ERP/4.0/empresas/151/045/imagenes/t00010602/0158450038908.jpg
15;845;7;13282;0158450038909;SI;COM.GL;33,3x33,3 MIDWAY BEIGE;A;SI;SI;0.0000;PGL02;PAMESA;PAMESA;A/48/12 8,5MM;8429991183646;;8429991773182;M2;12;1.33;48;63.84;24.50;1,196.00;126.00;84.00;82.00;;8.50;06/10/2025;PAMESA;PAMESA;GRES PORCELNICO;0158450038909;;SOLID;MIDWAY;CEMENTO;;POLIVALENTE;BASE;BASE;MATE;VARIACION MODERADA;;SI;;;;CLASE 1;R9;;GRUPO BIa;GL Esmaltado;;;NO;;>10000 N - 35-45 N/mm2;1;015.845.0007.13282;100X100;CATLOGO PAMESA;;;33,3;33,3;8,5;1108,89;33,3x33,3;MIDWAY;BEIGE;https://www.pamesa.com/ERP/4.0/empresas/151/045/imagenes/t00010602/0158450038909.jpg
25;590;1;14811;0255900024169;SI;PZ.ESP COM-GLAS;30x30(7)Malla GRESITE MIDWAY 1.;A;SI;SI;57.7500;MOS7;PAMESA;PAMESA;E/42/11;8429991957179;;;M2;11;1.00;42;42.00;23.10;990.20;120.00;80.00;;;;05/08/2024;PAMESA;PAMESA;GRES PORCELNICO;0255900024169;;SOLID;MIDWAY;CEMENTO;;POLIVALENTE;MALLA;MOSAICO;MATE;VARIACION ALTA;;;;;;;;;GRUPO BIa;GL Esmaltado;;;NO;;;1;025.590.0001.14811;30x30 (5)Malla;CATLOGO PAMESA;;;30;30;0;900;30x30;GRESITE MIDWAY;1.;https://www.pamesa.com/ERP/4.0/empresas/151/045/imagenes/t00010602/0255900024169.jpg
25;590;344;13282;0255900019423;SI;PZ.ESP COM-GLAS;30x30(7)Malla MIDWAY ASH;A;SI;SI;57.7500;MOS7;PAMESA;PAMESA;E/42/11;8429991843007;;;M2;11;1.00;42;42.00;23.10;990.20;120.00;80.00;;;;20/07/2023;PAMESA;PAMESA;GRES PORCELNICO;0255900019423;;SOLID;MIDWAY;CEMENTO;;POLIVALENTE;MALLA;MOSAICO;MATE RECTIFICADO;VARIACION MODERADA;;SI;NO;;;CLASE 1;;;GRUPO BIa;GL Esmaltado;;;NO;;;1;025.590.0344.13282;120X120(T);CATLOGO PAMESA;;;30;30;0;900;30x30;MIDWAY;ASH;https://www.pamesa.com/ERP/4.0/empresas/151/045/imagenes/t00010602/0255900019423.jpg
25;590;7;13282;0255900021930;SI;PZ.ESP COM-GLAS;30x30(7)Malla MIDWAY BEIGE;A;SI;SI;57.7500;MOS7;PAMESA;PAMESA;E/42/11;8429991908690;;;M2;11;1.00;42;42.00;23.10;990.20;120.00;80.00;;;;26/03/2024;PAMESA;PAMESA;GRES PORCELNICO;0255900021930;;SOLID;MIDWAY;CEMENTO;;POLIVALENTE;MALLA;MOSAICO;MATE RECTIFICADO;VARIACION MODERADA;;SI;NO;;;CLASE 1;;;GRUPO BIa;GL Esmaltado;;;NO;;;1;025.590.0007.13282;30X30 (5)MALLA;CATLOGO PAMESA;;;30;30;0;900;30x30;MIDWAY;BEIGE;https://www.pamesa.com/ERP/4.0/empresas/151/045/imagenes/t00010602/0255900021930.jpg
25;590;413;13282;0255900019425;SI;PZ.ESP COM-GLAS;30x30(7)Malla MIDWAY BONE;A;SI;SI;57.7500;MOS7;PAMESA;PAMESA;E/42/11;8429991843014;;;M2;11;1.00;42;42.00;23.10;990.20;120.00;80.00;;;;20/07/2023;PAMESA;PAMESA;GRES PORCELNICO;0255900019425;;SOLID;MIDWAY;CEMENTO;;POLIVALENTE;MALLA;MOSAICO;MATE RECTIFICADO;VARIACION MODERADA;;SI;NO;;;CLASE 1;;;GRUPO BIa;GL Esmaltado;;;NO;;;1;025.590.0413.13282;60X120(T)C;CATLOGO PAMESA;;;30;30;0;900;30x30;MIDWAY;BONE;https://www.pamesa.com/ERP/4.0/empresas/151/045/imagenes/t00010602/0255900019425.jpg
25;590;294;13282;0255900020224;SI;PZ.ESP COM-GLAS;30x30(7)Malla MIDWAY GRAPHITE;A;SI;SI;57.7500;MOS7;PAMESA;PAMESA;E/42/11;8429991842987;;;M2;11;1.00;42;42.00;23.10;990.20;120.00;80.00;;;;20/07/2023;PAMESA;PAMESA;GRES PORCELNICO;0255900020224;;SOLID;MIDWAY;CEMENTO;;POLIVALENTE;MALLA;MOSAICO;MATE RECTIFICADO;VARIACION MODERADA;;SI;NO;;;CLASE 1;;;GRUPO BIa;GL Esmaltado;;;NO;;;1;025.590.0294.13282;120X120(T);CATLOGO PAMESA;;;30;30;0;900;30x30;MIDWAY;GRAPHITE;https://www.pamesa.com/ERP/4.0/empresas/151/045/imagenes/t00010602/0255900020224.jpg
25;590;161;13282;0255900019422;SI;PZ.ESP COM-GLAS;30x30(7)Malla MIDWAY GREY;A;SI;SI;57.7500;MOS7;PAMESA;PAMESA;E/42/11;8429991842970;;;M2;11;1.00;42;42.00;23.10;990.20;120.00;80.00;;;;20/07/2023;PAMESA;PAMESA;GRES PORCELNICO;0255900019422;;SOLID;MIDWAY;CEMENTO;;POLIVALENTE;MALLA;MOSAICO;MATE RECTIFICADO;VARIACION MODERADA;;SI;NO;;;CLASE 1;;;GRUPO BIa;GL Esmaltado;;;NO;;;1;025.590.0161.13282;60X120(n);CATLOGO PAMESA;;;30;30;0;900;30x30;MIDWAY;GREY;https://www.pamesa.com/ERP/4.0/empresas/151/045/imagenes/t00010602/0255900019422.jpg
52;961;169;9587;0529611699587;SI;SLIM MATE RECTIF.;120x280(6mm) CR.MOLEANOS PEARL;A;SI;SI;62.5000;XXL04;PAMESA;PAMESA;05/20/01;8429991794507;;8429991773199;M2;1;3.36;20;67.20;52.00;1,140.00;290.00;140.00;36.00;;;11/01/2023;PAMESA;XXL;GRES PORCELNICO;0529611699587;;SOLID;MOLEANOS;PIEDRA;;POLIVALENTE;BASE;BASE;MATE RECTIFICADO;VARIACION LEVE;;NO;NO;;;CLASE 1;R10;B;GRUPO BIa;GL Esmaltado;;36 Low;NO;;>700 N - 35-45 N/mm2;1;052.961.0169.09587;45X45;CATLOGO PAMESA;;;120;280;6;33600;120x280;CR.MOLEANOS;PEARL;https://www.pamesa.com/ERP/4.0/empresas/151/045/imagenes/t00010602/0529611699587.jpg
52;961;119;9587;0529611199587;SI;SLIM MATE RECTIF.;120x280(6mm) CR.MOLEANOS SAND;A;SI;SI;62.5000;XXL04;PAMESA;PAMESA;05/20/01;8429991794491;;8429991773199;M2;1;3.36;20;67.20;52.00;1,140.00;290.00;140.00;36.00;;;11/01/2023;PAMESA;XXL;GRES PORCELNICO;0529611199587;;SOLID;MOLEANOS;PIEDRA;;POLIVALENTE;;BASE;MATE RECTIFICADO;VARIACION MODERADA;;NO;;;;CLASE 1;R10;B;GRUPO BIa;GL Esmaltado;;36 Low;NO;;>700 N - 35-45 N/mm2;1;052.961.0119.09587;25X100;CATLOGO PAMESA;;;120;280;6;33600;120x280;CR.MOLEANOS;SAND;https://www.pamesa.com/ERP/4.0/empresas/151/045/imagenes/t00010602/0529611199587.jpg
52;154;119;9587;0521541199587;SI;SLIM MATE RECTIF.;160X160(8MM) CR.MOLEANOS SAND;A;SI;SI;47.5000;XXL03;PAMESA;PAMESA;O/20/01;8429991878931;;8429991773199;M2;1;2.56;20;51.20;48.62;1,062.40;176.00;176.00;34.00;;7.80;23/01/2024;PAMESA;PAMESA;GRES PORCELNICO;0521541199587;;SOLID;MOLEANOS;PIEDRA;;POLIVALENTE;;BASE;MATE RECTIFICADO;VARIACION LEVE;;;;;;;R10;B;GRUPO BIa;GL Esmaltado;;36 Low;NO;;1600-2400 N - 35-45 N/mm2;1;052.154.0119.09587;20x120 (n);CATLOGO PAMESA;;;160;160;8;25600;160x160;CR.MOLEANOS;SAND;https://www.pamesa.com/ERP/4.0/empresas/151/045/imagenes/t00010602/0521541199587.jpg
17;120;169;9587;0171201699587;SI;REC.GLASS;120x120 CR.MOLEANOS PEARL;A;SI;SI;42.2500;SOL35;PAMESA;PAMESA;23/36/01;8429991661458;;8429991773199;M2;1;1.44;36;51.84;34.36;1,276.96;126.00;126.00;71.00;;;25/08/2021;PAMESA;PAMESA;GRES PORCELNICO;0171201699587;;SOLID;MOLEANOS;PIEDRA;;POLIVALENTE;;BASE;MATE RECTIFICADO;VARIACION LEVE;;SI;;;;CLASE 3;R10;B;GRUPO BIa;GL Esmaltado;;36 Low;NO;;1600-2400 N - 35-45 N/mm2;1;017.120.0169.09587;45X45;CATLOGO PAMESA;;;120;120;10,2;14400;120x120;CR.MOLEANOS;PEARL;https://www.pamesa.com/ERP/4.0/empresas/151/045/imagenes/t00010602/0171201699587.jpg
17;120;119;9587;0171201199587;SI;REC.GLASS;120x120 CR.MOLEANOS SAND;A;SI;SI;42.2500;SOL35;PAMESA;PAMESA;23/36/01;8429991661441;;8429991773199;M2;1;1.44;36;51.84;34.36;1,276.96;126.00;126.00;71.00;;;25/08/2021;PAMESA;PAMESA;GRES PORCELNICO;0171201199587;;SOLID;MOLEANOS;PIEDRA;;POLIVALENTE;BASE;BASE;MATE RECTIFICADO;VARIACION LEVE;;SI;NO;;;CLASE 3;R10;B;GRUPO BIa;GL Esmaltado;;36 Low;NO;;1600-2400 N - 35-45 N/mm2;1;017.120.0119.09587;33,3x55;CATLOGO PAMESA;;;120;120;10,2;14400;120x120;CR.MOLEANOS;SAND;https://www.pamesa.com/ERP/4.0/empresas/151/045/imagenes/t00010602/0171201199587.jpg
17;90;169;9587;0170901699587;SI;REC.GLASS;90x90(N) CR.MOLEANOS PEARL;A;SI;SI;29.0000;SOL29;PAMESA;PAMESA;19/32/02;8429991891589;;8429991773199;M2;2;1.62;32;51.84;33.00;1,081.00;97.00;97.00;86.00;;9.00;29/02/2024;PAMESA;PAMESA;GRES PORCELNICO;0170901699587;;SOLID;MOLEANOS;PIEDRA;;POLIVALENTE;BASE;BASE;MATE RECTIFICADO;VARIACION LEVE;;SI;NO;;;CLASE 3;R10;B;GRUPO BIa;GL Esmaltado;;36 Low;NO;;1600-2400 N - 35-45 N/mm2;1;017.090.0169.09587;33,3x55;CATLOGO PAMESA;;;90;90;9;8100;90x90;CR.MOLEANOS;PEARL;https://www.pamesa.com/ERP/4.0/empresas/151/045/imagenes/t00010602/0170901699587.jpg
17;90;119;9587;0170901199587;SI;REC.GLASS;90x90(N) CR.MOLEANOS SAND;A;SI;SI;29.0000;SOL29;PAMESA;PAMESA;19/32/02;8429991891596;;8429991773199;M2;2;1.62;32;51.84;33.00;1,081.00;97.00;97.00;86.00;;9.00;29/02/2024;PAMESA;PAMESA;GRES PORCELNICO;0170901199587;;SOLID;MOLEANOS;PIEDRA;;POLIVALENTE;BASE;BASE;MATE RECTIFICADO;VARIACION LEVE;;SI;NO;;;CLASE 3;R10;B;GRUPO BIa;GL Esmaltado;;36 Low;NO;;1600-2400 N - 35-45 N/mm2;1;017.090.0119.09587;31,6x60;CATLOGO PAMESA;;;90;90;9;8100;90x90;CR.MOLEANOS;SAND;https://www.pamesa.com/ERP/4.0/empresas/151/045/imagenes/t00010602/0170901199587.jpg
17;250;169;9587;0172500042848;SI;REC.GLASS;60x120(n) CR.MOLEANOS PEARL;A;SI;SI;0.0000;SOL23;PAMESA;PAMESA;L/36/02 RF;8429991198909;;8429991773199;M2;2;1.44;36;51.84;28.62;1,055.32;122.00;84.00;73.50;;;13/11/2025;PAMESA;PAMESA;GRES PORCELNICO;0172500042848;;SOLID;MOLEANOS;PIEDRA;;POLIVALENTE;BASE;BASE;MATE RECTIFICADO;VARIACION LEVE;;;;;;CLASE 3;R10;B;GRUPO BIa;GL Esmaltado;;36 Low;NO;;1600-2400 N - 35-45 N/mm2;1;017.250.0169.09587;9X60(M2);CATLOGO PAMESA;;;60;120;9;7200;60x120;CR.MOLEANOS;PEARL;https://www.pamesa.com/ERP/4.0/empresas/151/045/imagenes/t00010602/0172500042848.jpg
17;869;169;9587;0178691699587;SI;REC.GLASS;60x120 CR.MOLEANOS PEARL;A;SI;SI;32.2500;SOL25;PAMESA;PAMESA;L/32/02;8429991669515;;8429991773199;M2;2;1.44;32;46.08;34.25;1,121.00;122.00;84.00;75.00;;10.50;05/10/2021;PAMESA;PAMESA;GRES PORCELNICO;0178691699587;;SOLID;MOLEANOS;PIEDRA;;POLIVALENTE;BASE;BASE;MATE RECTIFICADO;VARIACION LEVE;;SI;NO;;;CLASE 3;R10;B;GRUPO BIa;GL Esmaltado;;36 Low;NO;;1600-2400 N - 35-45 N/mm2;1;017.869.0169.09587;30x30(7)Malla;CATLOGO PAMESA;;;60;120;10,5;7200;60x120;CR.MOLEANOS;PEARL;https://www.pamesa.com/ERP/4.0/empresas/151/045/imagenes/t00010602/0178691699587.jpg
17;250;119;9587;0172500042272;SI;REC.GLASS;60x120(n) CR.MOLEANOS SAND;A;SI;SI;0.0000;SOL23;PAMESA;PAMESA;L/36/02 RF;8429991195878;;8429991773199;M2;2;1.44;36;51.84;28.62;1,055.32;122.00;84.00;73.50;;;13/11/2025;PAMESA;PAMESA;GRES PORCELNICO;0172500042272;;SOLID;MOLEANOS;PIEDRA;;POLIVALENTE;BASE;BASE;MATE RECTIFICADO;VARIACION LEVE;;;;;;CLASE 3;R10;B;GRUPO BIa;GL Esmaltado;;36 Low;NO;;1600-2400 N - 35-45 N/mm2;1;017.250.0119.09587;30,3X61,3;CATLOGO PAMESA;;;60;120;9;7200;60x120;CR.MOLEANOS;SAND;https://www.pamesa.com/ERP/4.0/empresas/151/045/imagenes/t00010602/0172500042272.jpg
17;869;119;9587;0178691199587;SI;REC.GLASS;60x120 CR.MOLEANOS SAND;A;SI;SI;32.2500;SOL25;PAMESA;PAMESA;L/32/02;8429991669508;;8429991773199;M2;2;1.44;32;46.08;34.25;1,121.00;122.00;84.00;75.00;;10.50;05/10/2021;PAMESA;PAMESA;GRES PORCELNICO;0178691199587;;SOLID;MOLEANOS;PIEDRA;;POLIVALENTE;BASE;BASE;MATE RECTIFICADO;VARIACION LEVE;;SI;NO;;;CLASE 3;R10;B;GRUPO BIa;GL Esmaltado;;36 Low;NO;;1600-2400 N - 35-45 N/mm2;1;017.869.0119.09587;60X120(n);CATLOGO PAMESA;;;60;120;10,5;7200;60x120;CR.MOLEANOS;SAND;https://www.pamesa.com/ERP/4.0/empresas/151/045/imagenes/t00010602/0178691199587.jpg
17;840;169;9587;0178401699587;SI;REC.GLASS;60x60 CR.MOLEANOS PEARL;A;SI;SI;22.5000;SOL12;PAMESA;PAMESA;F/30/04 9MM;8429991672577;;8429991773199;M2;4;1.44;30;43.20;29.75;912.50;120.00;80.00;73.50;;9.00;14/10/2021;PAMESA;PAMESA;GRES PORCELNICO;0178401699587;;SOLID;MOLEANOS;PIEDRA;;POLIVALENTE;BASE;BASE;MATE RECTIFICADO;VARIACION LEVE;;SI;NO;30;;CLASE 3;R10;B;GRUPO BIa;GL Esmaltado;;36 Low;NO;;1600-2400 N - 35-45 N/mm2;1;017.840.0169.09587;120X120;CATLOGO PAMESA;;;60;60;9;3600;60x60;CR.MOLEANOS;PEARL;https://www.pamesa.com/ERP/4.0/empresas/151/045/imagenes/t00010602/0178401699587.jpg
17;840;119;9587;0178401199587;SI;REC.GLASS;60x60 CR.MOLEANOS SAND;A;SI;SI;22.5000;SOL12;PAMESA;PAMESA;F/30/04 9MM;8429991672560;;8429991773199;M2;4;1.44;30;43.20;29.75;912.50;120.00;80.00;73.50;;9.00;14/10/2021;PAMESA;PAMESA;GRES PORCELNICO;0178401199587;;SOLID;MOLEANOS;PIEDRA;;POLIVALENTE;BASE;BASE;MATE RECTIFICADO;VARIACION LEVE;;SI;NO;30;;CLASE 3;R10;B;GRUPO BIa;GL Esmaltado;;36 Low;NO;;1600-2400 N - 35-45 N/mm2;1;017.840.0119.09587;60x60;CATLOGO PAMESA;;;60;60;9;3600;60x60;CR.MOLEANOS;SAND;https://www.pamesa.com/ERP/4.0/empresas/151/045/imagenes/t00010602/0178401199587.jpg
25;281;169;9587;0252811699587;SI;PZ.ESP COM-GLAS;30x30 (5)Malla CR.MOLEANOS PEARL;A;SI;SI;70.2500;MOS5;PAMESA;PAMESA;E/42/11;8429991716547;;;M2;11;1.00;42;42.00;23.00;986.00;120.00;80.00;;;;02/03/2022;PAMESA;PAMESA;GRES PORCELNICO;0252811699587;;SOLID;MOLEANOS;PIEDRA;;POLIVALENTE;MALLA;MOSAICO;MATE RECTIFICADO;VARIACION LEVE;;NO;NO;;;CLASE 3;R10;B;GRUPO BIa;GL Esmaltado;;36 Low;NO;;;1;025.281.0169.09587;45X45;CATLOGO PAMESA;;;30;30;0;900;30x30;CR.MOLEANOS;PEARL;https://www.pamesa.com/ERP/4.0/empresas/151/045/imagenes/t00010602/0252811699587.jpg
25;281;119;9587;0252811199587;SI;PZ.ESP COM-GLAS;30x30 (5)Malla CR.MOLEANOS SAND;A;SI;SI;70.2500;MOS5;PAMESA;PAMESA;E/42/11;8429991716530;;;M2;11;1.00;42;42.00;23.00;986.00;120.00;80.00;;;;02/03/2022;PAMESA;PAMESA;GRES PORCELNICO;0252811199587;;SOLID;MOLEANOS;PIEDRA;;POLIVALENTE;MALLA;MOSAICO;MATE RECTIFICADO;VARIACION LEVE;;NO;NO;;;CLASE 3;R10;B;GRUPO BIa;GL Esmaltado;;36 Low;NO;;;1;025.281.0119.09587;60,8x60,8;CATLOGO PAMESA;;;30;30;0;900;30x30;CR.MOLEANOS;SAND;https://www.pamesa.com/ERP/4.0/empresas/151/045/imagenes/t00010602/0252811199587.jpg
52;154;413;10503;0521540011363;SI;SLIM MATE RECTIF.;160X160(8MM) MONTPELLIER BONE;A;SI;SI;47.5000;XXL03;PAMESA;PAMESA;O/20/01;8429991878948;;8429991773199;M2;1;2.56;20;51.20;48.62;1,062.40;176.00;176.00;34.00;;7.80;23/01/2024;PAMESA;PAMESA;GRES PORCELNICO;0521540011363;;SOLID;MONTPELLIER;PIEDRA;;POLIVALENTE;BASE;BASE;MATE RECTIFICADO;VARIACION ALTA;;;;;;CLASE 1;R10;C;GRUPO BIa;GL Esmaltado;;;NO;;1600-2400 N - 35-45 N/mm2;1;052.154.0413.10503;30x180;CATLOGO PAMESA;;;160;160;8;25600;160x160;MONTPELLIER;BONE;https://www.pamesa.com/ERP/4.0/empresas/151/045/imagenes/t00010602/0521540011363.jpg
35;120;97;10503;0351200011366;SI;REC.PEDRA;120x120 MONTPELLIER ALMOND;A;SI;SI;42.5000;SOL35;PAMESA;PAMESA;23/36/01;8429991659219;;8429991773236;M2;1;1.44;36;51.84;34.36;1,276.96;126.00;126.00;71.00;;;09/08/2021;PAMESA;PAMESA;GRES PORCELNICO;0351200011366;;SOLID;MONTPELLIER;PIEDRA;;POLIVALENTE;BASE;BASE;MATE RECTIFICADO;VARIACION ALTA;NO;NO;;;;CLASE 1;R10;C;GRUPO BIa;UGL No esmaltado;;;NO;;1600-2400 N - 35-45 N/mm2;1;035.120.0097.10503;36x80;CATLOGO PAMESA;;;120;120;10,2;14400;120x120;MONTPELLIER;ALMOND;https://www.pamesa.com/ERP/4.0/empresas/151/045/imagenes/t00010602/0351200011366.jpg
35;120;344;10503;0351200011364;SI;REC.PEDRA;120x120 MONTPELLIER ASH;A;SI;SI;42.5000;SOL35;PAMESA;PAMESA;23/36/01;8429991659257;;8429991773236;M2;1;1.44;36;51.84;34.36;1,276.96;126.00;126.00;71.00;;;09/08/2021;PAMESA;PAMESA;GRES PORCELNICO;0351200011364;;SOLID;MONTPELLIER;PIEDRA;;POLIVALENTE;BASE;BASE;MATE RECTIFICADO;VARIACION ALTA;NO;NO;;;;CLASE 1;R10;C;GRUPO BIa;UGL No esmaltado;;;NO;;1600-2400 N - 35-45 N/mm2;1;035.120.0344.10503;33,3x100;CATLOGO PAMESA;;;120;120;10,2;14400;120x120;MONTPELLIER;ASH;https://www.pamesa.com/ERP/4.0/empresas/151/045/imagenes/t00010602/0351200011364.jpg
35;120;413;10503;0351200011363;SI;REC.PEDRA;120x120 MONTPELLIER BONE;A;SI;SI;42.5000;SOL35;PAMESA;PAMESA;23/36/01;8429991659233;;8429991773236;M2;1;1.44;36;51.84;34.36;1,276.96;126.00;126.00;71.00;;;09/08/2021;PAMESA;PAMESA;GRES PORCELNICO;0351200011363;;SOLID;MONTPELLIER;PIEDRA;;POLIVALENTE;BASE;BASE;MATE RECTIFICADO;VARIACION ALTA;NO;NO;;;;CLASE 1;R10;C;GRUPO BIa;UGL No esmaltado;;;NO;;1600-2400 N - 35-45 N/mm2;1;035.120.0413.10503;33,3x100;CATLOGO PAMESA;;;120;120;10,2;14400;120x120;MONTPELLIER;BONE;https://www.pamesa.com/ERP/4.0/empresas/151/045/imagenes/t00010602/0351200011363.jpg
35;120;294;10503;0351200011365;SI;REC.PEDRA;120x120 MONTPELLIER GRAPHITE;A;SI;SI;42.5000;SOL35;PAMESA;PAMESA;23/36/01;8429991659240;;8429991773236;M2;1;1.44;36;51.84;34.36;1,276.96;126.00;126.00;71.00;;;09/08/2021;PAMESA;PAMESA;GRES PORCELNICO;0351200011365;;SOLID;MONTPELLIER;PIEDRA;;POLIVALENTE;BASE;BASE;MATE RECTIFICADO;VARIACION ALTA;NO;NO;;;;CLASE 1;R10;C;GRUPO BIa;UGL No esmaltado;;;NO;;1600-2400 N - 35-45 N/mm2;1;035.120.0294.10503;33,3x100;CATLOGO PAMESA;;;120;120;10,2;14400;120x120;MONTPELLIER;GRAPHITE;https://www.pamesa.com/ERP/4.0/empresas/151/045/imagenes/t00010602/0351200011365.jpg
35;869;97;10503;0358690011366;SI;REC.PEDRA;60x120 MONTPELLIER ALMOND;A;SI;SI;33.5000;SOL25;PAMESA;PAMESA;L/32/02;8429991719692;;8429991773236;M2;2;1.44;32;46.08;34.25;1,121.00;122.00;84.00;75.00;;10.50;17/03/2022;PAMESA;PAMESA;GRES PORCELNICO;0358690011366;;SOLID;MONTPELLIER;PIEDRA;;POLIVALENTE;BASE;BASE;MATE RECTIFICADO;VARIACION ALTA;NO;NO;;;;CLASE 1;R10;C;GRUPO BIa;UGL No esmaltado;;;NO;;1600-2400 N - 35-45 N/mm2;1;035.869.0097.10503;33,3x100;CATLOGO PAMESA;;;60;120;10,5;7200;60x120;MONTPELLIER;ALMOND;https://www.pamesa.com/ERP/4.0/empresas/151/045/imagenes/t00010602/0358690011366.jpg
35;869;344;10503;0358690011364;SI;REC.PEDRA;60x120 MONTPELLIER ASH;A;SI;SI;33.5000;SOL25;PAMESA;PAMESA;L/32/02;8429991719722;;8429991773236;M2;2;1.44;32;46.08;34.25;1,121.00;122.00;84.00;75.00;;10.50;17/03/2022;PAMESA;PAMESA;GRES PORCELNICO;0358690011364;;SOLID;MONTPELLIER;PIEDRA;;POLIVALENTE;BASE;BASE;MATE RECTIFICADO;VARIACION ALTA;NO;NO;;;;CLASE 1;R10;C;GRUPO BIa;UGL No esmaltado;;;NO;;1600-2400 N - 35-45 N/mm2;1;035.869.0344.10503;30X90PBCA;CATLOGO PAMESA;;;60;120;10,5;7200;60x120;MONTPELLIER;ASH;https://www.pamesa.com/ERP/4.0/empresas/151/045/imagenes/t00010602/0358690011364.jpg
35;869;413;10503;0358690011363;SI;REC.PEDRA;60x120 MONTPELLIER BONE;A;SI;SI;33.5000;SOL25;PAMESA;PAMESA;L/32/02;8429991719739;;8429991773236;M2;2;1.44;32;46.08;34.25;1,121.00;122.00;84.00;75.00;;10.50;17/03/2022;PAMESA;PAMESA;GRES PORCELNICO;0358690011363;;SOLID;MONTPELLIER;PIEDRA;;POLIVALENTE;BASE;BASE;MATE RECTIFICADO;VARIACION ALTA;NO;NO;;;;CLASE 1;R10;C;GRUPO BIa;UGL No esmaltado;;;NO;;1600-2400 N - 35-45 N/mm2;1;035.869.0413.10503;30X90PBCA;CATLOGO PAMESA;;;60;120;10,5;7200;60x120;MONTPELLIER;BONE;https://www.pamesa.com/ERP/4.0/empresas/151/045/imagenes/t00010602/0358690011363.jpg
35;869;294;10503;0358690011365;SI;REC.PEDRA;60x120 MONTPELLIER GRAPHITE;A;SI;SI;33.5000;SOL25;PAMESA;PAMESA;L/32/02;8429991719708;;8429991773236;M2;2;1.44;32;46.08;34.25;1,121.00;122.00;84.00;75.00;;10.50;17/03/2022;PAMESA;PAMESA;GRES PORCELNICO;0358690011365;;SOLID;MONTPELLIER;PIEDRA;;POLIVALENTE;BASE;BASE;MATE RECTIFICADO;VARIACION ALTA;NO;NO;;;;CLASE 1;R10;C;GRUPO BIa;UGL No esmaltado;;;NO;;1600-2400 N - 35-45 N/mm2;1;035.869.0294.10503;36x80;CATLOGO PAMESA;;;60;120;10,5;7200;60x120;MONTPELLIER;GRAPHITE;https://www.pamesa.com/ERP/4.0/empresas/151/045/imagenes/t00010602/0358690011365.jpg
17;769;344;11497;0177690041866;SI;REC.GLASS;100x100(N)20MM MOSEL ASH;A;SI;SI;16.5000;2CM07;PAMESA.C.P;PAMESA;27/28/01 S/C;8429991193898;;;M2;1;1.00;28;28.00;42.86;1,222.08;107.00;107.00;;;20.00;11/11/2025;PAMESA;PAMESA;GRES PORCELNICO;0177690041866;;SOLID;MOSEL;PIEDRA;;PAVIMENTO;BASE;BASE;MATE RECTIFICADO;VARIACION MODERADA;;NO;;;;CLASE 3;R11;C;GRUPO BIa;GL Esmaltado;;36 Low;NO;;>8000 N - 35-45 N/mm2;1;017.769.0344.11497;60x60;CATLOGO PAMESA;;;100;100;20;10000;100x100;MOSEL;ASH;https://www.pamesa.com/ERP/4.0/empresas/151/045/imagenes/t00010602/0177690041866.jpg
17;769;119;11497;0177690041864;SI;REC.GLASS;100x100(N)20MM MOSEL SAND;A;SI;SI;16.5000;2CM07;PAMESA.C.P;PAMESA;27/28/01 S/C;8429991193874;;;M2;1;1.00;28;28.00;42.86;1,222.08;107.00;107.00;;;20.00;11/11/2025;PAMESA;PAMESA;GRES PORCELNICO;0177690041864;;SOLID;MOSEL;PIEDRA;;PAVIMENTO;BASE;BASE;MATE RECTIFICADO;VARIACION MODERADA;;NO;;;;CLASE 3;R11;C;GRUPO BIa;GL Esmaltado;;36 Low;NO;;>8000 N - 35-45 N/mm2;1;017.769.0119.11497;60X120 RF;CATLOGO PAMESA;;;100;100;20;10000;100x100;MOSEL;SAND;https://www.pamesa.com/ERP/4.0/empresas/151/045/imagenes/t00010602/0177690041864.jpg
17;90;344;11497;0170900014259;SI;REC.GLASS;90x90(N) MOSEL ASH;A;SI;SI;29.0000;SOL29;PAMESA;PAMESA;19/32/02;8429991891749;;8429991773199;M2;2;1.62;32;51.84;33.00;1,081.00;97.00;97.00;86.00;;9.00;29/02/2024;PAMESA;PAMESA;GRES PORCELNICO;0170900014259;;SOLID;MOSEL;PIEDRA;;POLIVALENTE;BASE;BASE;MATE RECTIFICADO;VARIACION MODERADA;;NO;NO;;;CLASE 1;R9;;GRUPO BIa;GL Esmaltado;;;NO;0.75;1600-2400 N - 35-45 N/mm2;1;017.090.0344.11497;33,3x55;CATLOGO PAMESA;;;90;90;9;8100;90x90;MOSEL;ASH;https://www.pamesa.com/ERP/4.0/empresas/151/045/imagenes/t00010602/0170900014259.jpg
17;789;344;11497;0177890014259;SI;REC.GLASS;90x90N(20mm) MOSEL ASH;A;SI;SI;0.0000;2CM03;PAMESA.C.P;PAMESA;19/30/01;8429991954321;;;M2;1;0.81;30;24.30;33.90;1,042.00;97.00;97.00;86.00;;20.00;26/07/2024;PAMESA;PAMESA;GRES PORCELNICO;0177890014259;;SOLID;MOSEL;PIEDRA;;PAVIMENTO;BASE;BASE;MATE RECTIFICADO;VARIACION MODERADA;;NO;NO;;;CLASE 3;R11;C;GRUPO BIa;GL Esmaltado;;36 Low;NO;0.42;>8000 N - 35-45 N/mm2;1;017.789.0344.11497;60X120 RF;CATLOGO PAMESA;;;90;90;20;8100;90x90;MOSEL;ASH;https://www.pamesa.com/ERP/4.0/empresas/151/045/imagenes/t00010602/0177890014259.jpg
17;90;161;11497;0170900014256;SI;REC.GLASS;90x90(N) MOSEL GREY;A;SI;SI;29.0000;SOL29;PAMESA;PAMESA;19/32/02;8429991891732;;8429991773199;M2;2;1.62;32;51.84;33.00;1,081.00;97.00;97.00;86.00;;9.00;29/02/2024;PAMESA;PAMESA;GRES PORCELNICO;0170900014256;;SOLID;MOSEL;PIEDRA;;POLIVALENTE;BASE;BASE;MATE RECTIFICADO;VARIACION MODERADA;;NO;NO;;;CLASE 1;R9;;GRUPO BIa;GL Esmaltado;;;NO;0.75;1600-2400 N - 35-45 N/mm2;1;017.090.0161.11497;31,6x60;CATLOGO PAMESA;;;90;90;9;8100;90x90;MOSEL;GREY;https://www.pamesa.com/ERP/4.0/empresas/151/045/imagenes/t00010602/0170900014256.jpg
17;789;161;11497;0177890014256;SI;REC.GLASS;90x90N(20mm) MOSEL GREY;A;SI;SI;0.0000;2CM03;PAMESA.C.P;PAMESA;19/30/01;8429991954314;;;M2;1;0.81;30;24.30;33.90;1,042.00;97.00;97.00;86.00;;20.00;26/07/2024;PAMESA;PAMESA;GRES PORCELNICO;0177890014256;;SOLID;MOSEL;PIEDRA;;PAVIMENTO;BASE;BASE;MATE RECTIFICADO;VARIACION MODERADA;;NO;NO;;;CLASE 3;R11;C;GRUPO BIa;GL Esmaltado;;36 Low;NO;0.42;>8000 N - 35-45 N/mm2;1;017.789.0161.11497;60X120 RF;CATLOGO PAMESA;;;90;90;20;8100;90x90;MOSEL;GREY;https://www.pamesa.com/ERP/4.0/empresas/151/045/imagenes/t00010602/0177890014256.jpg
17;90;119;11497;0170900014258;SI;REC.GLASS;90x90(N) MOSEL SAND;A;SI;SI;29.0000;SOL29;PAMESA;PAMESA;19/32/02;8429991891756;;8429991773199;M2;2;1.62;32;51.84;33.00;1,081.00;97.00;97.00;86.00;;9.00;29/02/2024;PAMESA;PAMESA;GRES PORCELNICO;0170900014258;;SOLID;MOSEL;PIEDRA;;POLIVALENTE;BASE;BASE;MATE RECTIFICADO;VARIACION MODERADA;;NO;NO;;;CLASE 1;R9;;GRUPO BIa;GL Esmaltado;;;NO;0.75;1600-2400 N - 35-45 N/mm2;1;017.090.0119.11497;31,6x60;CATLOGO PAMESA;;;90;90;9;8100;90x90;MOSEL;SAND;https://www.pamesa.com/ERP/4.0/empresas/151/045/imagenes/t00010602/0170900014258.jpg
17;789;119;11497;0177890014258;SI;REC.GLASS;90x90N(20mm) MOSEL SAND;A;SI;SI;0.0000;2CM03;PAMESA.C.P;PAMESA;19/30/01;8429991954307;;;M2;1;0.81;30;24.30;33.90;1,042.00;97.00;97.00;86.00;;20.00;26/07/2024;PAMESA;PAMESA;GRES PORCELNICO;0177890014258;;SOLID;MOSEL;PIEDRA;;PAVIMENTO;BASE;BASE;MATE RECTIFICADO;VARIACION MODERADA;;NO;NO;;;CLASE 3;R11;C;GRUPO BIa;GL Esmaltado;;36 Low;NO;0.42;>8000 N - 35-45 N/mm2;1;017.789.0119.11497;60X120(n);CATLOGO PAMESA;;;90;90;20;8100;90x90;MOSEL;SAND;https://www.pamesa.com/ERP/4.0/empresas/151/045/imagenes/t00010602/0177890014258.jpg
17;785;344;11497;0177850014259;SI;REC.GLASS;60x60N(20mm) MOSEL ASH;A;SI;SI;0.0000;2CM01;PAMESA;PAMESA;F/30/02;8429991954277;;8429991773199;M2;2;0.72;30;21.60;28.50;875.00;120.00;80.00;73.50;;20.00;26/07/2024;PAMESA;PAMESA;GRES PORCELNICO;0177850014259;;SOLID;MOSEL;PIEDRA;;PAVIMENTO;BASE;BASE;MATE RECTIFICADO;VARIACION MODERADA;;NO;;;;CLASE 3;R11;C;GRUPO BIa;GL Esmaltado;;36 Low;NO;0.42;>8000 N - 35-45 N/mm2;1;017.785.0344.11497;90X90(N);CATLOGO PAMESA;;;60;60;20;3600;60x60;MOSEL;ASH;https://www.pamesa.com/ERP/4.0/empresas/151/045/imagenes/t00010602/0177850014259.jpg
17;840;344;11497;0178400014259;SI;REC.GLASS;60x60 MOSEL ASH;A;SI;SI;20.2500;SOL12;PAMESA;PAMESA;F/30/04 9MM;8429991727949;;8429991773199;M2;4;1.44;30;43.20;29.75;912.50;120.00;80.00;73.50;;9.00;02/05/2022;PAMESA;PAMESA;GRES PORCELNICO;0178400014259;;SOLID;MOSEL;PIEDRA;;POLIVALENTE;BASE;BASE;MATE RECTIFICADO;VARIACION MODERADA;;NO;;;;CLASE 1;R9;;GRUPO BIa;GL Esmaltado;;;NO;0.75;1600-2400 N - 35-45 N/mm2;1;017.840.0344.11497;60x60;CATLOGO PAMESA;;;60;60;9;3600;60x60;MOSEL;ASH;https://www.pamesa.com/ERP/4.0/empresas/151/045/imagenes/t00010602/0178400014259.jpg
17;785;161;11497;0177850014256;SI;REC.GLASS;60x60N(20mm) MOSEL GREY;A;SI;SI;0.0000;2CM01;PAMESA;PAMESA;F/30/02;8429991954284;;8429991773199;M2;2;0.72;30;21.60;28.50;875.00;120.00;80.00;73.50;;20.00;26/07/2024;PAMESA;PAMESA;GRES PORCELNICO;0177850014256;;SOLID;MOSEL;PIEDRA;;PAVIMENTO;BASE;BASE;MATE RECTIFICADO;VARIACION MODERADA;;NO;;;;CLASE 3;R11;C;GRUPO BIa;GL Esmaltado;;36 Low;NO;0.42;>8000 N - 35-45 N/mm2;1;017.785.0161.11497;30x30(7)Malla;CATLOGO PAMESA;;;60;60;20;3600;60x60;MOSEL;GREY;https://www.pamesa.com/ERP/4.0/empresas/151/045/imagenes/t00010602/0177850014256.jpg
17;840;161;11497;0178400014256;SI;REC.GLASS;60x60 MOSEL GREY;A;SI;SI;20.2500;SOL12;PAMESA;PAMESA;F/30/04 9MM;8429991727925;;8429991773199;M2;4;1.44;30;43.20;29.75;912.50;120.00;80.00;73.50;;9.00;02/05/2022;PAMESA;PAMESA;GRES PORCELNICO;0178400014256;;SOLID;MOSEL;PIEDRA;;POLIVALENTE;BASE;BASE;MATE RECTIFICADO;VARIACION MODERADA;;NO;;;;CLASE 1;R9;;GRUPO BIa;GL Esmaltado;;;NO;0.75;1600-2400 N - 35-45 N/mm2;1;017.840.0161.11497;60X120 RF;CATLOGO PAMESA;;;60;60;9;3600;60x60;MOSEL;GREY;https://www.pamesa.com/ERP/4.0/empresas/151/045/imagenes/t00010602/0178400014256.jpg
17;785;119;11497;0177850014258;SI;REC.GLASS;60x60N(20mm) MOSEL SAND;A;SI;SI;0.0000;2CM01;PAMESA;PAMESA;F/30/02;8429991954291;;8429991773199;M2;2;0.72;30;21.60;28.50;875.00;120.00;80.00;73.50;;20.00;26/07/2024;PAMESA;PAMESA;GRES PORCELNICO;0177850014258;;SOLID;MOSEL;PIEDRA;;PAVIMENTO;BASE;BASE;MATE RECTIFICADO;VARIACION MODERADA;;NO;;;;CLASE 3;R11;C;GRUPO BIa;GL Esmaltado;;36 Low;NO;0.42;>8000 N - 35-45 N/mm2;1;017.785.0119.11497;60X90(N)20MM;CATLOGO PAMESA;;;60;60;20;3600;60x60;MOSEL;SAND;https://www.pamesa.com/ERP/4.0/empresas/151/045/imagenes/t00010602/0177850014258.jpg
17;840;119;11497;0178400014258;SI;REC.GLASS;60x60 MOSEL SAND;A;SI;SI;20.2500;SOL12;PAMESA;PAMESA;F/30/04 9MM;8429991727918;;8429991773199;M2;4;1.44;30;43.20;29.75;912.50;120.00;80.00;73.50;;9.00;02/05/2022;PAMESA;PAMESA;GRES PORCELNICO;0178400014258;;SOLID;MOSEL;PIEDRA;;POLIVALENTE;BASE;BASE;MATE RECTIFICADO;VARIACION MODERADA;;NO;;;;CLASE 1;R9;;GRUPO BIa;GL Esmaltado;;;NO;0.75;1600-2400 N - 35-45 N/mm2;1;017.840.0119.11497;30x60 (C);CATLOGO PAMESA;;;60;60;9;3600;60x60;MOSEL;SAND;https://www.pamesa.com/ERP/4.0/empresas/151/045/imagenes/t00010602/0178400014258.jpg
17;120;7;14958;0171200024608;SI;REC.GLASS;120x120 NATURAL SENSE BEIGE;A;SI;SI;0.0000;SOL35;PAMESA;PAMESA;23/36/01;8429991976286;;8429991773199;M2;1;1.44;36;51.84;34.36;1,276.96;126.00;126.00;71.00;;;11/11/2024;PAMESA;PAMESA;GRES PORCELNICO;0171200024608;;SOLID;NATURAL SENSE;MARMOL;;POLIVALENTE;BASE;BASE;MATE RECTIFICADO;VARIACION MODERADA;;SI;;;;CLASE 1;R9;;GRUPO BIa;GL Esmaltado;;36 Low;NO;;1600-2400 N - 35-45 N/mm2;1;017.120.0007.14958;25x70;CATLOGO PAMESA;;;120;120;10,2;14400;120x120;NATURAL SENSE;BEIGE;https://www.pamesa.com/ERP/4.0/empresas/151/045/imagenes/t00010602/0171200024608.jpg
33;120;7;14958;0331200034852;SI;POLIMAT;120x120 NATURAL SENSE BEIGE;A;SI;SI;0.0000;SOL37;PAMESA;PAMESA;23/36/01;8429991163679;;8429991773199;M2;1;1.44;36;51.84;34.36;1,276.96;126.00;126.00;71.00;;;24/07/2025;PAMESA;PAMESA;GRES PORCELNICO;0331200034852;;SOLID;NATURAL SENSE;MARMOL;;POLIVALENTE;BASE;BASE;ANTIC;VARIACION MODERADA;;SI;;;;CLASE 0;;;GRUPO BIa;GL Esmaltado;;;NO;;1600-2400 N - 35-45 N/mm2;1;033.120.0007.14958;120X280(6MM);CATLOGO PAMESA;;;120;120;10,2;14400;120x120;NATURAL SENSE;BEIGE;https://www.pamesa.com/ERP/4.0/empresas/151/045/imagenes/t00010602/0331200034852.jpg
17;120;12;14958;0171200024607;SI;REC.GLASS;120x120 NATURAL SENSE BLANCO;A;SI;SI;0.0000;SOL35;PAMESA;PAMESA;23/36/01;8429991976262;;8429991773199;M2;1;1.44;36;51.84;34.36;1,276.96;126.00;126.00;71.00;;;11/11/2024;PAMESA;PAMESA;GRES PORCELNICO;0171200024607;;SOLID;NATURAL SENSE;MARMOL;;POLIVALENTE;BASE;BASE;MATE RECTIFICADO;VARIACION MODERADA;;SI;;;;CLASE 1;R9;;GRUPO BIa;GL Esmaltado;;36 Low;NO;;1600-2400 N - 35-45 N/mm2;1;017.120.0012.14958;33,3x55;CATLOGO PAMESA;;;120;120;10,2;14400;120x120;NATURAL SENSE;BLANCO;https://www.pamesa.com/ERP/4.0/empresas/151/045/imagenes/t00010602/0171200024607.jpg
33;120;12;14958;0331200034853;SI;POLIMAT;120x120 NATURAL SENSE BLANCO;A;SI;SI;0.0000;SOL37;PAMESA;PAMESA;23/36/01;8429991163686;;8429991773199;M2;1;1.44;36;51.84;34.36;1,276.96;126.00;126.00;71.00;;;24/07/2025;PAMESA;PAMESA;GRES PORCELNICO;0331200034853;;SOLID;NATURAL SENSE;MARMOL;;POLIVALENTE;BASE;BASE;ANTIC;VARIACION MODERADA;;SI;;;;CLASE 0;;;GRUPO BIa;GL Esmaltado;;;NO;;1600-2400 N - 35-45 N/mm2;1;033.120.0012.14958;160X160;CATLOGO PAMESA;;;120;120;10,2;14400;120x120;NATURAL SENSE;BLANCO;https://www.pamesa.com/ERP/4.0/empresas/151/045/imagenes/t00010602/0331200034853.jpg
17;120;2;14958;0171200024609;SI;REC.GLASS;120x120 NATURAL SENSE GRIS;A;SI;SI;0.0000;SOL35;PAMESA;PAMESA;23/36/01;8429991976279;;8429991773199;M2;1;1.44;36;51.84;34.36;1,276.96;126.00;126.00;71.00;;;11/11/2024;PAMESA;PAMESA;GRES PORCELNICO;0171200024609;;SOLID;NATURAL SENSE;MARMOL;;POLIVALENTE;BASE;BASE;MATE RECTIFICADO;VARIACION MODERADA;;SI;;;;CLASE 1;R9;;GRUPO BIa;GL Esmaltado;;36 Low;NO;;1600-2400 N - 35-45 N/mm2;1;017.120.0002.14958;33,3x55;CATLOGO PAMESA;;;120;120;10,2;14400;120x120;NATURAL SENSE;GRIS;https://www.pamesa.com/ERP/4.0/empresas/151/045/imagenes/t00010602/0171200024609.jpg
33;120;2;14958;0331200034851;SI;POLIMAT;120x120 NATURAL SENSE GRIS;A;SI;SI;0.0000;SOL37;PAMESA;PAMESA;23/36/01;8429991163662;;8429991773199;M2;1;1.44;36;51.84;34.36;1,276.96;126.00;126.00;71.00;;;24/07/2025;PAMESA;PAMESA;GRES PORCELNICO;0331200034851;;SOLID;NATURAL SENSE;MARMOL;;POLIVALENTE;BASE;BASE;ANTIC;VARIACION MODERADA;;SI;;;;CLASE 0;;;GRUPO BIa;GL Esmaltado;;;NO;;1600-2400 N - 35-45 N/mm2;1;033.120.0002.14958;30X30 (5)MALLA;CATLOGO PAMESA;;;120;120;10,2;14400;120x120;NATURAL SENSE;GRIS;https://www.pamesa.com/ERP/4.0/empresas/151/045/imagenes/t00010602/0331200034851.jpg
17;120;37;14958;0171200024613;SI;REC.GLASS;120x120 NATURAL SENSE PERLA;A;SI;SI;0.0000;SOL35;PAMESA;PAMESA;23/36/01;8429991976293;;8429991773199;M2;1;1.44;36;51.84;34.36;1,276.96;126.00;126.00;71.00;;;11/11/2024;PAMESA;PAMESA;GRES PORCELNICO;0171200024613;;SOLID;NATURAL SENSE;MARMOL;;POLIVALENTE;BASE;BASE;MATE RECTIFICADO;VARIACION MODERADA;;SI;;;;CLASE 1;R9;;GRUPO BIa;GL Esmaltado;;36 Low;NO;;1600-2400 N - 35-45 N/mm2;1;017.120.0037.14958;33,3x55;CATLOGO PAMESA;;;120;120;10,2;14400;120x120;NATURAL SENSE;PERLA;https://www.pamesa.com/ERP/4.0/empresas/151/045/imagenes/t00010602/0171200024613.jpg
33;120;37;14958;0331200034854;SI;POLIMAT;120x120 NATURAL SENSE PERLA;A;SI;SI;0.0000;SOL37;PAMESA;PAMESA;23/36/01;8429991163693;;8429991773199;M2;1;1.44;36;51.84;34.36;1,276.96;126.00;126.00;71.00;;;24/07/2025;PAMESA;PAMESA;GRES PORCELNICO;0331200034854;;SOLID;NATURAL SENSE;MARMOL;;POLIVALENTE;BASE;BASE;ANTIC;VARIACION MODERADA;;SI;;;;CLASE 0;;;GRUPO BIa;GL Esmaltado;;;NO;;1600-2400 N - 35-45 N/mm2;1;033.120.0037.14958;30X60(T)C;CATLOGO PAMESA;;;120;120;10,2;14400;120x120;NATURAL SENSE;PERLA;https://www.pamesa.com/ERP/4.0/empresas/151/045/imagenes/t00010602/0331200034854.jpg
17;90;7;14958;0170900035779;SI;REC.GLASS;90x90(N) NATURAL SENSE BEIGE;A;SI;SI;0.0000;SOL29;PAMESA;PAMESA;19/32/02;8429991168797;;8429991773199;M2;2;1.62;32;51.84;33.00;1,081.00;97.00;97.00;86.00;;9.00;07/08/2025;PAMESA;PAMESA;GRES PORCELNICO;0170900035779;;SOLID;NATURAL SENSE;MARMOL;;POLIVALENTE;BASE;BASE;MATE RECTIFICADO;VARIACION MODERADA;;SI;;;;CLASE 1;R9;;GRUPO BIa;GL Esmaltado;;;NO;;1600-2400 N - 35-45 N/mm2;1;017.090.0007.14958;33,3x33,3;CATLOGO PAMESA;;;90;90;9;8100;90x90;NATURAL SENSE;BEIGE;https://www.pamesa.com/ERP/4.0/empresas/151/045/imagenes/t00010602/0170900035779.jpg
33;90;7;14958;0330900035773;SI;POLIMAT;90x90(N) NATURAL SENSE BEIGE;A;SI;SI;0.0000;SOL46;PAMESA;PAMESA;19/32/02;8429991168759;;8429991773199;M2;2;1.62;32;51.84;33.00;1,081.00;97.00;97.00;86.00;;9.00;07/08/2025;PAMESA;PAMESA;GRES PORCELNICO;0330900035773;;SOLID;NATURAL SENSE;MARMOL;;POLIVALENTE;BASE;BASE;ANTIC;VARIACION MODERADA;;SI;;;;CLASE 0;;;GRUPO BIa;GL Esmaltado;;;NO;;1600-2400 N - 35-45 N/mm2;1;033.090.0007.14958;120X280(6MM);CATLOGO PAMESA;;;90;90;9;8100;90x90;NATURAL SENSE;BEIGE;https://www.pamesa.com/ERP/4.0/empresas/151/045/imagenes/t00010602/0330900035773.jpg
17;90;12;14958;0170900035780;SI;REC.GLASS;90x90(N) NATURAL SENSE BLANCO;A;SI;SI;0.0000;SOL29;PAMESA;PAMESA;19/32/02;8429991168803;;8429991773199;M2;2;1.62;32;51.84;33.00;1,081.00;97.00;97.00;86.00;;9.00;07/08/2025;PAMESA;PAMESA;GRES PORCELNICO;0170900035780;;SOLID;NATURAL SENSE;MARMOL;;POLIVALENTE;BASE;BASE;MATE RECTIFICADO;VARIACION MODERADA;;SI;;;;CLASE 1;R9;;GRUPO BIa;GL Esmaltado;;;NO;;1600-2400 N - 35-45 N/mm2;1;017.090.0012.14958;45X45;CATLOGO PAMESA;;;90;90;9;8100;90x90;NATURAL SENSE;BLANCO;https://www.pamesa.com/ERP/4.0/empresas/151/045/imagenes/t00010602/0170900035780.jpg
33;90;12;14958;0330900035776;SI;POLIMAT;90x90(N) NATURAL SENSE BLANCO;A;SI;SI;0.0000;SOL46;PAMESA;PAMESA;19/32/02;8429991168766;;8429991773199;M2;2;1.62;32;51.84;33.00;1,081.00;97.00;97.00;86.00;;9.00;07/08/2025;PAMESA;PAMESA;GRES PORCELNICO;0330900035776;;SOLID;NATURAL SENSE;MARMOL;;POLIVALENTE;BASE;BASE;ANTIC;VARIACION MODERADA;;SI;;;;CLASE 0;;;GRUPO BIa;GL Esmaltado;;;NO;;1600-2400 N - 35-45 N/mm2;1;033.090.0012.14958;30X30 (5)MALLA;CATLOGO PAMESA;;;90;90;9;8100;90x90;NATURAL SENSE;BLANCO;https://www.pamesa.com/ERP/4.0/empresas/151/045/imagenes/t00010602/0330900035776.jpg
17;90;2;14958;0170900035778;SI;REC.GLASS;90x90(N) NATURAL SENSE GRIS;A;SI;SI;0.0000;SOL29;PAMESA;PAMESA;19/32/02;8429991168780;;8429991773199;M2;2;1.62;32;51.84;33.00;1,081.00;97.00;97.00;86.00;;9.00;07/08/2025;PAMESA;PAMESA;GRES PORCELNICO;0170900035778;;SOLID;NATURAL SENSE;MARMOL;;POLIVALENTE;BASE;BASE;MATE RECTIFICADO;VARIACION MODERADA;;SI;;;;CLASE 1;R9;;GRUPO BIa;GL Esmaltado;;;NO;;1600-2400 N - 35-45 N/mm2;1;017.090.0002.14958;33,3x33,3;CATLOGO PAMESA;;;90;90;9;8100;90x90;NATURAL SENSE;GRIS;https://www.pamesa.com/ERP/4.0/empresas/151/045/imagenes/t00010602/0170900035778.jpg
33;90;2;14958;0330900035772;SI;POLIMAT;90x90(N) NATURAL SENSE GRIS;A;SI;SI;0.0000;SOL46;PAMESA;PAMESA;19/32/02;8429991168742;;8429991773199;M2;2;1.62;32;51.84;33.00;1,081.00;97.00;97.00;86.00;;9.00;07/08/2025;PAMESA;PAMESA;GRES PORCELNICO;0330900035772;;SOLID;NATURAL SENSE;MARMOL;;POLIVALENTE;BASE;BASE;ANTIC;VARIACION MODERADA;;SI;;;;CLASE 0;;;GRUPO BIa;GL Esmaltado;;;NO;;1600-2400 N - 35-45 N/mm2;1;033.090.0002.14958;30X30 (5)MALLA;CATLOGO PAMESA;;;90;90;9;8100;90x90;NATURAL SENSE;GRIS;https://www.pamesa.com/ERP/4.0/empresas/151/045/imagenes/t00010602/0330900035772.jpg
17;90;37;14958;0170900035781;SI;REC.GLASS;90x90(N) NATURAL SENSE PERLA;A;SI;SI;0.0000;SOL29;PAMESA;PAMESA;19/32/02;8429991168810;;8429991773199;M2;2;1.62;32;51.84;33.00;1,081.00;97.00;97.00;86.00;;9.00;07/08/2025;PAMESA;PAMESA;GRES PORCELNICO;0170900035781;;SOLID;NATURAL SENSE;MARMOL;;POLIVALENTE;BASE;BASE;MATE RECTIFICADO;VARIACION MODERADA;;SI;;;;CLASE 1;R9;;GRUPO BIa;GL Esmaltado;;;NO;;1600-2400 N - 35-45 N/mm2;1;017.090.0037.14958;31,6x60;CATLOGO PAMESA;;;90;90;9;8100;90x90;NATURAL SENSE;PERLA;https://www.pamesa.com/ERP/4.0/empresas/151/045/imagenes/t00010602/0170900035781.jpg
33;90;37;14958;0330900035777;SI;POLIMAT;90x90(N) NATURAL SENSE PERLA;A;SI;SI;0.0000;SOL46;PAMESA;PAMESA;19/32/02;8429991168773;;8429991773199;M2;2;1.62;32;51.84;33.00;1,081.00;97.00;97.00;86.00;;9.00;07/08/2025;PAMESA;PAMESA;GRES PORCELNICO;0330900035777;;SOLID;NATURAL SENSE;MARMOL;;POLIVALENTE;BASE;BASE;ANTIC;VARIACION MODERADA;;SI;;;;CLASE 0;;;GRUPO BIa;GL Esmaltado;;;NO;;1600-2400 N - 35-45 N/mm2;1;033.090.0037.14958;60X120 RF;CATLOGO PAMESA;;;90;90;9;8100;90x90;NATURAL SENSE;PERLA;https://www.pamesa.com/ERP/4.0/empresas/151/045/imagenes/t00010602/0330900035777.jpg
17;250;7;14958;0172500024608;SI;REC.GLASS;60x120(n) NATURAL SENSE BEIGE;A;SI;SI;0.0000;SOL23;PAMESA;PAMESA;L/36/02 RF;8429991976323;;8429991773199;M2;2;1.44;36;51.84;28.62;1,055.32;122.00;84.00;73.50;;;11/11/2024;PAMESA;PAMESA;GRES PORCELNICO;0172500024608;;SOLID;NATURAL SENSE;MARMOL;;POLIVALENTE;BASE;BASE;MATE RECTIFICADO;VARIACION MODERADA;;SI;;;;CLASE 1;R9;;GRUPO BIa;GL Esmaltado;;36 Low;NO;;1600-2400 N - 35-45 N/mm2;1;017.250.0007.14958;60X120 RF;CATLOGO PAMESA;;;60;120;9;7200;60x120;NATURAL SENSE;BEIGE;https://www.pamesa.com/ERP/4.0/empresas/151/045/imagenes/t00010602/0172500024608.jpg
33;869;7;14958;0338690034856;SI;POLIMAT;60x120 NATURAL SENSE BEIGE;A;SI;SI;0.0000;SOL27;PAMESA;PAMESA;L/32/02;8429991163716;;8429991773199;M2;2;1.44;32;46.08;34.25;1,121.00;122.00;84.00;75.00;;10.50;24/07/2025;PAMESA;PAMESA;GRES PORCELNICO;0338690034856;;SOLID;NATURAL SENSE;MARMOL;;POLIVALENTE;BASE;BASE;ANTIC;VARIACION MODERADA;;SI;;;;CLASE 0;;;GRUPO BIa;GL Esmaltado;;;NO;;1600-2400 N - 35-45 N/mm2;1;033.869.0007.14958;30X30 (5)MALLA;CATLOGO PAMESA;;;60;120;10,5;7200;60x120;NATURAL SENSE;BEIGE;https://www.pamesa.com/ERP/4.0/empresas/151/045/imagenes/t00010602/0338690034856.jpg
17;250;12;14958;0172500024607;SI;REC.GLASS;60x120(n) NATURAL SENSE BLANCO;A;SI;SI;0.0000;SOL23;PAMESA;PAMESA;L/36/02 RF;8429991976316;;8429991773199;M2;2;1.44;36;51.84;28.62;1,055.32;122.00;84.00;73.50;;;11/11/2024;PAMESA;PAMESA;GRES PORCELNICO;0172500024607;;SOLID;NATURAL SENSE;MARMOL;;POLIVALENTE;BASE;BASE;MATE RECTIFICADO;VARIACION MODERADA;;SI;;;;CLASE 1;R9;;GRUPO BIa;GL Esmaltado;;36 Low;NO;;1600-2400 N - 35-45 N/mm2;1;017.250.0012.14958;30x60 (C);CATLOGO PAMESA;;;60;120;9;7200;60x120;NATURAL SENSE;BLANCO;https://www.pamesa.com/ERP/4.0/empresas/151/045/imagenes/t00010602/0172500024607.jpg
33;869;12;14958;0338690034857;SI;POLIMAT;60x120 NATURAL SENSE BLANCO;A;SI;SI;0.0000;SOL27;PAMESA;PAMESA;L/32/02;8429991163723;;8429991773199;M2;2;1.44;32;46.08;34.25;1,121.00;122.00;84.00;75.00;;10.50;24/07/2025;PAMESA;PAMESA;GRES PORCELNICO;0338690034857;;SOLID;NATURAL SENSE;MARMOL;;POLIVALENTE;BASE;BASE;ANTIC;VARIACION MODERADA;;SI;;;;CLASE 0;;;GRUPO BIa;GL Esmaltado;;;NO;;1600-2400 N - 35-45 N/mm2;1;033.869.0012.14958;30X30 (5)MALLA;CATLOGO PAMESA;;;60;120;10,5;7200;60x120;NATURAL SENSE;BLANCO;https://www.pamesa.com/ERP/4.0/empresas/151/045/imagenes/t00010602/0338690034857.jpg
17;250;2;14958;0172500024609;SI;REC.GLASS;60x120(n) NATURAL SENSE GRIS;A;SI;SI;0.0000;SOL23;PAMESA;PAMESA;L/36/02 RF;8429991976309;;8429991773199;M2;2;1.44;36;51.84;28.62;1,055.32;122.00;84.00;73.50;;;11/11/2024;PAMESA;PAMESA;GRES PORCELNICO;0172500024609;;SOLID;NATURAL SENSE;MARMOL;;POLIVALENTE;BASE;BASE;MATE RECTIFICADO;VARIACION MODERADA;;SI;;;;CLASE 1;R9;;GRUPO BIa;GL Esmaltado;;36 Low;NO;;1600-2400 N - 35-45 N/mm2;1;017.250.0002.14958;60X60;CATLOGO PAMESA;;;60;120;9;7200;60x120;NATURAL SENSE;GRIS;https://www.pamesa.com/ERP/4.0/empresas/151/045/imagenes/t00010602/0172500024609.jpg
33;869;2;14958;0338690034855;SI;POLIMAT;60x120 NATURAL SENSE GRIS;A;SI;SI;0.0000;SOL27;PAMESA;PAMESA;L/32/02;8429991163709;;8429991773199;M2;2;1.44;32;46.08;34.25;1,121.00;122.00;84.00;75.00;;10.50;24/07/2025;PAMESA;PAMESA;GRES PORCELNICO;0338690034855;;SOLID;NATURAL SENSE;MARMOL;;POLIVALENTE;BASE;BASE;ANTIC;VARIACION MODERADA;;SI;;;;CLASE 0;;;GRUPO BIa;GL Esmaltado;;;NO;;1600-2400 N - 35-45 N/mm2;1;033.869.0002.14958;30X30 (5)MALLA;CATLOGO PAMESA;;;60;120;10,5;7200;60x120;NATURAL SENSE;GRIS;https://www.pamesa.com/ERP/4.0/empresas/151/045/imagenes/t00010602/0338690034855.jpg
17;250;37;14958;0172500024613;SI;REC.GLASS;60x120(n) NATURAL SENSE PERLA;A;SI;SI;0.0000;SOL23;PAMESA;PAMESA;L/36/02 RF;8429991976330;;8429991773199;M2;2;1.44;36;51.84;28.62;1,055.32;122.00;84.00;73.50;;;11/11/2024;PAMESA;PAMESA;GRES PORCELNICO;0172500024613;;SOLID;NATURAL SENSE;MARMOL;;POLIVALENTE;BASE;BASE;MATE RECTIFICADO;VARIACION MODERADA;;SI;;;;CLASE 1;R9;;GRUPO BIa;GL Esmaltado;;36 Low;NO;;1600-2400 N - 35-45 N/mm2;1;017.250.0037.14958;60X120(n);CATLOGO PAMESA;;;60;120;9;7200;60x120;NATURAL SENSE;PERLA;https://www.pamesa.com/ERP/4.0/empresas/151/045/imagenes/t00010602/0172500024613.jpg
33;869;37;14958;0338690034858;SI;POLIMAT;60x120 NATURAL SENSE PERLA;A;SI;SI;0.0000;SOL27;PAMESA;PAMESA;L/32/02;8429991163730;;8429991773199;M2;2;1.44;32;46.08;34.25;1,121.00;122.00;84.00;75.00;;10.50;24/07/2025;PAMESA;PAMESA;GRES PORCELNICO;0338690034858;;SOLID;NATURAL SENSE;MARMOL;;POLIVALENTE;BASE;BASE;ANTIC;VARIACION MODERADA;;SI;;;;CLASE 0;;;GRUPO BIa;GL Esmaltado;;;NO;;1600-2400 N - 35-45 N/mm2;1;033.869.0037.14958;36x80;CATLOGO PAMESA;;;60;120;10,5;7200;60x120;NATURAL SENSE;PERLA;https://www.pamesa.com/ERP/4.0/empresas/151/045/imagenes/t00010602/0338690034858.jpg
17;840;7;14958;0178400025798;SI;REC.GLASS;60x60 NATURAL SENSE BEIGE;A;SI;SI;0.0000;SOL12;PAMESA;PAMESA;F/30/04 9MM;8429991109752;;8429991773199;M2;4;1.44;30;43.20;29.75;912.50;120.00;80.00;73.50;;9.00;06/03/2025;PAMESA;PAMESA;GRES PORCELNICO;0178400025798;;SOLID;NATURAL SENSE;MARMOL;;POLIVALENTE;BASE;BASE;MATE RECTIFICADO;VARIACION MODERADA;NO;SI;;;;CLASE 1;R9;;GRUPO BIa;GL Esmaltado;;36 Low;NO;;1600-2400 N - 35-45 N/mm2;1;017.840.0007.14958;60X120 RF;CATLOGO PAMESA;;;60;60;9;3600;60x60;NATURAL SENSE;BEIGE;https://www.pamesa.com/ERP/4.0/empresas/151/045/imagenes/t00010602/0178400025798.jpg
33;840;7;14958;0338400034860;SI;POLIMAT;60x60 NATURAL SENSE BEIGE;A;SI;SI;0.0000;SOL15;PAMESA;PAMESA;F/30/04 9MM;8429991163754;;8429991773199;M2;4;1.44;30;43.20;29.75;912.50;120.00;80.00;73.50;;9.00;24/07/2025;PAMESA;PAMESA;GRES PORCELNICO;0338400034860;;SOLID;NATURAL SENSE;MARMOL;;POLIVALENTE;BASE;BASE;ANTIC;VARIACION MODERADA;;SI;;;;CLASE 0;;;GRUPO BIa;GL Esmaltado;;;NO;;;1;033.840.0007.14958;60X120 RF;CATLOGO PAMESA;;;60;60;9;3600;60x60;NATURAL SENSE;BEIGE;https://www.pamesa.com/ERP/4.0/empresas/151/045/imagenes/t00010602/0338400034860.jpg
17;840;12;14958;0178400025799;SI;REC.GLASS;60x60 NATURAL SENSE BLANCO;A;SI;SI;0.0000;SOL12;PAMESA;PAMESA;F/30/04 9MM;8429991109769;;8429991773199;M2;4;1.44;30;43.20;29.75;912.50;120.00;80.00;73.50;;9.00;06/03/2025;PAMESA;PAMESA;GRES PORCELNICO;0178400025799;;SOLID;NATURAL SENSE;MARMOL;;POLIVALENTE;BASE;BASE;MATE RECTIFICADO;VARIACION MODERADA;NO;SI;;;;CLASE 1;R9;;GRUPO BIa;GL Esmaltado;;36 Low;NO;;1600-2400 N - 35-45 N/mm2;1;017.840.0012.14958;60X60N(20MM);CATLOGO PAMESA;;;60;60;9;3600;60x60;NATURAL SENSE;BLANCO;https://www.pamesa.com/ERP/4.0/empresas/151/045/imagenes/t00010602/0178400025799.jpg
33;840;12;14958;0338400034861;SI;POLIMAT;60x60 NATURAL SENSE BLANCO;A;SI;SI;0.0000;SOL15;PAMESA;PAMESA;F/30/04 9MM;8429991163761;;8429991773199;M2;4;1.44;30;43.20;29.75;912.50;120.00;80.00;73.50;;9.00;24/07/2025;PAMESA;PAMESA;GRES PORCELNICO;0338400034861;;SOLID;NATURAL SENSE;MARMOL;;POLIVALENTE;BASE;BASE;ANTIC;VARIACION MODERADA;;SI;;;;CLASE 0;;;GRUPO BIa;GL Esmaltado;;;NO;;;1;033.840.0012.14958;60X120 RF;CATLOGO PAMESA;;;60;60;9;3600;60x60;NATURAL SENSE;BLANCO;https://www.pamesa.com/ERP/4.0/empresas/151/045/imagenes/t00010602/0338400034861.jpg
17;840;2;14958;0178400025794;SI;REC.GLASS;60x60 NATURAL SENSE GRIS;A;SI;SI;0.0000;SOL12;PAMESA;PAMESA;F/30/04 9MM;8429991109745;;8429991773199;M2;4;1.44;30;43.20;29.75;912.50;120.00;80.00;73.50;;9.00;06/03/2025;PAMESA;PAMESA;GRES PORCELNICO;0178400025794;;SOLID;NATURAL SENSE;MARMOL;;POLIVALENTE;BASE;BASE;MATE RECTIFICADO;VARIACION MODERADA;NO;SI;;;;CLASE 1;R9;;GRUPO BIa;GL Esmaltado;;36 Low;NO;;1600-2400 N - 35-45 N/mm2;1;017.840.0002.14958;60X120 RF;CATLOGO PAMESA;;;60;60;9;3600;60x60;NATURAL SENSE;GRIS;https://www.pamesa.com/ERP/4.0/empresas/151/045/imagenes/t00010602/0178400025794.jpg
33;840;2;14958;0338400034859;SI;POLIMAT;60x60 NATURAL SENSE GRIS;A;SI;SI;0.0000;SOL15;PAMESA;PAMESA;F/30/04 9MM;8429991163747;;8429991773199;M2;4;1.44;30;43.20;29.75;912.50;120.00;80.00;73.50;;9.00;24/07/2025;PAMESA;PAMESA;GRES PORCELNICO;0338400034859;;SOLID;NATURAL SENSE;MARMOL;;POLIVALENTE;BASE;BASE;ANTIC;VARIACION MODERADA;;SI;;;;CLASE 0;;;GRUPO BIa;GL Esmaltado;;;NO;;;1;033.840.0002.14958;60X120 RF;CATLOGO PAMESA;;;60;60;9;3600;60x60;NATURAL SENSE;GRIS;https://www.pamesa.com/ERP/4.0/empresas/151/045/imagenes/t00010602/0338400034859.jpg
17;840;37;14958;0178400025800;SI;REC.GLASS;60x60 NATURAL SENSE PERLA;A;SI;SI;0.0000;SOL12;PAMESA;PAMESA;F/30/04 9MM;8429991109776;;8429991773199;M2;4;1.44;30;43.20;29.75;912.50;120.00;80.00;73.50;;9.00;06/03/2025;PAMESA;PAMESA;GRES PORCELNICO;0178400025800;;SOLID;NATURAL SENSE;MARMOL;;POLIVALENTE;BASE;BASE;MATE RECTIFICADO;VARIACION MODERADA;NO;SI;;;;CLASE 1;R9;;GRUPO BIa;GL Esmaltado;;36 Low;NO;;1600-2400 N - 35-45 N/mm2;1;017.840.0037.14958;90X90(N);CATLOGO PAMESA;;;60;60;9;3600;60x60;NATURAL SENSE;PERLA;https://www.pamesa.com/ERP/4.0/empresas/151/045/imagenes/t00010602/0178400025800.jpg
33;840;37;14958;0338400034862;SI;POLIMAT;60x60 NATURAL SENSE PERLA;A;SI;SI;0.0000;SOL15;PAMESA;PAMESA;F/30/04 9MM;8429991163778;;8429991773199;M2;4;1.44;30;43.20;29.75;912.50;120.00;80.00;73.50;;9.00;24/07/2025;PAMESA;PAMESA;GRES PORCELNICO;0338400034862;;SOLID;NATURAL SENSE;MARMOL;;POLIVALENTE;BASE;BASE;ANTIC;VARIACION MODERADA;;SI;;;;CLASE 0;;;GRUPO BIa;GL Esmaltado;;;NO;;;1;033.840.0037.14958;30X60 (C);CATLOGO PAMESA;;;60;60;9;3600;60x60;NATURAL SENSE;PERLA;https://www.pamesa.com/ERP/4.0/empresas/151/045/imagenes/t00010602/0338400034862.jpg
25;590;7;14958;0255900024608;SI;PZ.ESP COM-GLAS;30x30(7)Malla NATURAL SENSE BEIGE;A;SI;SI;57.7500;MOS7;PAMESA;PAMESA;E/42/11;8429991986681;;;M2;11;1.00;42;42.00;23.10;990.20;120.00;80.00;;;;20/12/2024;PAMESA;PAMESA;GRES PORCELNICO;0255900024608;;SOLID;NATURAL SENSE;MARMOL;;POLIVALENTE;MALLA;MOSAICO;MATE RECTIFICADO;VARIACION MODERADA;;SI;;;;CLASE 1;R9;;GRUPO BIa;GL Esmaltado;;36 Low;NO;;;1;025.590.0007.14958;90X90;CATLOGO PAMESA;;;30;30;0;900;30x30;NATURAL SENSE;BEIGE;https://www.pamesa.com/ERP/4.0/empresas/151/045/imagenes/t00010602/0255900024608.jpg
25;590;12;14958;0255900024607;SI;PZ.ESP COM-GLAS;30x30(7)Malla NATURAL SENSE BLANCO;A;SI;SI;57.7500;MOS7;PAMESA;PAMESA;E/42/11;8429991986698;;;M2;11;1.00;42;42.00;23.10;990.20;120.00;80.00;;;;20/12/2024;PAMESA;PAMESA;GRES PORCELNICO;0255900024607;;SOLID;NATURAL SENSE;MARMOL;;POLIVALENTE;MALLA;MOSAICO;MATE RECTIFICADO;VARIACION MODERADA;;SI;;;;CLASE 1;R9;;GRUPO BIa;GL Esmaltado;;36 Low;NO;;;1;025.590.0012.14958;90X90(N);CATLOGO PAMESA;;;30;30;0;900;30x30;NATURAL SENSE;BLANCO;https://www.pamesa.com/ERP/4.0/empresas/151/045/imagenes/t00010602/0255900024607.jpg
25;590;2;14958;0255900024609;SI;PZ.ESP COM-GLAS;30x30(7)Malla NATURAL SENSE GRIS;A;SI;SI;57.7500;MOS7;PAMESA;PAMESA;E/42/11;8429991986674;;;M2;11;1.00;42;42.00;23.10;990.20;120.00;80.00;;;;20/12/2024;PAMESA;PAMESA;GRES PORCELNICO;0255900024609;;SOLID;NATURAL SENSE;MARMOL;;POLIVALENTE;MALLA;MOSAICO;MATE RECTIFICADO;VARIACION MODERADA;;SI;;;;CLASE 1;R9;;GRUPO BIa;GL Esmaltado;;36 Low;NO;;;1;025.590.0002.14958;120X120;CATLOGO PAMESA;;;30;30;0;900;30x30;NATURAL SENSE;GRIS;https://www.pamesa.com/ERP/4.0/empresas/151/045/imagenes/t00010602/0255900024609.jpg
25;590;37;14958;0255900024613;SI;PZ.ESP COM-GLAS;30x30(7)Malla NATURAL SENSE PERLA;A;SI;SI;57.7500;MOS7;PAMESA;PAMESA;E/42/11;8429991986704;;;M2;11;1.00;42;42.00;23.10;990.20;120.00;80.00;;;;20/12/2024;PAMESA;PAMESA;GRES PORCELNICO;0255900024613;;SOLID;NATURAL SENSE;MARMOL;;POLIVALENTE;MALLA;MOSAICO;MATE RECTIFICADO;VARIACION MODERADA;;SI;;;;CLASE 1;R9;;GRUPO BIa;GL Esmaltado;;36 Low;NO;;;1;025.590.0037.14958;30x60 (C);CATLOGO PAMESA;;;30;30;0;900;30x30;NATURAL SENSE;PERLA;https://www.pamesa.com/ERP/4.0/empresas/151/045/imagenes/t00010602/0255900024613.jpg
17;986;344;14272;0179860022360;SI;REC.GLASS;60x90(N)20mm OKAI ASH;A;SI;SI;28.0000;2CM02;PAMESA;PAMESA;G/22/02;8429991881597;;8429991773199;M2;2;1.08;22;23.76;45.00;1,015.00;105.00;95.00;75.00;;20.00;30/01/2024;PAMESA;PAMESA;GRES PORCELNICO;0179860022360;;SOLID;OKAI;PIEDRA;;PAVIMENTO;BASE;BASE;MATE RECTIFICADO;VARIACION MODERADA;;NO;;;;CLASE 3;R11;C;GRUPO BIa;GL Esmaltado;;36 Low;NO;0.42;>8000 N - 35-45 N/mm2;1;017.986.0344.14272;120X120;CATLOGO PAMESA;;;60;90;20;5400;60x90;OKAI;ASH;https://www.pamesa.com/ERP/4.0/empresas/151/045/imagenes/t00010602/0179860022360.jpg
17;986;68;14272;0179860022363;SI;REC.GLASS;60x90(N)20mm OKAI GRAFITO;A;SI;SI;28.0000;2CM02;PAMESA;PAMESA;G/22/02;8429991881627;;8429991773199;M2;2;1.08;22;23.76;45.00;1,015.00;105.00;95.00;75.00;;20.00;30/01/2024;PAMESA;PAMESA;GRES PORCELNICO;0179860022363;;SOLID;OKAI;PIEDRA;;PAVIMENTO;BASE;BASE;MATE RECTIFICADO;VARIACION MODERADA;;NO;;;;CLASE 3;R11;C;GRUPO BIa;GL Esmaltado;;36 Low;NO;0.42;>8000 N - 35-45 N/mm2;1;017.986.0068.14272;30x30(7)Malla;CATLOGO PAMESA;;;60;90;20;5400;60x90;OKAI;GRAFITO;https://www.pamesa.com/ERP/4.0/empresas/151/045/imagenes/t00010602/0179860022363.jpg
17;986;110;14272;0179860022755;SI;REC.GLASS;60x90(N)20mm OKAI GREEN;A;SI;SI;28.0000;2CM02;PAMESA;PAMESA;G/22/02;8429991902971;;8429991773199;M2;2;1.08;22;23.76;45.00;1,015.00;105.00;95.00;75.00;;20.00;14/03/2024;PAMESA;PAMESA;GRES PORCELNICO;0179860022755;;SOLID;OKAI;PIEDRA;;PAVIMENTO;BASE;BASE;MATE RECTIFICADO;VARIACION MODERADA;;NO;;;;CLASE 3;R11;C;GRUPO BIa;GL Esmaltado;;36 Low;NO;0.42;>8000 N - 35-45 N/mm2;1;017.986.0110.14272;30x30(7)Malla;CATLOGO PAMESA;;;60;90;20;5400;60x90;OKAI;GREEN;https://www.pamesa.com/ERP/4.0/empresas/151/045/imagenes/t00010602/0179860022755.jpg
17;986;171;14272;0179860022757;SI;REC.GLASS;60x90(N)20mm OKAI OCEAN;A;SI;SI;28.0000;2CM02;PAMESA;PAMESA;G/22/02;8429991902988;;8429991773199;M2;2;1.08;22;23.76;45.00;1,015.00;105.00;95.00;75.00;;20.00;14/03/2024;PAMESA;PAMESA;GRES PORCELNICO;0179860022757;;SOLID;OKAI;PIEDRA;;PAVIMENTO;BASE;BASE;MATE RECTIFICADO;VARIACION MODERADA;;NO;;;;CLASE 3;R11;C;GRUPO BIa;GL Esmaltado;;36 Low;NO;0.42;>8000 N - 35-45 N/mm2;1;017.986.0171.14272;120X280(6MM);CATLOGO PAMESA;;;60;90;20;5400;60x90;OKAI;OCEAN;https://www.pamesa.com/ERP/4.0/empresas/151/045/imagenes/t00010602/0179860022757.jpg
17;986;169;14272;0179860022361;SI;REC.GLASS;60x90(N)20mm OKAI PEARL;A;SI;SI;28.0000;2CM02;PAMESA;PAMESA;G/22/02;8429991881603;;8429991773199;M2;2;1.08;22;23.76;45.00;1,015.00;105.00;95.00;75.00;;20.00;30/01/2024;PAMESA;PAMESA;GRES PORCELNICO;0179860022361;;SOLID;OKAI;PIEDRA;;PAVIMENTO;BASE;BASE;MATE RECTIFICADO;VARIACION MODERADA;;NO;;;;CLASE 3;R11;C;GRUPO BIa;GL Esmaltado;;36 Low;NO;0.42;>8000 N - 35-45 N/mm2;1;017.986.0169.14272;120X280(6MM);CATLOGO PAMESA;;;60;90;20;5400;60x90;OKAI;PEARL;https://www.pamesa.com/ERP/4.0/empresas/151/045/imagenes/t00010602/0179860022361.jpg
17;986;119;14272;0179860022362;SI;REC.GLASS;60x90(N)20mm OKAI SAND;A;SI;SI;28.0000;2CM02;PAMESA;PAMESA;G/22/02;8429991881610;;8429991773199;M2;2;1.08;22;23.76;45.00;1,015.00;105.00;95.00;75.00;;20.00;30/01/2024;PAMESA;PAMESA;GRES PORCELNICO;0179860022362;;SOLID;OKAI;PIEDRA;;PAVIMENTO;BASE;BASE;MATE RECTIFICADO;VARIACION MODERADA;;NO;;;;CLASE 3;R11;C;GRUPO BIa;GL Esmaltado;;36 Low;NO;0.42;>8000 N - 35-45 N/mm2;1;017.986.0119.14272;30x30(7)Malla;CATLOGO PAMESA;;;60;90;20;5400;60x90;OKAI;SAND;https://www.pamesa.com/ERP/4.0/empresas/151/045/imagenes/t00010602/0179860022362.jpg
15;722;110;15374;0157220027928;SI;COM.GL;30,3x61,3 EXT.OKAI GREEN;A;SI;SI;0.0000;SOL05;PAM-ADZ.PAMESA;PAMESA;F/40/07;8429991123833;;8429991773182;M2;7;1.30;40;52.00;25.00;1,020.00;120.00;80.00;74.50;5;9.00;11/04/2025;PAMESA;PAMESA;GRES PORCELNICO;0157220027928;;SOLID;OKAI;PIEDRA;;ANTIDESLIZANTE;;BASE;MATE;;;NO;;;;CLASE 3;R11;C;GRUPO BIa;GL Esmaltado;;36 Low;NO;;>10000 N - 35-45 N/mm2;1;015.722.0110.15374;60x60;CATLOGO PAMESA;;;30,3;61,3;9;1857,39;30,3x61,3;EXT.OKAI;GREEN;https://www.pamesa.com/ERP/4.0/empresas/151/045/imagenes/t00010602/0157220027928.jpg
15;722;171;15374;0157220027929;SI;COM.GL;30,3x61,3 EXT.OKAI OCEAN;A;SI;SI;0.0000;SOL05;PAM-ADZ.PAMESA;PAMESA;F/40/07;8429991123840;;8429991773182;M2;7;1.30;40;52.00;25.00;1,020.00;120.00;80.00;74.50;5;9.00;11/04/2025;PAMESA;PAMESA;GRES PORCELNICO;0157220027929;;SOLID;OKAI;PIEDRA;;ANTIDESLIZANTE;;BASE;MATE;;;NO;;;;CLASE 3;R11;C;GRUPO BIa;GL Esmaltado;;36 Low;NO;;>10000 N - 35-45 N/mm2;1;015.722.0171.15374;60X120(n);CATLOGO PAMESA;;;30,3;61,3;9;1857,39;30,3x61,3;EXT.OKAI;OCEAN;https://www.pamesa.com/ERP/4.0/empresas/151/045/imagenes/t00010602/0157220027929.jpg
15;722;169;15374;0157220027930;SI;COM.GL;30,3x61,3 EXT.OKAI PEARL;A;SI;SI;0.0000;SOL05;PAM-ADZ.PAMESA;PAMESA;F/40/07;8429991123857;;8429991773182;M2;7;1.30;40;52.00;25.00;1,020.00;120.00;80.00;74.50;5;9.00;11/04/2025;PAMESA;PAMESA;GRES PORCELNICO;0157220027930;;SOLID;OKAI;PIEDRA;;ANTIDESLIZANTE;;BASE;MATE;;;NO;;;;CLASE 3;R11;C;GRUPO BIa;GL Esmaltado;;36 Low;NO;;>10000 N - 35-45 N/mm2;1;015.722.0169.15374;30x30(7)Malla;CATLOGO PAMESA;;;30,3;61,3;9;1857,39;30,3x61,3;EXT.OKAI;PEARL;https://www.pamesa.com/ERP/4.0/empresas/151/045/imagenes/t00010602/0157220027930.jpg
15;722;110;15375;0157220027931;SI;COM.GL;30,3x61,3 RLV.EXT.OKAI GREEN;A;SI;SI;0.0000;SOL52;PAM-ADZ.PAMESA;PAMESA;F/40/07;8429991123871;;8429991773182;M2;7;1.30;40;52.00;25.00;1,020.00;120.00;80.00;74.50;5;9.00;11/04/2025;PAMESA;PAMESA;GRES PORCELNICO;0157220027931;;SOLID;OKAI;PIEDRA;;ANTIDESLIZANTE;;BASE;MATE;;;SI;;;;CLASE 3;R11;C;GRUPO BIa;GL Esmaltado;;36 Low;NO;;>10000 N - 35-45 N/mm2;1;015.722.0110.15375;60x60;CATLOGO PAMESA;;;30,3;61,3;9;1857,39;30,3x61,3;RLV.EXT.OKAI;GREEN;https://www.pamesa.com/ERP/4.0/empresas/151/045/imagenes/t00010602/0157220027931.jpg
15;722;171;15375;0157220027932;SI;COM.GL;30,3x61,3 RLV.EXT.OKAI OCEAN;A;SI;SI;0.0000;SOL52;PAM-ADZ.PAMESA;PAMESA;F/40/07;8429991123888;;8429991773182;M2;7;1.30;40;52.00;25.00;1,020.00;120.00;80.00;74.50;5;9.00;11/04/2025;PAMESA;PAMESA;GRES PORCELNICO;0157220027932;;SOLID;OKAI;PIEDRA;;ANTIDESLIZANTE;;BASE;MATE;;;SI;;;;CLASE 3;R11;C;GRUPO BIa;GL Esmaltado;;36 Low;NO;;>10000 N - 35-45 N/mm2;1;015.722.0171.15375;60X120(n);CATLOGO PAMESA;;;30,3;61,3;9;1857,39;30,3x61,3;RLV.EXT.OKAI;OCEAN;https://www.pamesa.com/ERP/4.0/empresas/151/045/imagenes/t00010602/0157220027932.jpg
15;722;169;15375;0157220027933;SI;COM.GL;30,3x61,3 RLV.EXT.OKAI PEARL;A;SI;SI;0.0000;SOL52;PAM-ADZ.PAMESA;PAMESA;F/40/07;8429991123895;;8429991773182;M2;7;1.30;40;52.00;25.00;1,020.00;120.00;80.00;74.50;5;9.00;11/04/2025;PAMESA;PAMESA;GRES PORCELNICO;0157220027933;;SOLID;OKAI;PIEDRA;;ANTIDESLIZANTE;;BASE;MATE;;;SI;;;;CLASE 3;R11;C;GRUPO BIa;GL Esmaltado;;36 Low;NO;;>10000 N - 35-45 N/mm2;1;015.722.0169.15375;30x30(7)Malla;CATLOGO PAMESA;;;30,3;61,3;9;1857,39;30,3x61,3;RLV.EXT.OKAI;PEARL;https://www.pamesa.com/ERP/4.0/empresas/151/045/imagenes/t00010602/0157220027933.jpg
35;90;135;99;0350901350099;SI;REC.PEDRA;90x90(N) ES.OMNIA ARGENT;A;SI;SI;31.7500;SOL29;PAMESA;PAMESA;19/32/02;8429991890186;;8429991773236;M2;2;1.62;32;51.84;33.00;1,081.00;97.00;97.00;86.00;;9.00;27/02/2024;PAMESA;PAMESA;GRES PORCELNICO;0350901350099;;SOLID;OMNIA;CEMENTO;;POLIVALENTE;BASE;BASE;MATE RECTIFICADO;VARIACION LEVE;NO;NO;NO;;;CLASE 1;R9;;GRUPO BIa;UGL No esmaltado;;;NO;;1600-2400 N - 35-45 N/mm2;1;035.090.0135.00099;30X90PBCA;CATLOGO PAMESA;;;90;90;9;8100;90x90;ES.OMNIA;ARGENT;https://www.pamesa.com/ERP/4.0/empresas/151/045/imagenes/t00010602/0350901350099.jpg
35;90;344;99;0350903440099;SI;REC.PEDRA;90x90(N) ES.OMNIA ASH;A;SI;SI;31.7500;SOL29;PAMESA;PAMESA;19/32/02;8429991890216;;8429991773236;M2;2;1.62;32;51.84;33.00;1,081.00;97.00;97.00;86.00;;9.00;27/02/2024;PAMESA;PAMESA;GRES PORCELNICO;0350903440099;;SOLID;OMNIA;CEMENTO;;POLIVALENTE;BASE;BASE;MATE RECTIFICADO;VARIACION LEVE;NO;NO;NO;;;CLASE 1;R9;;GRUPO BIa;UGL No esmaltado;;;NO;;1600-2400 N - 35-45 N/mm2;1;035.090.0344.00099;30X90PBCA;CATLOGO PAMESA;;;90;90;9;8100;90x90;ES.OMNIA;ASH;https://www.pamesa.com/ERP/4.0/empresas/151/045/imagenes/t00010602/0350903440099.jpg
35;90;7;99;0350900070099;SI;REC.PEDRA;90x90(N) ES.OMNIA BEIGE;A;SI;SI;31.7500;SOL29;PAMESA;PAMESA;19/32/02;8429991890162;;8429991773236;M2;2;1.62;32;51.84;33.00;1,081.00;97.00;97.00;86.00;;9.00;27/02/2024;PAMESA;PAMESA;GRES PORCELNICO;0350900070099;;SOLID;OMNIA;CEMENTO;;POLIVALENTE;BASE;BASE;MATE RECTIFICADO;VARIACION LEVE;NO;NO;NO;;;CLASE 1;R9;;GRUPO BIa;UGL No esmaltado;;;NO;;1600-2400 N - 35-45 N/mm2;1;035.090.0007.00099;33,3x100;CATLOGO PAMESA;;;90;90;9;8100;90x90;ES.OMNIA;BEIGE;https://www.pamesa.com/ERP/4.0/empresas/151/045/imagenes/t00010602/0350900070099.jpg
35;90;260;99;0350902600099;SI;REC.PEDRA;90x90(N) ES.OMNIA NEUTRO;A;SI;SI;31.7500;SOL29;PAMESA;PAMESA;19/32/02;8429991890209;;8429991773236;M2;2;1.62;32;51.84;33.00;1,081.00;97.00;97.00;86.00;;9.00;27/02/2024;PAMESA;PAMESA;GRES PORCELNICO;0350902600099;;SOLID;OMNIA;CEMENTO;;POLIVALENTE;BASE;BASE;MATE RECTIFICADO;VARIACION LEVE;NO;NO;NO;;;CLASE 1;R9;;GRUPO BIa;UGL No esmaltado;;;NO;;1600-2400 N - 35-45 N/mm2;1;035.090.0260.00099;30X90PBCA;CATLOGO PAMESA;;;90;90;9;8100;90x90;ES.OMNIA;NEUTRO;https://www.pamesa.com/ERP/4.0/empresas/151/045/imagenes/t00010602/0350902600099.jpg
35;90;160;99;0350901600099;SI;REC.PEDRA;90x90(N) ES.OMNIA NOCE;A;SI;SI;31.7500;SOL29;PAMESA;PAMESA;19/32/02;8429991890193;;8429991773236;M2;2;1.62;32;51.84;33.00;1,081.00;97.00;97.00;86.00;;9.00;27/02/2024;PAMESA;PAMESA;GRES PORCELNICO;0350901600099;;SOLID;OMNIA;CEMENTO;;POLIVALENTE;BASE;BASE;MATE RECTIFICADO;VARIACION LEVE;NO;NO;NO;;;CLASE 1;R9;;GRUPO BIa;UGL No esmaltado;;;NO;;1600-2400 N - 35-45 N/mm2;1;035.090.0160.00099;30X90PBCA;CATLOGO PAMESA;;;90;90;9;8100;90x90;ES.OMNIA;NOCE;https://www.pamesa.com/ERP/4.0/empresas/151/045/imagenes/t00010602/0350901600099.jpg
35;90;119;99;0350901190099;SI;REC.PEDRA;90x90(N) ES.OMNIA SAND;A;SI;SI;31.7500;SOL29;PAMESA;PAMESA;19/32/02;8429991890179;;8429991773236;M2;2;1.62;32;51.84;33.00;1,081.00;97.00;97.00;86.00;;9.00;27/02/2024;PAMESA;PAMESA;GRES PORCELNICO;0350901190099;;SOLID;OMNIA;CEMENTO;;POLIVALENTE;BASE;BASE;MATE RECTIFICADO;VARIACION LEVE;NO;NO;NO;;;CLASE 1;R9;;GRUPO BIa;UGL No esmaltado;;;NO;;1600-2400 N - 35-45 N/mm2;1;035.090.0119.00099;30X90PBCA;CATLOGO PAMESA;;;90;90;9;8100;90x90;ES.OMNIA;SAND;https://www.pamesa.com/ERP/4.0/empresas/151/045/imagenes/t00010602/0350901190099.jpg
17;250;135;99;0172500034467;SI;REC.GLASS;60x120(n) ES.OMNIA ARGENT;A;SI;SI;0.0000;SOL25;PAMESA;PAMESA;L/36/02 RF;8429991161477;;8429991773199;M2;2;1.44;36;51.84;28.62;1,055.32;122.00;84.00;73.50;;;17/07/2025;PAMESA;PAMESA;GRES PORCELNICO ESMALTADO;0172500034467;;SOLID;OMNIA;PIEDRA;;POLIVALENTE;BASE;BASE;MATE RECTIFICADO;VARIACION LEVE;;NO;;;;CLASE 1;R9;;GRUPO BIa;GL Esmaltado;;;NO;;1600-2400 N - 35-45 N/mm2;1;017.250.0135.00099;120X280(6MM);CATLOGO PAMESA;;;60;120;9;7200;60x120;ES.OMNIA;ARGENT;https://www.pamesa.com/ERP/4.0/empresas/151/045/imagenes/t00010602/0172500034467.jpg
35;869;135;99;0358691350099;SI;REC.PEDRA;60x120 ES.OMNIA ARGENT;A;SI;SI;32.2500;SOL25;PAMESA;PAMESA;L/32/02;8429991441302;;8429991773236;M2;2;1.44;32;46.08;34.25;1,121.00;122.00;84.00;75.00;;10.50;18/04/2019;PAMESA;ESSENTIAL;GRES PORCELNICO;0358691350099;;SOLID;OMNIA;CEMENTO;;POLIVALENTE;BASE;BASE;MATE RECTIFICADO;VARIACION LEVE;NO;NO;;;;CLASE 1;R9;;GRUPO BIa;UGL No esmaltado;;;NO;;1600-2400 N - 35-45 N/mm2;1;035.869.0135.00099;40X120;CATLOGO PAMESA;;;60;120;10,5;7200;60x120;ES.OMNIA;ARGENT;https://www.pamesa.com/ERP/4.0/empresas/151/045/imagenes/t00010602/0358691350099.jpg
17;250;344;99;0172500034470;SI;REC.GLASS;60x120(n) ES.OMNIA ASH;A;SI;SI;0.0000;SOL25;PAMESA;PAMESA;L/36/02 RF;8429991161507;;8429991773199;M2;2;1.44;36;51.84;28.62;1,055.32;122.00;84.00;73.50;;;17/07/2025;PAMESA;PAMESA;GRES PORCELNICO ESMALTADO;0172500034470;;SOLID;OMNIA;PIEDRA;;POLIVALENTE;BASE;BASE;MATE RECTIFICADO;VARIACION LEVE;;NO;;;;CLASE 1;R9;;GRUPO BIa;GL Esmaltado;;;NO;;1600-2400 N - 35-45 N/mm2;1;017.250.0344.00099;45X90C(N);CATLOGO PAMESA;;;60;120;9;7200;60x120;ES.OMNIA;ASH;https://www.pamesa.com/ERP/4.0/empresas/151/045/imagenes/t00010602/0172500034470.jpg
35;869;344;99;0358693440099;SI;REC.PEDRA;60x120 ES.OMNIA ASH;A;SI;SI;32.2500;SOL25;PAMESA;PAMESA;L/32/02;8429991441296;;8429991773236;M2;2;1.44;32;46.08;34.25;1,121.00;122.00;84.00;75.00;;10.50;18/04/2019;PAMESA;ESSENTIAL;GRES PORCELNICO;0358693440099;;SOLID;OMNIA;CEMENTO;;POLIVALENTE;BASE;BASE;MATE RECTIFICADO;VARIACION LEVE;NO;NO;;;;CLASE 1;R9;;GRUPO BIa;UGL No esmaltado;;;NO;;1600-2400 N - 35-45 N/mm2;1;035.869.0344.00099;30X90PBCA;CATLOGO PAMESA;;;60;120;10,5;7200;60x120;ES.OMNIA;ASH;https://www.pamesa.com/ERP/4.0/empresas/151/045/imagenes/t00010602/0358693440099.jpg
17;250;7;99;0172500034465;SI;REC.GLASS;60x120(n) ES.OMNIA BEIGE;A;SI;SI;0.0000;SOL25;PAMESA;PAMESA;L/36/02 RF;8429991161453;;8429991773199;M2;2;1.44;36;51.84;28.62;1,055.32;122.00;84.00;73.50;;;17/07/2025;PAMESA;PAMESA;GRES PORCELNICO ESMALTADO;0172500034465;;SOLID;OMNIA;PIEDRA;;POLIVALENTE;BASE;BASE;MATE RECTIFICADO;VARIACION LEVE;;NO;;;;CLASE 1;R9;;GRUPO BIa;GL Esmaltado;;;NO;;1600-2400 N - 35-45 N/mm2;1;017.250.0007.00099;120X120;CATLOGO PAMESA;;;60;120;9;7200;60x120;ES.OMNIA;BEIGE;https://www.pamesa.com/ERP/4.0/empresas/151/045/imagenes/t00010602/0172500034465.jpg
35;869;7;99;0358690070099;SI;REC.PEDRA;60x120 ES.OMNIA BEIGE;A;SI;SI;32.2500;SOL25;PAMESA;PAMESA;L/32/02;8429991441326;;8429991773236;M2;2;1.44;32;46.08;34.25;1,121.00;122.00;84.00;75.00;;10.50;18/04/2019;PAMESA;ESSENTIAL;GRES PORCELNICO;0358690070099;;SOLID;OMNIA;CEMENTO;;POLIVALENTE;BASE;BASE;MATE RECTIFICADO;VARIACION LEVE;NO;NO;;;;CLASE 1;R9;;GRUPO BIa;UGL No esmaltado;;;NO;;1600-2400 N - 35-45 N/mm2;1;035.869.0007.00099;60X120 PB;CATLOGO PAMESA;;;60;120;10,5;7200;60x120;ES.OMNIA;BEIGE;https://www.pamesa.com/ERP/4.0/empresas/151/045/imagenes/t00010602/0358690070099.jpg
17;250;260;99;0172500034469;SI;REC.GLASS;60x120(n) ES.OMNIA NEUTRO;A;SI;SI;0.0000;SOL25;PAMESA;PAMESA;L/36/02 RF;8429991161491;;8429991773199;M2;2;1.44;36;51.84;28.62;1,055.32;122.00;84.00;73.50;;;17/07/2025;PAMESA;PAMESA;GRES PORCELNICO ESMALTADO;0172500034469;;SOLID;OMNIA;PIEDRA;;POLIVALENTE;BASE;BASE;MATE RECTIFICADO;VARIACION LEVE;;NO;;;;CLASE 1;R9;;GRUPO BIa;GL Esmaltado;;;NO;;1600-2400 N - 35-45 N/mm2;1;017.250.0260.00099;30x30(7)Malla;CATLOGO PAMESA;;;60;120;9;7200;60x120;ES.OMNIA;NEUTRO;https://www.pamesa.com/ERP/4.0/empresas/151/045/imagenes/t00010602/0172500034469.jpg
35;869;260;99;0358692600099;SI;REC.PEDRA;60x120 ES.OMNIA NEUTRO;A;SI;SI;32.2500;SOL25;PAMESA;PAMESA;L/32/02;8429991441289;;8429991773236;M2;2;1.44;32;46.08;34.25;1,121.00;122.00;84.00;75.00;;10.50;18/04/2019;PAMESA;ESSENTIAL;GRES PORCELNICO;0358692600099;;SOLID;OMNIA;CEMENTO;;POLIVALENTE;BASE;BASE;MATE RECTIFICADO;VARIACION LEVE;NO;NO;;;;CLASE 1;R9;;GRUPO BIa;UGL No esmaltado;;;NO;;1600-2400 N - 35-45 N/mm2;1;035.869.0260.00099;30X90PBCA;CATLOGO PAMESA;;;60;120;10,5;7200;60x120;ES.OMNIA;NEUTRO;https://www.pamesa.com/ERP/4.0/empresas/151/045/imagenes/t00010602/0358692600099.jpg
17;250;160;99;0172500034468;SI;REC.GLASS;60x120(n) ES.OMNIA NOCE;A;SI;SI;0.0000;SOL25;PAMESA;PAMESA;L/36/02 RF;8429991161484;;8429991773199;M2;2;1.44;36;51.84;28.62;1,055.32;122.00;84.00;73.50;;;17/07/2025;PAMESA;PAMESA;GRES PORCELNICO ESMALTADO;0172500034468;;SOLID;OMNIA;PIEDRA;;POLIVALENTE;BASE;BASE;MATE RECTIFICADO;VARIACION LEVE;;NO;;;;CLASE 1;R9;;GRUPO BIa;GL Esmaltado;;;NO;;1600-2400 N - 35-45 N/mm2;1;017.250.0160.00099;60X120(n);CATLOGO PAMESA;;;60;120;9;7200;60x120;ES.OMNIA;NOCE;https://www.pamesa.com/ERP/4.0/empresas/151/045/imagenes/t00010602/0172500034468.jpg
35;869;160;99;0358691600099;SI;REC.PEDRA;60x120 ES.OMNIA NOCE;A;SI;SI;32.2500;SOL25;PAMESA;PAMESA;L/32/02;8429991441333;;8429991773236;M2;2;1.44;32;46.08;34.25;1,121.00;122.00;84.00;75.00;;10.50;18/04/2019;PAMESA;ESSENTIAL;GRES PORCELNICO;0358691600099;;SOLID;OMNIA;CEMENTO;;POLIVALENTE;BASE;BASE;MATE RECTIFICADO;VARIACION LEVE;NO;NO;;;;CLASE 1;R9;;GRUPO BIa;UGL No esmaltado;;;NO;;1600-2400 N - 35-45 N/mm2;1;035.869.0160.00099;40X120;CATLOGO PAMESA;;;60;120;10,5;7200;60x120;ES.OMNIA;NOCE;https://www.pamesa.com/ERP/4.0/empresas/151/045/imagenes/t00010602/0358691600099.jpg
17;250;119;99;0172500034466;SI;REC.GLASS;60x120(n) ES.OMNIA SAND;A;SI;SI;0.0000;SOL25;PAMESA;PAMESA;L/36/02 RF;8429991161460;;8429991773199;M2;2;1.44;36;51.84;28.62;1,055.32;122.00;84.00;73.50;;;17/07/2025;PAMESA;PAMESA;GRES PORCELNICO ESMALTADO;0172500034466;;SOLID;OMNIA;PIEDRA;;POLIVALENTE;BASE;BASE;MATE RECTIFICADO;VARIACION LEVE;;NO;;;;CLASE 1;R9;;GRUPO BIa;GL Esmaltado;;;NO;;1600-2400 N - 35-45 N/mm2;1;017.250.0119.00099;60x60;CATLOGO PAMESA;;;60;120;9;7200;60x120;ES.OMNIA;SAND;https://www.pamesa.com/ERP/4.0/empresas/151/045/imagenes/t00010602/0172500034466.jpg
35;869;119;99;0358691190099;SI;REC.PEDRA;60x120 ES.OMNIA SAND;A;SI;SI;32.2500;SOL25;PAMESA;PAMESA;L/32/02;8429991441319;;8429991773236;M2;2;1.44;32;46.08;34.25;1,121.00;122.00;84.00;75.00;;10.50;18/04/2019;PAMESA;ESSENTIAL;GRES PORCELNICO;0358691190099;;SOLID;OMNIA;CEMENTO;;POLIVALENTE;BASE;BASE;MATE RECTIFICADO;VARIACION LEVE;NO;NO;;;;CLASE 1;R9;;GRUPO BIa;UGL No esmaltado;;;NO;;1600-2400 N - 35-45 N/mm2;1;035.869.0119.00099;33,3x100;CATLOGO PAMESA;;;60;120;10,5;7200;60x120;ES.OMNIA;SAND;https://www.pamesa.com/ERP/4.0/empresas/151/045/imagenes/t00010602/0358691190099.jpg
35;840;135;99;0358401350099;SI;REC.PEDRA;60x60 ES.OMNIA ARGENT;A;SI;SI;21.7500;SOL12;PAMESA;PAMESA;F/30/04 9MM;8429991441180;;8429991773236;M2;4;1.44;30;43.20;29.75;912.50;120.00;80.00;73.50;;9.00;18/04/2019;PAMESA;ESSENTIAL;GRES PORCELNICO;0358401350099;;SOLID;OMNIA;CEMENTO;;POLIVALENTE;BASE;BASE;MATE RECTIFICADO;VARIACION LEVE;NO;NO;;;;CLASE 1;R9;;GRUPO BIa;UGL No esmaltado;;;NO;;1600-2400 N - 35-45 N/mm2;1;035.840.0135.00099;30X90PBCA;CATLOGO PAMESA;;;60;60;9;3600;60x60;ES.OMNIA;ARGENT;https://www.pamesa.com/ERP/4.0/empresas/151/045/imagenes/t00010602/0358401350099.jpg
35;840;344;99;0358403440099;SI;REC.PEDRA;60x60 ES.OMNIA ASH;A;SI;SI;21.7500;SOL12;PAMESA;PAMESA;F/30/04 9MM;8429991441173;;8429991773236;M2;4;1.44;30;43.20;29.75;912.50;120.00;80.00;73.50;;9.00;18/04/2019;PAMESA;ESSENTIAL;GRES PORCELNICO;0358403440099;;SOLID;OMNIA;CEMENTO;;POLIVALENTE;;BASE;MATE RECTIFICADO;VARIACION LEVE;NO;NO;;;;CLASE 1;R9;;GRUPO BIa;UGL No esmaltado;;;NO;;1600-2400 N - 35-45 N/mm2;1;035.840.0344.00099;60X120 PB;CATLOGO PAMESA;;;60;60;9;3600;60x60;ES.OMNIA;ASH;https://www.pamesa.com/ERP/4.0/empresas/151/045/imagenes/t00010602/0358403440099.jpg
35;840;7;99;0358400070099;SI;REC.PEDRA;60x60 ES.OMNIA BEIGE;A;SI;SI;21.7500;SOL12;PAMESA;PAMESA;F/30/04 9MM;8429991441203;;8429991773236;M2;4;1.44;30;43.20;29.75;912.50;120.00;80.00;73.50;;9.00;18/04/2019;PAMESA;ESSENTIAL;GRES PORCELNICO;0358400070099;;SOLID;OMNIA;CEMENTO;;POLIVALENTE;BASE;BASE;MATE RECTIFICADO;VARIACION LEVE;NO;NO;;;;CLASE 1;R9;;GRUPO BIa;UGL No esmaltado;;;NO;;1600-2400 N - 35-45 N/mm2;1;035.840.0007.00099;30X90PBCA;CATLOGO PAMESA;;;60;60;9;3600;60x60;ES.OMNIA;BEIGE;https://www.pamesa.com/ERP/4.0/empresas/151/045/imagenes/t00010602/0358400070099.jpg
35;840;260;99;0358402600099;SI;REC.PEDRA;60x60 ES.OMNIA NEUTRO;A;SI;SI;21.7500;SOL12;PAMESA;PAMESA;F/30/04 9MM;8429991441166;;8429991773236;M2;4;1.44;30;43.20;29.75;912.50;120.00;80.00;73.50;;9.00;18/04/2019;PAMESA;ESSENTIAL;GRES PORCELNICO;0358402600099;;SOLID;OMNIA;CEMENTO;;POLIVALENTE;;BASE;MATE RECTIFICADO;VARIACION LEVE;NO;NO;;;;CLASE 1;R9;;GRUPO BIa;UGL No esmaltado;;;NO;;1600-2400 N - 35-45 N/mm2;1;035.840.0260.00099;30X90PBCA;CATLOGO PAMESA;;;60;60;9;3600;60x60;ES.OMNIA;NEUTRO;https://www.pamesa.com/ERP/4.0/empresas/151/045/imagenes/t00010602/0358402600099.jpg
35;840;160;99;0358401600099;SI;REC.PEDRA;60x60 ES.OMNIA NOCE;A;SI;SI;21.7500;SOL12;PAMESA;PAMESA;F/30/04 9MM;8429991441210;;8429991773236;M2;4;1.44;30;43.20;29.75;912.50;120.00;80.00;73.50;;9.00;18/04/2019;PAMESA;ESSENTIAL;GRES PORCELNICO;0358401600099;;SOLID;OMNIA;CEMENTO;;POLIVALENTE;BASE;BASE;MATE RECTIFICADO;VARIACION LEVE;NO;NO;;;;CLASE 1;R9;;GRUPO BIa;UGL No esmaltado;;;NO;;1600-2400 N - 35-45 N/mm2;1;035.840.0160.00099;30X90PBCA;CATLOGO PAMESA;;;60;60;9;3600;60x60;ES.OMNIA;NOCE;https://www.pamesa.com/ERP/4.0/empresas/151/045/imagenes/t00010602/0358401600099.jpg
35;840;119;99;0358401190099;SI;REC.PEDRA;60x60 ES.OMNIA SAND;A;SI;SI;21.7500;SOL12;PAMESA;PAMESA;F/30/04 9MM;8429991441197;;8429991773236;M2;4;1.44;30;43.20;29.75;912.50;120.00;80.00;73.50;;9.00;18/04/2019;PAMESA;ESSENTIAL;GRES PORCELNICO;0358401190099;;SOLID;OMNIA;CEMENTO;;POLIVALENTE;BASE;BASE;MATE RECTIFICADO;VARIACION LEVE;NO;NO;;;;CLASE 1;R9;;GRUPO BIa;UGL No esmaltado;;;NO;;1600-2400 N - 35-45 N/mm2;1;035.840.0119.00099;30X90PBCA;CATLOGO PAMESA;;;60;60;9;3600;60x60;ES.OMNIA;SAND;https://www.pamesa.com/ERP/4.0/empresas/151/045/imagenes/t00010602/0358401190099.jpg
35;450;135;99;0354501350099;SI;REC.PEDRA;30x60 (C) ES.OMNIA ARGENT;A;SI;SI;21.7500;SOL06;PAMESA;PAMESA;F/48/06 9MM;8429991441241;;8429991773236;M2;6;1.08;48;51.84;22.63;1,106.24;120.00;80.00;74.00;;9.00;18/04/2019;PAMESA;ESSENTIAL;GRES PORCELNICO;0354501350099;;SOLID;OMNIA;CEMENTO;;POLIVALENTE;BASE;BASE;MATE RECTIFICADO;VARIACION LEVE;NO;NO;;;;CLASE 1;R9;;GRUPO BIa;UGL No esmaltado;;;NO;;1600-2400 N - 35-45 N/mm2;1;035.450.0135.00099;30X90PBCA;CATLOGO PAMESA;;;30;60;9,5;1800;30x60;ES.OMNIA;ARGENT;https://www.pamesa.com/ERP/4.0/empresas/151/045/imagenes/t00010602/0354501350099.jpg
35;450;344;99;0354503440099;SI;REC.PEDRA;30x60 (C) ES.OMNIA ASH;A;SI;SI;21.7500;SOL06;PAMESA;PAMESA;F/48/06 9MM;8429991441234;;8429991773236;M2;6;1.08;48;51.84;22.63;1,106.24;120.00;80.00;74.00;;9.00;18/04/2019;PAMESA;ESSENTIAL;GRES PORCELNICO;0354503440099;;SOLID;OMNIA;CEMENTO;;POLIVALENTE;BASE;BASE;MATE RECTIFICADO;VARIACION LEVE;NO;NO;;;;CLASE 1;R9;;GRUPO BIa;UGL No esmaltado;;;NO;;1600-2400 N - 35-45 N/mm2;1;035.450.0344.00099;30X90 PB;CATLOGO PAMESA;;;30;60;9,5;1800;30x60;ES.OMNIA;ASH;https://www.pamesa.com/ERP/4.0/empresas/151/045/imagenes/t00010602/0354503440099.jpg
35;450;7;99;0354500070099;SI;REC.PEDRA;30x60 (C) ES.OMNIA BEIGE;A;SI;SI;21.7500;SOL06;PAMESA;PAMESA;F/48/06 9MM;8429991441265;;8429991773236;M2;6;1.08;48;51.84;22.63;1,106.24;120.00;80.00;74.00;;9.00;18/04/2019;PAMESA;ESSENTIAL;GRES PORCELNICO;0354500070099;;SOLID;OMNIA;CEMENTO;;POLIVALENTE;BASE;BASE;MATE RECTIFICADO;VARIACION LEVE;NO;NO;;;;CLASE 1;R9;;GRUPO BIa;UGL No esmaltado;;;NO;;1600-2400 N - 35-45 N/mm2;1;035.450.0007.00099;36x80;CATLOGO PAMESA;;;30;60;9,5;1800;30x60;ES.OMNIA;BEIGE;https://www.pamesa.com/ERP/4.0/empresas/151/045/imagenes/t00010602/0354500070099.jpg
35;450;260;99;0354502600099;SI;REC.PEDRA;30x60 (C) ES.OMNIA NEUTRO;A;SI;SI;21.7500;SOL06;PAMESA;PAMESA;F/48/06 9MM;8429991441227;;8429991773236;M2;6;1.08;48;51.84;22.63;1,106.24;120.00;80.00;74.00;;9.00;18/04/2019;PAMESA;ESSENTIAL;GRES PORCELNICO;0354502600099;;SOLID;OMNIA;CEMENTO;;POLIVALENTE;BASE;BASE;MATE RECTIFICADO;VARIACION LEVE;NO;NO;;;;CLASE 1;R9;;GRUPO BIa;UGL No esmaltado;;;NO;;1600-2400 N - 35-45 N/mm2;1;035.450.0260.00099;30X90PBCA;CATLOGO PAMESA;;;30;60;9,5;1800;30x60;ES.OMNIA;NEUTRO;https://www.pamesa.com/ERP/4.0/empresas/151/045/imagenes/t00010602/0354502600099.jpg
35;450;160;99;0354501600099;SI;REC.PEDRA;30x60 (C) ES.OMNIA NOCE;A;SI;SI;21.7500;SOL06;PAMESA;PAMESA;F/48/06 9MM;8429991441272;;8429991773236;M2;6;1.08;48;51.84;22.63;1,106.24;120.00;80.00;74.00;;9.00;18/04/2019;PAMESA;ESSENTIAL;GRES PORCELNICO;0354501600099;;SOLID;OMNIA;CEMENTO;;POLIVALENTE;BASE;BASE;MATE RECTIFICADO;VARIACION LEVE;NO;NO;;;;CLASE 1;R9;;GRUPO BIa;UGL No esmaltado;;;NO;;1600-2400 N - 35-45 N/mm2;1;035.450.0160.00099;30X90PBCA;CATLOGO PAMESA;;;30;60;9,5;1800;30x60;ES.OMNIA;NOCE;https://www.pamesa.com/ERP/4.0/empresas/151/045/imagenes/t00010602/0354501600099.jpg
35;450;119;99;0354501190099;SI;REC.PEDRA;30x60 (C) ES.OMNIA SAND;A;SI;SI;21.7500;SOL06;PAMESA;PAMESA;F/48/06 9MM;8429991441258;;8429991773236;M2;6;1.08;48;51.84;22.63;1,106.24;120.00;80.00;74.00;;9.00;18/04/2019;PAMESA;ESSENTIAL;GRES PORCELNICO;0354501190099;;SOLID;OMNIA;CEMENTO;;POLIVALENTE;BASE;BASE;MATE RECTIFICADO;VARIACION LEVE;NO;NO;;;;CLASE 1;R9;;GRUPO BIa;UGL No esmaltado;;;NO;;1600-2400 N - 35-45 N/mm2;1;035.450.0119.00099;36x80;CATLOGO PAMESA;;;30;60;9,5;1800;30x60;ES.OMNIA;SAND;https://www.pamesa.com/ERP/4.0/empresas/151/045/imagenes/t00010602/0354501190099.jpg
21;590;135;99;0215901350099;SI;PZ ESP.PEDRA;30x30(7)Malla ES.OMNIA ARGENT;A;SI;SI;57.7500;MOS7;PAMESA;PAMESA;E/42/11;8429991549282;;;M2;11;1.00;42;42.00;23.10;990.20;120.00;80.00;;;;24/07/2019;PAMESA;ESSENTIAL;GRES PORCELNICO;0215901350099;;SOLID;OMNIA;CEMENTO;;POLIVALENTE;MALLA;;MATE RECTIFICADO;;;NO;;;;CLASE 1;;;GRUPO BIa;UGL No esmaltado;;;NO;;1600-2400 N - 35-45 N/mm2;1;021.590.0135.00099;90X90(N);CATLOGO PAMESA;;;30;30;0;900;30x30;ES.OMNIA;ARGENT;https://www.pamesa.com/ERP/4.0/empresas/151/045/imagenes/t00010602/0215901350099.jpg
21;590;344;99;0215903440099;SI;PZ ESP.PEDRA;30x30(7)Malla ES.OMNIA ASH;A;SI;SI;57.7500;MOS7;PAMESA;PAMESA;E/42/11;8429991549459;;;M2;11;1.00;42;42.00;23.10;990.20;120.00;80.00;;;;24/07/2019;PAMESA;ESSENTIAL;GRES PORCELNICO;0215903440099;;SOLID;OMNIA;CEMENTO;;POLIVALENTE;MALLA;;MATE RECTIFICADO;;;NO;;;;CLASE 1;;;GRUPO BIa;UGL No esmaltado;;;NO;;1600-2400 N - 35-45 N/mm2;1;021.590.0344.00099;60X60n(C);CATLOGO PAMESA;;;30;30;0;900;30x30;ES.OMNIA;ASH;https://www.pamesa.com/ERP/4.0/empresas/151/045/imagenes/t00010602/0215903440099.jpg
21;590;7;99;0215900070099;SI;PZ ESP.PEDRA;30x30(7)Malla ES.OMNIA BEIGE;A;SI;SI;57.7500;MOS7;PAMESA;PAMESA;E/42/11;8429991549145;;;M2;11;1.00;42;42.00;23.10;990.20;120.00;80.00;;;;24/07/2019;PAMESA;ESSENTIAL;GRES PORCELNICO;0215900070099;;SOLID;OMNIA;CEMENTO;;POLIVALENTE;MALLA;;MATE RECTIFICADO;;;NO;;;;CLASE 1;;;GRUPO BIa;UGL No esmaltado;;;NO;;1600-2400 N - 35-45 N/mm2;1;021.590.0007.00099;120X120;CATLOGO PAMESA;;;30;30;0;900;30x30;ES.OMNIA;BEIGE;https://www.pamesa.com/ERP/4.0/empresas/151/045/imagenes/t00010602/0215900070099.jpg
21;590;260;99;0215902600099;SI;PZ ESP.PEDRA;30x30(7)Malla ES.OMNIA NEUTRO;A;SI;SI;57.7500;MOS7;PAMESA;PAMESA;E/42/11;8429991549411;;;M2;11;1.00;42;42.00;23.10;990.20;120.00;80.00;;;;24/07/2019;PAMESA;ESSENTIAL;GRES PORCELNICO;0215902600099;;SOLID;OMNIA;CEMENTO;;POLIVALENTE;MALLA;;MATE RECTIFICADO;;;NO;;;;CLASE 1;;;GRUPO BIa;UGL No esmaltado;;;NO;;1600-2400 N - 35-45 N/mm2;1;021.590.0260.00099;60X120(n);CATLOGO PAMESA;;;30;30;0;900;30x30;ES.OMNIA;NEUTRO;https://www.pamesa.com/ERP/4.0/empresas/151/045/imagenes/t00010602/0215902600099.jpg
21;590;160;99;0215901600099;SI;PZ ESP.PEDRA;30x30(7)Malla ES.OMNIA NOCE;A;SI;SI;57.7500;MOS7;PAMESA;PAMESA;E/42/11;8429991549312;;;M2;11;1.00;42;42.00;23.10;990.20;120.00;80.00;;;;24/07/2019;PAMESA;ESSENTIAL;GRES PORCELNICO;0215901600099;;SOLID;OMNIA;CEMENTO;;POLIVALENTE;MALLA;;MATE RECTIFICADO;;;NO;;;;CLASE 1;;;GRUPO BIa;UGL No esmaltado;;;NO;;1600-2400 N - 35-45 N/mm2;1;021.590.0160.00099;90X90(N);CATLOGO PAMESA;;;30;30;0;900;30x30;ES.OMNIA;NOCE;https://www.pamesa.com/ERP/4.0/empresas/151/045/imagenes/t00010602/0215901600099.jpg
21;590;119;99;0215901190099;SI;PZ ESP.PEDRA;30x30(7)Malla ES.OMNIA SAND;A;SI;SI;57.7500;MOS7;PAMESA;PAMESA;E/42/11;8429991549268;;;M2;11;1.00;42;42.00;23.10;990.20;120.00;80.00;;;;24/07/2019;PAMESA;ESSENTIAL;GRES PORCELNICO;0215901190099;;SOLID;OMNIA;CEMENTO;;POLIVALENTE;MALLA;;MATE RECTIFICADO;;;NO;;;;CLASE 1;;;GRUPO BIa;UGL No esmaltado;;;NO;;1600-2400 N - 35-45 N/mm2;1;021.590.0119.00099;90X90(N);CATLOGO PAMESA;;;30;30;0;900;30x30;ES.OMNIA;SAND;https://www.pamesa.com/ERP/4.0/empresas/151/045/imagenes/t00010602/0215901190099.jpg
17;120;364;15925;0171200038762;SI;REC.GLASS;120x120 PAMSTONE DESERT;A;SI;SI;0.0000;;PAMESA;PAMESA;23/36/01;8429991182892;;8429991773199;M2;1;1.44;36;51.84;34.36;1,276.96;126.00;126.00;71.00;;;03/10/2025;PAMESA;PAMESA;GRES PORCELNICO;0171200038762;;SOLID;PAMSTONE;PIEDRA;;POLIVALENTE;BASE;BASE;MATE RECTIFICADO;VARIACION MODERADA;;SI;;;;CLASE 1;;;GRUPO BIa;GL Esmaltado;;;NO;;1600-2400 N - 35-45 N/mm2;1;017.120.0364.15925;33,3x55;CATLOGO PAMESA;;;120;120;10,2;14400;120x120;PAMSTONE;DESERT;https://www.pamesa.com/ERP/4.0/empresas/151/045/imagenes/t00010602/0171200038762.jpg
17;120;161;15925;0171200038756;SI;REC.GLASS;120x120 PAMSTONE GREY;A;SI;SI;0.0000;;PAMESA;PAMESA;23/36/01;8429991182885;;8429991773199;M2;1;1.44;36;51.84;34.36;1,276.96;126.00;126.00;71.00;;;03/10/2025;PAMESA;PAMESA;GRES PORCELNICO;0171200038756;;SOLID;PAMSTONE;PIEDRA;;POLIVALENTE;BASE;BASE;MATE RECTIFICADO;VARIACION MODERADA;;SI;;;;CLASE 1;;;GRUPO BIa;GL Esmaltado;;;NO;;1600-2400 N - 35-45 N/mm2;1;017.120.0161.15925;33,3x55;CATLOGO PAMESA;;;120;120;10,2;14400;120x120;PAMSTONE;GREY;https://www.pamesa.com/ERP/4.0/empresas/151/045/imagenes/t00010602/0171200038756.jpg
17;120;667;15925;0171200038479;SI;REC.GLASS;120x120 PAMSTONE ICE;A;SI;SI;0.0000;;PAMESA;PAMESA;23/36/01;8429991181833;;8429991773199;M2;1;1.44;36;51.84;34.36;1,276.96;126.00;126.00;71.00;;;01/10/2025;PAMESA;PAMESA;GRES PORCELNICO;0171200038479;;SOLID;PAMSTONE;PIEDRA;;POLIVALENTE;BASE;BASE;MATE RECTIFICADO;VARIACION MODERADA;;SI;;;;CLASE 1;;;GRUPO BIa;GL Esmaltado;;;NO;;1600-2400 N - 35-45 N/mm2;1;017.120.0667.15925;33,3x55;CATLOGO PAMESA;;;120;120;10,2;14400;120x120;PAMSTONE;ICE;https://www.pamesa.com/ERP/4.0/empresas/151/045/imagenes/t00010602/0171200038479.jpg
17;120;1074;15925;0171200038765;SI;REC.GLASS;120x120 PAMSTONE LAVA;A;SI;SI;0.0000;;PAMESA;PAMESA;23/36/01;8429991182922;;8429991773199;M2;1;1.44;36;51.84;34.36;1,276.96;126.00;126.00;71.00;;;03/10/2025;PAMESA;PAMESA;GRES PORCELNICO;0171200038765;;SOLID;PAMSTONE;PIEDRA;;POLIVALENTE;BASE;BASE;MATE RECTIFICADO;VARIACION MODERADA;;SI;;;;CLASE 1;;;GRUPO BIa;GL Esmaltado;;;NO;;1600-2400 N - 35-45 N/mm2;1;017.120.1074.15925;25x70;CATLOGO PAMESA;;;120;120;10,2;14400;120x120;PAMSTONE;LAVA;https://www.pamesa.com/ERP/4.0/empresas/151/045/imagenes/t00010602/0171200038765.jpg
17;120;240;15925;0171200038763;SI;REC.GLASS;120x120 PAMSTONE MOKA;A;SI;SI;0.0000;;PAMESA;PAMESA;23/36/01;8429991182908;;8429991773199;M2;1;1.44;36;51.84;34.36;1,276.96;126.00;126.00;71.00;;;03/10/2025;PAMESA;PAMESA;GRES PORCELNICO;0171200038763;;SOLID;PAMSTONE;PIEDRA;;POLIVALENTE;BASE;BASE;MATE RECTIFICADO;VARIACION MODERADA;;SI;;;;CLASE 1;;;GRUPO BIa;GL Esmaltado;;;NO;;1600-2400 N - 35-45 N/mm2;1;017.120.0240.15925;33,3x55;CATLOGO PAMESA;;;120;120;10,2;14400;120x120;PAMSTONE;MOKA;https://www.pamesa.com/ERP/4.0/empresas/151/045/imagenes/t00010602/0171200038763.jpg
17;120;169;15925;0171200038764;SI;REC.GLASS;120x120 PAMSTONE PEARL;A;SI;SI;0.0000;;PAMESA;PAMESA;23/36/01;8429991182915;;8429991773199;M2;1;1.44;36;51.84;34.36;1,276.96;126.00;126.00;71.00;;;03/10/2025;PAMESA;PAMESA;GRES PORCELNICO;0171200038764;;SOLID;PAMSTONE;PIEDRA;;POLIVALENTE;BASE;BASE;MATE RECTIFICADO;VARIACION MODERADA;;SI;;;;CLASE 1;;;GRUPO BIa;GL Esmaltado;;;NO;;1600-2400 N - 35-45 N/mm2;1;017.120.0169.15925;45X45;CATLOGO PAMESA;;;120;120;10,2;14400;120x120;PAMSTONE;PEARL;https://www.pamesa.com/ERP/4.0/empresas/151/045/imagenes/t00010602/0171200038764.jpg
17;250;364;15925;0172500038768;SI;REC.GLASS;60x120(n) PAMSTONE DESERT;A;SI;SI;0.0000;;PAMESA;PAMESA;L/36/02 RF;8429991182946;;8429991773199;M2;2;1.44;36;51.84;28.62;1,055.32;122.00;84.00;73.50;;;03/10/2025;PAMESA;PAMESA;GRES PORCELNICO;0172500038768;;SOLID;PAMSTONE;PIEDRA;;POLIVALENTE;BASE;BASE;MATE RECTIFICADO;VARIACION MODERADA;;;;;;;;;GRUPO BIa;GL Esmaltado;;;NO;;1600-2400 N - 35-45 N/mm2;1;017.250.0364.15925;60,8x60,8;CATLOGO PAMESA;;;60;120;9;7200;60x120;PAMSTONE;DESERT;https://www.pamesa.com/ERP/4.0/empresas/151/045/imagenes/t00010602/0172500038768.jpg
17;250;161;15925;0172500038767;SI;REC.GLASS;60x120(n) PAMSTONE GREY;A;SI;SI;0.0000;;PAMESA;PAMESA;L/36/02 RF;8429991182939;;8429991773199;M2;2;1.44;36;51.84;28.62;1,055.32;122.00;84.00;73.50;;;03/10/2025;PAMESA;PAMESA;GRES PORCELNICO;0172500038767;;SOLID;PAMSTONE;PIEDRA;;POLIVALENTE;BASE;BASE;MATE RECTIFICADO;VARIACION MODERADA;;;;;;;;;GRUPO BIa;GL Esmaltado;;;NO;;1600-2400 N - 35-45 N/mm2;1;017.250.0161.15925;60x60;CATLOGO PAMESA;;;60;120;9;7200;60x120;PAMSTONE;GREY;https://www.pamesa.com/ERP/4.0/empresas/151/045/imagenes/t00010602/0172500038767.jpg
17;250;667;15925;0172500038480;SI;REC.GLASS;60x120(n) PAMSTONE ICE;A;SI;SI;0.0000;;PAMESA;PAMESA;F/50/02;8429991181840;;8429991773199;M2;2;1.44;50;72.00;25.00;1,270.00;120.00;80.00;;;;01/10/2025;PAMESA;PAMESA;GRES PORCELNICO;0172500038480;;SOLID;PAMSTONE;PIEDRA;;POLIVALENTE;BASE;BASE;MATE RECTIFICADO;VARIACION MODERADA;;;;;;;;;GRUPO BIa;GL Esmaltado;;;NO;;1600-2400 N - 35-45 N/mm2;1;017.250.0667.15925;75x150;CATLOGO PAMESA;;;60;120;9;7200;60x120;PAMSTONE;ICE;https://www.pamesa.com/ERP/4.0/empresas/151/045/imagenes/t00010602/0172500038480.jpg
17;250;1074;15925;0172500038771;SI;REC.GLASS;60x120(n) PAMSTONE LAVA;A;SI;SI;0.0000;;PAMESA;PAMESA;L/36/02 RF;8429991182977;;8429991773199;M2;2;1.44;36;51.84;28.62;1,055.32;122.00;84.00;73.50;;;03/10/2025;PAMESA;PAMESA;GRES PORCELNICO;0172500038771;;SOLID;PAMSTONE;PIEDRA;;POLIVALENTE;BASE;BASE;MATE RECTIFICADO;VARIACION MODERADA;;;;;;;;;GRUPO BIa;GL Esmaltado;;;NO;;1600-2400 N - 35-45 N/mm2;1;017.250.1074.15925;60x60;CATLOGO PAMESA;;;60;120;9;7200;60x120;PAMSTONE;LAVA;https://www.pamesa.com/ERP/4.0/empresas/151/045/imagenes/t00010602/0172500038771.jpg
17;250;240;15925;0172500038769;SI;REC.GLASS;60x120(n) PAMSTONE MOKA;A;SI;SI;0.0000;;PAMESA;PAMESA;L/36/02 RF;8429991182953;;8429991773199;M2;2;1.44;36;51.84;28.62;1,055.32;122.00;84.00;73.50;;;03/10/2025;PAMESA;PAMESA;GRES PORCELNICO;0172500038769;;SOLID;PAMSTONE;PIEDRA;;POLIVALENTE;BASE;BASE;MATE RECTIFICADO;VARIACION MODERADA;;;;;;;;;GRUPO BIa;GL Esmaltado;;;NO;;1600-2400 N - 35-45 N/mm2;1;017.250.0240.15925;60x60;CATLOGO PAMESA;;;60;120;9;7200;60x120;PAMSTONE;MOKA;https://www.pamesa.com/ERP/4.0/empresas/151/045/imagenes/t00010602/0172500038769.jpg
17;250;169;15925;0172500038770;SI;REC.GLASS;60x120(n) PAMSTONE PEARL;A;SI;SI;0.0000;;PAMESA;PAMESA;L/36/02 RF;8429991182960;;8429991773199;M2;2;1.44;36;51.84;28.62;1,055.32;122.00;84.00;73.50;;;03/10/2025;PAMESA;PAMESA;GRES PORCELNICO;0172500038770;;SOLID;PAMSTONE;PIEDRA;;POLIVALENTE;BASE;BASE;MATE RECTIFICADO;VARIACION MODERADA;;;;;;;;;GRUPO BIa;GL Esmaltado;;;NO;;1600-2400 N - 35-45 N/mm2;1;017.250.0169.15925;120X120;CATLOGO PAMESA;;;60;120;9;7200;60x120;PAMSTONE;PEARL;https://www.pamesa.com/ERP/4.0/empresas/151/045/imagenes/t00010602/0172500038770.jpg
17;250;364;15905;0172500038799;SI;REC.GLASS;60x120(n) RLV.PAMSTONE DESERT;A;SI;SI;0.0000;;PAMESA;PAMESA;L/36/02 RF;8429991183066;;8429991773199;M2;2;1.44;36;51.84;28.62;1,055.32;122.00;84.00;73.50;;;03/10/2025;PAMESA;PAMESA;GRES PORCELNICO;0172500038799;;SOLID;PAMSTONE;PIEDRA;;POLIVALENTE;DECORADO;RLV DECORADO;MATE RECTIFICADO;VARIACION MODERADA;;;;;;;;;GRUPO BIa;GL Esmaltado;;;NO;;1600-2400 N - 35-45 N/mm2;1;017.250.0364.15905;60,8x60,8;CATLOGO PAMESA;;;60;120;9;7200;60x120;RLV.PAMSTONE;DESERT;https://www.pamesa.com/ERP/4.0/empresas/151/045/imagenes/t00010602/0172500038799.jpg
17;250;161;15905;0172500038795;SI;REC.GLASS;60x120(n) RLV.PAMSTONE GREY;A;SI;SI;0.0000;;PAMESA;PAMESA;L/36/02 RF;8429991183035;;8429991773199;M2;2;1.44;36;51.84;28.62;1,055.32;122.00;84.00;73.50;;;03/10/2025;PAMESA;PAMESA;GRES PORCELNICO;0172500038795;;SOLID;PAMSTONE;PIEDRA;;POLIVALENTE;DECORADO;RLV DECORADO;MATE RECTIFICADO;VARIACION MODERADA;;;;;;;;;GRUPO BIa;GL Esmaltado;;;NO;;1600-2400 N - 35-45 N/mm2;1;017.250.0161.15905;60x60;CATLOGO PAMESA;;;60;120;9;7200;60x120;RLV.PAMSTONE;GREY;https://www.pamesa.com/ERP/4.0/empresas/151/045/imagenes/t00010602/0172500038795.jpg
17;250;667;15905;0172500038093;SI;REC.GLASS;60x120(n) RLV.PAMSTONE ICE;A;SI;SI;0.0000;;PAMESA;PAMESA;L/36/02 RF;8429991180478;;8429991773199;M2;2;1.44;36;51.84;28.62;1,055.32;122.00;84.00;73.50;;;29/09/2025;PAMESA;PAMESA;GRES PORCELNICO;0172500038093;;SOLID;PAMSTONE;PIEDRA;;POLIVALENTE;DECORADO;RLV DECORADO;MATE RECTIFICADO;VARIACION MODERADA;;;;;;;;;GRUPO BIa;GL Esmaltado;;;NO;;1600-2400 N - 35-45 N/mm2;1;017.250.0667.15905;75x150;CATLOGO PAMESA;;;60;120;9;7200;60x120;RLV.PAMSTONE;ICE;https://www.pamesa.com/ERP/4.0/empresas/151/045/imagenes/t00010602/0172500038093.jpg
17;250;1074;15905;0172500038800;SI;REC.GLASS;60x120(n) RLV.PAMSTONE LAVA;A;SI;SI;0.0000;;PAMESA;PAMESA;L/36/02 RF;8429991183073;;8429991773199;M2;2;1.44;36;51.84;28.62;1,055.32;122.00;84.00;73.50;;;03/10/2025;PAMESA;PAMESA;GRES PORCELNICO;0172500038800;;SOLID;PAMSTONE;PIEDRA;;POLIVALENTE;DECORADO;RLV DECORADO;MATE RECTIFICADO;VARIACION MODERADA;;;;;;;;;GRUPO BIa;GL Esmaltado;;;NO;;1600-2400 N - 35-45 N/mm2;1;017.250.1074.15905;60x60;CATLOGO PAMESA;;;60;120;9;7200;60x120;RLV.PAMSTONE;LAVA;https://www.pamesa.com/ERP/4.0/empresas/151/045/imagenes/t00010602/0172500038800.jpg
17;250;240;15905;0172500038796;SI;REC.GLASS;60x120(n) RLV.PAMSTONE MOKA;A;SI;SI;0.0000;;PAMESA;PAMESA;L/36/02 RF;8429991183042;;8429991773199;M2;2;1.44;36;51.84;28.62;1,055.32;122.00;84.00;73.50;;;03/10/2025;PAMESA;PAMESA;GRES PORCELNICO;0172500038796;;SOLID;PAMSTONE;PIEDRA;;POLIVALENTE;DECORADO;RLV DECORADO;MATE RECTIFICADO;VARIACION MODERADA;;;;;;;;;GRUPO BIa;GL Esmaltado;;;NO;;1600-2400 N - 35-45 N/mm2;1;017.250.0240.15905;60x60;CATLOGO PAMESA;;;60;120;9;7200;60x120;RLV.PAMSTONE;MOKA;https://www.pamesa.com/ERP/4.0/empresas/151/045/imagenes/t00010602/0172500038796.jpg
17;250;169;15905;0172500038797;SI;REC.GLASS;60x120(n) RLV.PAMSTONE PEARL;A;SI;SI;0.0000;;PAMESA;PAMESA;L/36/02 RF;8429991183059;;8429991773199;M2;2;1.44;36;51.84;28.62;1,055.32;122.00;84.00;73.50;;;03/10/2025;PAMESA;PAMESA;GRES PORCELNICO;0172500038797;;SOLID;PAMSTONE;PIEDRA;;POLIVALENTE;DECORADO;RLV DECORADO;MATE RECTIFICADO;VARIACION MODERADA;;;;;;;;;GRUPO BIa;GL Esmaltado;;;NO;;1600-2400 N - 35-45 N/mm2;1;017.250.0169.15905;120X120;CATLOGO PAMESA;;;60;120;9;7200;60x120;RLV.PAMSTONE;PEARL;https://www.pamesa.com/ERP/4.0/empresas/151/045/imagenes/t00010602/0172500038797.jpg
33;120;108;13997;0331200021680;SI;POLIMAT;120x120 ANTIC.PATAGONIA WHITE;A;SI;SI;51.0000;SOL51;PAMESA;PAMESA;23/36/01;;;8429991773199;M2;1;1.44;36;51.84;34.36;1,276.96;126.00;126.00;71.00;;;09/11/2023;PAMESA;PAMESA;ANTIC GRES PORCELNICO RECTF.;0331200021680;;SOLID;PATAGONIA;PIEDRA;;POLIVALENTE;;BASE;;;NO;NO;;;;CLASE 0;;;GRUPO BIa;GL Esmaltado;;;NO;;1600-2400 N - 35-45 N/mm2;1;033.120.0108.13997;120X120;CATLOGO PAMESA;;;120;120;10,2;14400;120x120;ANTIC.PATAGONIA;WHITE;https://www.pamesa.com/ERP/4.0/empresas/151/045/imagenes/t00010602/0331200021680.jpg
105;120;108;13997;1051200037970;SI;GRANILLA POLIMAT;120x120 ANTIC.PATAGONIA WHITE;A;SI;SI;51.0000;SOL51;PAMESA;PAMESA;23/36/01;8429991865399;;8429991773199;M2;1;1.44;36;51.84;34.36;1,276.96;126.00;126.00;71.00;;;25/09/2025;PAMESA;PAMESA;ANTIC GRES PORCELNICO RECTF.;1051200037970;;SOLID;PATAGONIA;PIEDRA;;POLIVALENTE;;BASE;;;;NO;;;;CLASE 0;;;GRUPO BIa;GL Esmaltado;;;NO;;1600-2400 N - 35-45 N/mm2;1;105.120.0108.13997;60X60(T)C;;;;120;120;10,2;14400;120x120;ANTIC.PATAGONIA;WHITE;https://www.pamesa.com/ERP/4.0/empresas/151/045/imagenes/t00010602/1051200037970.jpg
33;869;108;13997;0338690021680;SI;POLIMAT;60x120 ANTIC.PATAGONIA WHITE;A;SI;SI;37.5000;SOL53;PAMESA;PAMESA;L/32/02;;;8429991773199;M2;2;1.44;32;46.08;34.25;1,121.00;122.00;84.00;75.00;;10.50;09/11/2023;PAMESA;PAMESA;ANTIC GRES PORCELNICO RECTF.;0338690021680;;SOLID;PATAGONIA;PIEDRA;;POLIVALENTE;;BASE;;;NO;NO;;;;CLASE 0;;;GRUPO BIa;GL Esmaltado;;;NO;;1600-2400 N - 35-45 N/mm2;1;033.869.0108.13997;36x80;CATLOGO PAMESA;;;60;120;10,5;7200;60x120;ANTIC.PATAGONIA;WHITE;https://www.pamesa.com/ERP/4.0/empresas/151/045/imagenes/t00010602/0338690021680.jpg
105;869;108;13997;1058690037969;SI;GRANILLA POLIMAT;60x120 ANTIC.PATAGONIA WHITE;A;SI;SI;37.5000;SOL53;PAMESA;PAMESA;L/32/02;8429991865306;;8429991773199;M2;2;1.44;32;46.08;34.25;1,121.00;122.00;84.00;75.00;;10.50;25/09/2025;PAMESA;PAMESA;ANTIC GRES PORCELNICO RECTF.;1058690037969;;SOLID;PATAGONIA;PIEDRA;;POLIVALENTE;;BASE;;;;NO;;;;CLASE 0;;;GRUPO BIa;GL Esmaltado;;;NO;;1600-2400 N - 35-45 N/mm2;1;105.869.0108.13997;31,6x60;;;;60;120;10,5;7200;60x120;ANTIC.PATAGONIA;WHITE;https://www.pamesa.com/ERP/4.0/empresas/151/045/imagenes/t00010602/1058690037969.jpg
17;869;108;15491;0178690030072;SI;REC.GLASS;60x120 PATAGONIA SATIN WHITE;A;SI;SI;0.0000;SOL25;PAMESA;PAMESA;L/32/02;8429991145439;;8429991773199;M2;2;1.44;32;46.08;34.25;1,121.00;122.00;84.00;75.00;;10.50;26/05/2025;PAMESA;PAMESA;GRES PORCELNICO;0178690030072;;SOLID;PATAGONIA;PIEDRA;;POLIVALENTE;BASE;BASE;SATEN RECTIFICADO;VARIACION ALTA;;NO;;;;CLASE 0;;;GRUPO BIa;GL Esmaltado;;;NO;;1600-2400 N - 35-45 N/mm2;1;017.869.0108.15491;60X120(n);CATLOGO PAMESA;;;60;120;10,5;7200;60x120;PATAGONIA SATIN;WHITE;https://www.pamesa.com/ERP/4.0/empresas/151/045/imagenes/t00010602/0178690030072.jpg
33;120;150;14015;0331200021763;SI;POLIMAT;120x120 ANTIC.GRE PIETRA DI BIANCO;A;SI;SI;0.0000;SOL51;PAMESA;PAMESA;23/36/01;;;8429991773199;M2;1;1.44;36;51.84;34.36;1,276.96;126.00;126.00;71.00;;;29/11/2023;PAMESA;PAMESA;ANTIC GRES PORCELNICO RECTF.;0331200021763;;SOLID;PIETRA DI GRE;PIEDRA;;POLIVALENTE;;BASE;;;NO;NO;;;;CLASE 0;;;GRUPO BIa;GL Esmaltado;;;NO;;1600-2400 N - 35-45 N/mm2;1;033.120.0150.14015;120X120;CATLOGO PAMESA;;;120;120;10,2;14400;120x120;ANTIC.GRE PIETRA DI;BIANCO;https://www.pamesa.com/ERP/4.0/empresas/151/045/imagenes/t00010602/0331200021763.jpg
105;120;150;14015;1051200037963;SI;GRANILLA POLIMAT;120x120 ANTIC.GRE PIETRA DI BIANCO;A;SI;SI;0.0000;SOL51;PAMESA;PAMESA;23/36/01;8429991868475;;8429991773199;M2;1;1.44;36;51.84;34.36;1,276.96;126.00;126.00;71.00;;;25/09/2025;PAMESA;PAMESA;ANTIC GRES PORCELNICO RECTF.;1051200037963;;SOLID;PIETRA DI GRE;PIEDRA;;POLIVALENTE;;BASE;;;;;;;;;;;GRUPO BIa;GL Esmaltado;;;NO;;1600-2400 N - 35-45 N/mm2;1;105.120.0150.14015;20X120(T)C;;;;120;120;10,2;14400;120x120;ANTIC.GRE PIETRA DI;BIANCO;https://www.pamesa.com/ERP/4.0/empresas/151/045/imagenes/t00010602/1051200037963.jpg
33;120;96;14015;0331200021759;SI;POLIMAT;120x120 ANTIC.GRE PIETRA DI CREMA;A;SI;SI;0.0000;SOL51;PAMESA;PAMESA;23/36/01;;;8429991773199;M2;1;1.44;36;51.84;34.36;1,276.96;126.00;126.00;71.00;;;29/11/2023;PAMESA;PAMESA;ANTIC GRES PORCELNICO RECTF.;0331200021759;;SOLID;PIETRA DI GRE;PIEDRA;;POLIVALENTE;;BASE;;;NO;NO;;;;CLASE 0;;;GRUPO BIa;GL Esmaltado;;;NO;;1600-2400 N - 35-45 N/mm2;1;033.120.0096.14015;30X30 (5)MALLA;CATLOGO PAMESA;;;120;120;10,2;14400;120x120;ANTIC.GRE PIETRA DI;CREMA;https://www.pamesa.com/ERP/4.0/empresas/151/045/imagenes/t00010602/0331200021759.jpg
105;120;96;14015;1051200037961;SI;GRANILLA POLIMAT;120x120 ANTIC.GRE PIETRA DI CREMA;A;SI;SI;0.0000;SOL51;PAMESA;PAMESA;23/36/01;8429991868437;;8429991773199;M2;1;1.44;36;51.84;34.36;1,276.96;126.00;126.00;71.00;;;25/09/2025;PAMESA;PAMESA;ANTIC GRES PORCELNICO RECTF.;1051200037961;;SOLID;PIETRA DI GRE;PIEDRA;;POLIVALENTE;;BASE;;;;;;;;;;;GRUPO BIa;GL Esmaltado;;;NO;;1600-2400 N - 35-45 N/mm2;1;105.120.0096.14015;60X60;;;;120;120;10,2;14400;120x120;ANTIC.GRE PIETRA DI;CREMA;https://www.pamesa.com/ERP/4.0/empresas/151/045/imagenes/t00010602/1051200037961.jpg
33;120;213;14015;0331200021761;SI;POLIMAT;120x120 ANTIC.GRE PIETRA DI GRIGIO;A;SI;SI;0.0000;SOL51;PAMESA;PAMESA;23/36/01;;;8429991773199;M2;1;1.44;36;51.84;34.36;1,276.96;126.00;126.00;71.00;;;29/11/2023;PAMESA;PAMESA;ANTIC GRES PORCELNICO RECTF.;0331200021761;;SOLID;PIETRA DI GRE;PIEDRA;;POLIVALENTE;;BASE;;;NO;NO;;;;CLASE 0;;;GRUPO BIa;GL Esmaltado;;;NO;;1600-2400 N - 35-45 N/mm2;1;033.120.0213.14015;60X120 RF;CATLOGO PAMESA;;;120;120;10,2;14400;120x120;ANTIC.GRE PIETRA DI;GRIGIO;https://www.pamesa.com/ERP/4.0/empresas/151/045/imagenes/t00010602/0331200021761.jpg
105;120;213;14015;1051200037959;SI;GRANILLA POLIMAT;120x120 ANTIC.GRE PIETRA DI GRIGIO;A;SI;SI;0.0000;SOL51;PAMESA;PAMESA;23/36/01;8429991868451;;8429991773199;M2;1;1.44;36;51.84;34.36;1,276.96;126.00;126.00;71.00;;;25/09/2025;PAMESA;PAMESA;ANTIC GRES PORCELNICO RECTF.;1051200037959;;SOLID;PIETRA DI GRE;PIEDRA;;POLIVALENTE;;BASE;;;;;;;;;;;GRUPO BIa;GL Esmaltado;;;NO;;1600-2400 N - 35-45 N/mm2;1;105.120.0213.14015;20X120(T)C;;;;120;120;10,2;14400;120x120;ANTIC.GRE PIETRA DI;GRIGIO;https://www.pamesa.com/ERP/4.0/empresas/151/045/imagenes/t00010602/1051200037959.jpg
33;120;558;14015;0331200021760;SI;POLIMAT;120x120 ANTIC.GRE PIETRA DI MULTI;A;SI;SI;0.0000;SOL51;PAMESA;PAMESA;23/36/01;;;8429991773199;M2;1;1.44;36;51.84;34.36;1,276.96;126.00;126.00;71.00;;;29/11/2023;PAMESA;PAMESA;ANTIC GRES PORCELNICO RECTF.;0331200021760;;SOLID;PIETRA DI GRE;PIEDRA;;POLIVALENTE;;BASE;;;NO;NO;;;;CLASE 0;;;GRUPO BIa;GL Esmaltado;;;NO;;1600-2400 N - 35-45 N/mm2;1;033.120.0558.14015;60X120 RF;CATLOGO PAMESA;;;120;120;10,2;14400;120x120;ANTIC.GRE PIETRA DI;MULTI;https://www.pamesa.com/ERP/4.0/empresas/151/045/imagenes/t00010602/0331200021760.jpg
105;120;558;14015;1051200037960;SI;GRANILLA POLIMAT;120x120 ANTIC.GRE PIETRA DI MULTI;A;SI;SI;0.0000;SOL51;PAMESA;PAMESA;23/36/01;8429991868444;;8429991773199;M2;1;1.44;36;51.84;34.36;1,276.96;126.00;126.00;71.00;;;25/09/2025;PAMESA;PAMESA;ANTIC GRES PORCELNICO RECTF.;1051200037960;;SOLID;PIETRA DI GRE;PIEDRA;;POLIVALENTE;;BASE;;;;;;;;;;;GRUPO BIa;GL Esmaltado;;;NO;;1600-2400 N - 35-45 N/mm2;1;105.120.0558.14015;20X120(T)C;;;;120;120;10,2;14400;120x120;ANTIC.GRE PIETRA DI;MULTI;https://www.pamesa.com/ERP/4.0/empresas/151/045/imagenes/t00010602/1051200037960.jpg
33;120;37;14015;0331200021762;SI;POLIMAT;120x120 ANTIC.GRE PIETRA DI PERLA;A;SI;SI;0.0000;SOL51;PAMESA;PAMESA;23/36/01;;;8429991773199;M2;1;1.44;36;51.84;34.36;1,276.96;126.00;126.00;71.00;;;29/11/2023;PAMESA;PAMESA;ANTIC GRES PORCELNICO RECTF.;0331200021762;;SOLID;PIETRA DI GRE;PIEDRA;;POLIVALENTE;;BASE;;;NO;NO;;;;CLASE 0;;;GRUPO BIa;GL Esmaltado;;;NO;;1600-2400 N - 35-45 N/mm2;1;033.120.0037.14015;60X120(T)C;CATLOGO PAMESA;;;120;120;10,2;14400;120x120;ANTIC.GRE PIETRA DI;PERLA;https://www.pamesa.com/ERP/4.0/empresas/151/045/imagenes/t00010602/0331200021762.jpg
105;120;37;14015;1051200037962;SI;GRANILLA POLIMAT;120x120 ANTIC.GRE PIETRA DI PERLA;A;SI;SI;0.0000;SOL51;PAMESA;PAMESA;23/36/01;8429991868468;;8429991773199;M2;1;1.44;36;51.84;34.36;1,276.96;126.00;126.00;71.00;;;25/09/2025;PAMESA;PAMESA;ANTIC GRES PORCELNICO RECTF.;1051200037962;;SOLID;PIETRA DI GRE;PIEDRA;;POLIVALENTE;;BASE;;;;;;;;;;;GRUPO BIa;GL Esmaltado;;;NO;;1600-2400 N - 35-45 N/mm2;1;105.120.0037.14015;60x60;;;;120;120;10,2;14400;120x120;ANTIC.GRE PIETRA DI;PERLA;https://www.pamesa.com/ERP/4.0/empresas/151/045/imagenes/t00010602/1051200037962.jpg
17;120;150;13993;0171200021678;SI;REC.GLASS;120x120 GRE PIETRA DI BIANCO;A;SI;SI;42.2500;SOL35;PAMESA;PAMESA;23/36/01;8429991869359;;8429991773199;M2;1;1.44;36;51.84;34.36;1,276.96;126.00;126.00;71.00;;;04/12/2023;PAMESA;PAMESA;GRES PORCELNICO;0171200021678;;SOLID;PIETRA DI GRE;TERRAZO;;POLIVALENTE;BASE;BASE;MATE RECTIFICADO;VARIACION MODERADA;NO;NO;NO;;;CLASE 1;R9;;GRUPO BIa;GL Esmaltado;;;NO;;1600-2400 N - 35-45 N/mm2;1;017.120.0150.13993;45X45;CATLOGO PAMESA;;;120;120;10,2;14400;120x120;GRE PIETRA DI;BIANCO;https://www.pamesa.com/ERP/4.0/empresas/151/045/imagenes/t00010602/0171200021678.jpg
17;120;96;13993;0171200021670;SI;REC.GLASS;120x120 GRE PIETRA DI CREMA;A;SI;SI;42.2500;SOL35;PAMESA;PAMESA;23/36/01;8429991869342;;8429991773199;M2;1;1.44;36;51.84;34.36;1,276.96;126.00;126.00;71.00;;;04/12/2023;PAMESA;PAMESA;GRES PORCELNICO;0171200021670;;SOLID;PIETRA DI GRE;TERRAZO;;POLIVALENTE;BASE;BASE;MATE RECTIFICADO;VARIACION MODERADA;NO;NO;NO;;;CLASE 1;R9;;GRUPO BIa;GL Esmaltado;;;NO;;1600-2400 N - 35-45 N/mm2;1;017.120.0096.13993;33,3x55;CATLOGO PAMESA;;;120;120;10,2;14400;120x120;GRE PIETRA DI;CREMA;https://www.pamesa.com/ERP/4.0/empresas/151/045/imagenes/t00010602/0171200021670.jpg
17;120;213;13993;0171200021676;SI;REC.GLASS;120x120 GRE PIETRA DI GRIGIO;A;SI;SI;42.2500;SOL35;PAMESA;PAMESA;23/36/01;8429991869366;;8429991773199;M2;1;1.44;36;51.84;34.36;1,276.96;126.00;126.00;71.00;;;04/12/2023;PAMESA;PAMESA;GRES PORCELNICO;0171200021676;;SOLID;PIETRA DI GRE;TERRAZO;;POLIVALENTE;BASE;BASE;MATE RECTIFICADO;VARIACION MODERADA;NO;NO;NO;;;CLASE 1;R9;;GRUPO BIa;GL Esmaltado;;;NO;;1600-2400 N - 35-45 N/mm2;1;017.120.0213.13993;33,3x55;CATLOGO PAMESA;;;120;120;10,2;14400;120x120;GRE PIETRA DI;GRIGIO;https://www.pamesa.com/ERP/4.0/empresas/151/045/imagenes/t00010602/0171200021676.jpg
17;120;558;13993;0171200021675;SI;REC.GLASS;120x120 GRE PIETRA DI MULTI;A;SI;SI;42.2500;SOL35;PAMESA;PAMESA;23/36/01;8429991869373;;8429991773199;M2;1;1.44;36;51.84;34.36;1,276.96;126.00;126.00;71.00;;;04/12/2023;PAMESA;PAMESA;GRES PORCELNICO;0171200021675;;SOLID;PIETRA DI GRE;TERRAZO;;POLIVALENTE;BASE;BASE;MATE RECTIFICADO;VARIACION MODERADA;NO;NO;NO;;;CLASE 1;R9;;GRUPO BIa;GL Esmaltado;;;NO;;1600-2400 N - 35-45 N/mm2;1;017.120.0558.13993;33,3x55;CATLOGO PAMESA;;;120;120;10,2;14400;120x120;GRE PIETRA DI;MULTI;https://www.pamesa.com/ERP/4.0/empresas/151/045/imagenes/t00010602/0171200021675.jpg
17;120;37;13993;0171200021677;SI;REC.GLASS;120x120 GRE PIETRA DI PERLA;A;SI;SI;42.2500;SOL35;PAMESA;PAMESA;23/36/01;8429991869335;;8429991773199;M2;1;1.44;36;51.84;34.36;1,276.96;126.00;126.00;71.00;;;04/12/2023;PAMESA;PAMESA;GRES PORCELNICO;0171200021677;;SOLID;PIETRA DI GRE;TERRAZO;;POLIVALENTE;BASE;BASE;MATE RECTIFICADO;VARIACION MODERADA;NO;NO;NO;;;CLASE 1;R9;;GRUPO BIa;GL Esmaltado;;;NO;;1600-2400 N - 35-45 N/mm2;1;017.120.0037.13993;33,3x55;CATLOGO PAMESA;;;120;120;10,2;14400;120x120;GRE PIETRA DI;PERLA;https://www.pamesa.com/ERP/4.0/empresas/151/045/imagenes/t00010602/0171200021677.jpg
33;869;150;14015;0338690021763;SI;POLIMAT;60x120 ANTIC.GRE PIETRA DI BIANCO;A;SI;SI;37.5000;SOL53;PAMESA;PAMESA;L/32/02;;;8429991773199;M2;2;1.44;32;46.08;34.25;1,121.00;122.00;84.00;75.00;;10.50;23/11/2023;PAMESA;PAMESA;ANTIC GRES PORCELNICO RECTF.;0338690021763;;SOLID;PIETRA DI GRE;PIEDRA;;POLIVALENTE;;BASE;;;NO;NO;;;;CLASE 0;;;GRUPO BIa;GL Esmaltado;;;NO;;1600-2400 N - 35-45 N/mm2;1;033.869.0150.14015;36x80;CATLOGO PAMESA;;;60;120;10,5;7200;60x120;ANTIC.GRE PIETRA DI;BIANCO;https://www.pamesa.com/ERP/4.0/empresas/151/045/imagenes/t00010602/0338690021763.jpg
105;869;150;14015;1058690037968;SI;GRANILLA POLIMAT;60x120 ANTIC.GRE PIETRA DI BIANCO;A;SI;SI;37.5000;SOL53;PAMESA;PAMESA;L/32/02;8429991867416;;8429991773199;M2;2;1.44;32;46.08;34.25;1,121.00;122.00;84.00;75.00;;10.50;25/09/2025;PAMESA;PAMESA;ANTIC GRES PORCELNICO RECTF.;1058690037968;;SOLID;PIETRA DI GRE;PIEDRA;;POLIVALENTE;;BASE;;;;;;;;;;;GRUPO BIa;GL Esmaltado;;;NO;;1600-2400 N - 35-45 N/mm2;1;105.869.0150.14015;31,6x60;;;;60;120;10,5;7200;60x120;ANTIC.GRE PIETRA DI;BIANCO;https://www.pamesa.com/ERP/4.0/empresas/151/045/imagenes/t00010602/1058690037968.jpg
33;869;96;14015;0338690021759;SI;POLIMAT;60x120 ANTIC.GRE PIETRA DI CREMA;A;SI;SI;37.5000;SOL53;PAMESA;PAMESA;L/32/02;;;8429991773199;M2;2;1.44;32;46.08;34.25;1,121.00;122.00;84.00;75.00;;10.50;23/11/2023;PAMESA;PAMESA;ANTIC GRES PORCELNICO RECTF.;0338690021759;;SOLID;PIETRA DI GRE;PIEDRA;;POLIVALENTE;;BASE;;;NO;NO;;;;CLASE 0;;;GRUPO BIa;GL Esmaltado;;;NO;;1600-2400 N - 35-45 N/mm2;1;033.869.0096.14015;36x80;CATLOGO PAMESA;;;60;120;10,5;7200;60x120;ANTIC.GRE PIETRA DI;CREMA;https://www.pamesa.com/ERP/4.0/empresas/151/045/imagenes/t00010602/0338690021759.jpg
105;869;96;14015;1058690037965;SI;GRANILLA POLIMAT;60x120 ANTIC.GRE PIETRA DI CREMA;A;SI;SI;37.5000;SOL53;PAMESA;PAMESA;L/32/02;8429991867379;;8429991773199;M2;2;1.44;32;46.08;34.25;1,121.00;122.00;84.00;75.00;;10.50;25/09/2025;PAMESA;PAMESA;ANTIC GRES PORCELNICO RECTF.;1058690037965;;SOLID;PIETRA DI GRE;PIEDRA;;POLIVALENTE;;BASE;;;;;;;;;;;GRUPO BIa;GL Esmaltado;;;NO;;1600-2400 N - 35-45 N/mm2;1;105.869.0096.14015;31,6x60;;;;60;120;10,5;7200;60x120;ANTIC.GRE PIETRA DI;CREMA;https://www.pamesa.com/ERP/4.0/empresas/151/045/imagenes/t00010602/1058690037965.jpg
33;869;213;14015;0338690021761;SI;POLIMAT;60x120 ANTIC.GRE PIETRA DI GRIGIO;A;SI;SI;37.5000;SOL53;PAMESA;PAMESA;L/32/02;;;8429991773199;M2;2;1.44;32;46.08;34.25;1,121.00;122.00;84.00;75.00;;10.50;23/11/2023;PAMESA;PAMESA;ANTIC GRES PORCELNICO RECTF.;0338690021761;;SOLID;PIETRA DI GRE;PIEDRA;;POLIVALENTE;;BASE;;;NO;NO;;;;CLASE 0;;;GRUPO BIa;GL Esmaltado;;;NO;;1600-2400 N - 35-45 N/mm2;1;033.869.0213.14015;36x80;CATLOGO PAMESA;;;60;120;10,5;7200;60x120;ANTIC.GRE PIETRA DI;GRIGIO;https://www.pamesa.com/ERP/4.0/empresas/151/045/imagenes/t00010602/0338690021761.jpg
105;869;213;14015;1058690037967;SI;GRANILLA POLIMAT;60x120 ANTIC.GRE PIETRA DI GRIGIO;A;SI;SI;37.5000;SOL53;PAMESA;PAMESA;L/32/02;8429991867393;;8429991773199;M2;2;1.44;32;46.08;34.25;1,121.00;122.00;84.00;75.00;;10.50;25/09/2025;PAMESA;PAMESA;ANTIC GRES PORCELNICO RECTF.;1058690037967;;SOLID;PIETRA DI GRE;PIEDRA;;POLIVALENTE;;BASE;;;;;;;;;;;GRUPO BIa;GL Esmaltado;;;NO;;1600-2400 N - 35-45 N/mm2;1;105.869.0213.14015;30,3X61,3;;;;60;120;10,5;7200;60x120;ANTIC.GRE PIETRA DI;GRIGIO;https://www.pamesa.com/ERP/4.0/empresas/151/045/imagenes/t00010602/1058690037967.jpg
33;869;558;14015;0338690021760;SI;POLIMAT;60x120 ANTIC.GRE PIETRA DI MULTI;A;SI;SI;37.5000;SOL53;PAMESA;PAMESA;L/32/02;;;8429991773199;M2;2;1.44;32;46.08;34.25;1,121.00;122.00;84.00;75.00;;10.50;23/11/2023;PAMESA;PAMESA;ANTIC GRES PORCELNICO RECTF.;0338690021760;;SOLID;PIETRA DI GRE;PIEDRA;;POLIVALENTE;;BASE;;;NO;NO;;;;CLASE 0;;;GRUPO BIa;GL Esmaltado;;;NO;;1600-2400 N - 35-45 N/mm2;1;033.869.0558.14015;36x80;CATLOGO PAMESA;;;60;120;10,5;7200;60x120;ANTIC.GRE PIETRA DI;MULTI;https://www.pamesa.com/ERP/4.0/empresas/151/045/imagenes/t00010602/0338690021760.jpg
105;869;558;14015;1058690037966;SI;GRANILLA POLIMAT;60x120 ANTIC.GRE PIETRA DI MULTI;A;SI;SI;37.5000;SOL53;PAMESA;PAMESA;L/32/02;8429991867386;;8429991773199;M2;2;1.44;32;46.08;34.25;1,121.00;122.00;84.00;75.00;;10.50;25/09/2025;PAMESA;PAMESA;ANTIC GRES PORCELNICO RECTF.;1058690037966;;SOLID;PIETRA DI GRE;PIEDRA;;POLIVALENTE;;BASE;;;;;;;;;;;GRUPO BIa;GL Esmaltado;;;NO;;1600-2400 N - 35-45 N/mm2;1;105.869.0558.14015;30,3X61,3;;;;60;120;10,5;7200;60x120;ANTIC.GRE PIETRA DI;MULTI;https://www.pamesa.com/ERP/4.0/empresas/151/045/imagenes/t00010602/1058690037966.jpg
33;869;37;14015;0338690021762;SI;POLIMAT;60x120 ANTIC.GRE PIETRA DI PERLA;A;SI;SI;37.5000;SOL53;PAMESA;PAMESA;L/32/02;;;8429991773199;M2;2;1.44;32;46.08;34.25;1,121.00;122.00;84.00;75.00;;10.50;23/11/2023;PAMESA;PAMESA;ANTIC GRES PORCELNICO RECTF.;0338690021762;;SOLID;PIETRA DI GRE;PIEDRA;;POLIVALENTE;;BASE;;;NO;NO;;;;CLASE 0;;;GRUPO BIa;GL Esmaltado;;;NO;;1600-2400 N - 35-45 N/mm2;1;033.869.0037.14015;30X90PBCA;CATLOGO PAMESA;;;60;120;10,5;7200;60x120;ANTIC.GRE PIETRA DI;PERLA;https://www.pamesa.com/ERP/4.0/empresas/151/045/imagenes/t00010602/0338690021762.jpg
105;869;37;14015;1058690037964;SI;GRANILLA POLIMAT;60x120 ANTIC.GRE PIETRA DI PERLA;A;SI;SI;37.5000;SOL53;PAMESA;PAMESA;L/32/02;8429991867409;;8429991773199;M2;2;1.44;32;46.08;34.25;1,121.00;122.00;84.00;75.00;;10.50;25/09/2025;PAMESA;PAMESA;ANTIC GRES PORCELNICO RECTF.;1058690037964;;SOLID;PIETRA DI GRE;PIEDRA;;POLIVALENTE;;BASE;;;;;;;;;;;GRUPO BIa;GL Esmaltado;;;NO;;1600-2400 N - 35-45 N/mm2;1;105.869.0037.14015;20X120(T)C;;;;60;120;10,5;7200;60x120;ANTIC.GRE PIETRA DI;PERLA;https://www.pamesa.com/ERP/4.0/empresas/151/045/imagenes/t00010602/1058690037964.jpg
17;250;150;13993;0172500021678;SI;REC.GLASS;60x120(n) GRE PIETRA DI BIANCO;A;SI;SI;0.0000;SOL23;PAMESA;PAMESA;L/36/02 RF;8429991966706;;8429991773199;M2;2;1.44;36;51.84;28.62;1,055.32;122.00;84.00;73.50;;;25/09/2024;PAMESA;PAMESA;GRES PORCELNICO;0172500021678;;SOLID;PIETRA DI GRE;TERRAZO;;POLIVALENTE;BASE;BASE;MATE RECTIFICADO;VARIACION MODERADA;NO;NO;;;;CLASE 1;R9;;GRUPO BIa;GL Esmaltado;;;NO;;1600-2400 N - 35-45 N/mm2;1;017.250.0150.13993;160X160;CATLOGO PAMESA;;;60;120;9;7200;60x120;GRE PIETRA DI;BIANCO;https://www.pamesa.com/ERP/4.0/empresas/151/045/imagenes/t00010602/0172500021678.jpg
17;250;96;13993;0172500021670;SI;REC.GLASS;60x120(n) GRE PIETRA DI CREMA;A;SI;SI;0.0000;SOL23;PAMESA;PAMESA;L/36/02 RF;8429991966690;;8429991773199;M2;2;1.44;36;51.84;28.62;1,055.32;122.00;84.00;73.50;;;25/09/2024;PAMESA;PAMESA;GRES PORCELNICO;0172500021670;;SOLID;PIETRA DI GRE;TERRAZO;;POLIVALENTE;BASE;BASE;MATE RECTIFICADO;VARIACION MODERADA;NO;NO;;;;CLASE 1;R9;;GRUPO BIa;GL Esmaltado;;;NO;;1600-2400 N - 35-45 N/mm2;1;017.250.0096.13993;60x120(N)20MM;CATLOGO PAMESA;;;60;120;9;7200;60x120;GRE PIETRA DI;CREMA;https://www.pamesa.com/ERP/4.0/empresas/151/045/imagenes/t00010602/0172500021670.jpg
17;250;213;13993;0172500021676;SI;REC.GLASS;60x120(n) GRE PIETRA DI GRIGIO;A;SI;SI;0.0000;SOL23;PAMESA;PAMESA;L/36/02 RF;8429991966713;;8429991773199;M2;2;1.44;36;51.84;28.62;1,055.32;122.00;84.00;73.50;;;25/09/2024;PAMESA;PAMESA;GRES PORCELNICO;0172500021676;;SOLID;PIETRA DI GRE;TERRAZO;;POLIVALENTE;BASE;BASE;MATE RECTIFICADO;VARIACION MODERADA;NO;NO;;;;CLASE 1;R9;;GRUPO BIa;GL Esmaltado;;;NO;;1600-2400 N - 35-45 N/mm2;1;017.250.0213.13993;45X90C(N);CATLOGO PAMESA;;;60;120;9;7200;60x120;GRE PIETRA DI;GRIGIO;https://www.pamesa.com/ERP/4.0/empresas/151/045/imagenes/t00010602/0172500021676.jpg
17;250;558;13993;0172500021675;SI;REC.GLASS;60x120(n) GRE PIETRA DI MULTI;A;SI;SI;0.0000;SOL23;PAMESA;PAMESA;L/36/02 RF;8429991966720;;8429991773199;M2;2;1.44;36;51.84;28.62;1,055.32;122.00;84.00;73.50;;;25/09/2024;PAMESA;PAMESA;GRES PORCELNICO;0172500021675;;SOLID;PIETRA DI GRE;TERRAZO;;POLIVALENTE;BASE;BASE;MATE RECTIFICADO;VARIACION MODERADA;NO;NO;;;;CLASE 1;R9;;GRUPO BIa;GL Esmaltado;;;NO;;1600-2400 N - 35-45 N/mm2;1;017.250.0558.13993;45X45;CATLOGO PAMESA;;;60;120;9;7200;60x120;GRE PIETRA DI;MULTI;https://www.pamesa.com/ERP/4.0/empresas/151/045/imagenes/t00010602/0172500021675.jpg
17;250;37;13993;0172500021677;SI;REC.GLASS;60x120(n) GRE PIETRA DI PERLA;A;SI;SI;0.0000;SOL23;PAMESA;PAMESA;L/36/02 RF;8429991966683;;8429991773199;M2;2;1.44;36;51.84;28.62;1,055.32;122.00;84.00;73.50;;;25/09/2024;PAMESA;PAMESA;GRES PORCELNICO;0172500021677;;SOLID;PIETRA DI GRE;TERRAZO;;POLIVALENTE;BASE;BASE;MATE RECTIFICADO;VARIACION MODERADA;NO;NO;;;;CLASE 1;R9;;GRUPO BIa;GL Esmaltado;;;NO;;1600-2400 N - 35-45 N/mm2;1;017.250.0037.13993;30x30(7)Malla;CATLOGO PAMESA;;;60;120;9;7200;60x120;GRE PIETRA DI;PERLA;https://www.pamesa.com/ERP/4.0/empresas/151/045/imagenes/t00010602/0172500021677.jpg
17;840;150;13993;0178400021678;SI;REC.GLASS;60x60 GRE PIETRA DI BIANCO;A;SI;SI;20.2500;SOL12;PAMESA;PAMESA;F/30/04 9MM;8429991869045;;8429991773199;M2;4;1.44;30;43.20;29.75;912.50;120.00;80.00;73.50;;9.00;01/12/2023;PAMESA;PAMESA;GRES PORCELNICO;0178400021678;;SOLID;PIETRA DI GRE;TERRAZO;;POLIVALENTE;BASE;BASE;MATE RECTIFICADO;VARIACION MODERADA;NO;NO;NO;;;CLASE 1;R9;;GRUPO BIa;GL Esmaltado;;;NO;;1600-2400 N - 35-45 N/mm2;1;017.840.0150.13993;30x30(7)Malla;CATLOGO PAMESA;;;60;60;9;3600;60x60;GRE PIETRA DI;BIANCO;https://www.pamesa.com/ERP/4.0/empresas/151/045/imagenes/t00010602/0178400021678.jpg
17;840;96;13993;0178400021670;SI;REC.GLASS;60x60 GRE PIETRA DI CREMA;A;SI;SI;20.2500;SOL12;PAMESA;PAMESA;F/30/04 9MM;8429991868963;;8429991773199;M2;4;1.44;30;43.20;29.75;912.50;120.00;80.00;73.50;;9.00;01/12/2023;PAMESA;PAMESA;GRES PORCELNICO;0178400021670;;SOLID;PIETRA DI GRE;TERRAZO;;POLIVALENTE;BASE;BASE;MATE RECTIFICADO;VARIACION MODERADA;NO;NO;NO;;;CLASE 1;R9;;GRUPO BIa;GL Esmaltado;;;NO;;1600-2400 N - 35-45 N/mm2;1;017.840.0096.13993;60X120(n);CATLOGO PAMESA;;;60;60;9;3600;60x60;GRE PIETRA DI;CREMA;https://www.pamesa.com/ERP/4.0/empresas/151/045/imagenes/t00010602/0178400021670.jpg
17;840;213;13993;0178400021676;SI;REC.GLASS;60x60 GRE PIETRA DI GRIGIO;A;SI;SI;20.2500;SOL12;PAMESA;PAMESA;F/30/04 9MM;8429991869014;;8429991773199;M2;4;1.44;30;43.20;29.75;912.50;120.00;80.00;73.50;;9.00;01/12/2023;PAMESA;PAMESA;GRES PORCELNICO;0178400021676;;SOLID;PIETRA DI GRE;TERRAZO;;POLIVALENTE;BASE;BASE;MATE RECTIFICADO;VARIACION MODERADA;NO;NO;NO;;;CLASE 1;R9;;GRUPO BIa;GL Esmaltado;;;NO;;1600-2400 N - 35-45 N/mm2;1;017.840.0213.13993;60x60;CATLOGO PAMESA;;;60;60;9;3600;60x60;GRE PIETRA DI;GRIGIO;https://www.pamesa.com/ERP/4.0/empresas/151/045/imagenes/t00010602/0178400021676.jpg
17;840;558;13993;0178400021675;SI;REC.GLASS;60x60 GRE PIETRA DI MULTI;A;SI;SI;20.2500;SOL12;PAMESA;PAMESA;F/30/04 9MM;8429991868994;;8429991773199;M2;4;1.44;30;43.20;29.75;912.50;120.00;80.00;73.50;;9.00;01/12/2023;PAMESA;PAMESA;GRES PORCELNICO;0178400021675;;SOLID;PIETRA DI GRE;TERRAZO;;POLIVALENTE;BASE;BASE;MATE RECTIFICADO;VARIACION MODERADA;NO;NO;NO;;;CLASE 1;R9;;GRUPO BIa;GL Esmaltado;;;NO;;1600-2400 N - 35-45 N/mm2;1;017.840.0558.13993;30X30 (5)MALLA;CATLOGO PAMESA;;;60;60;9;3600;60x60;GRE PIETRA DI;MULTI;https://www.pamesa.com/ERP/4.0/empresas/151/045/imagenes/t00010602/0178400021675.jpg
17;840;37;13993;0178400021677;SI;REC.GLASS;60x60 GRE PIETRA DI PERLA;A;SI;SI;20.2500;SOL12;PAMESA;PAMESA;F/30/04 9MM;8429991869038;;8429991773199;M2;4;1.44;30;43.20;29.75;912.50;120.00;80.00;73.50;;9.00;01/12/2023;PAMESA;PAMESA;GRES PORCELNICO;0178400021677;;SOLID;PIETRA DI GRE;TERRAZO;;POLIVALENTE;BASE;BASE;MATE RECTIFICADO;VARIACION MODERADA;NO;NO;NO;;;CLASE 1;R9;;GRUPO BIa;GL Esmaltado;;;NO;;1600-2400 N - 35-45 N/mm2;1;017.840.0037.13993;30,3X61,3;CATLOGO PAMESA;;;60;60;9;3600;60x60;GRE PIETRA DI;PERLA;https://www.pamesa.com/ERP/4.0/empresas/151/045/imagenes/t00010602/0178400021677.jpg
17;250;656;12206;0172500029480;SI;REC.GLASS;60x120(n) EXT.LAVAGNA PIETRA DI ARGENTO;A;SI;SI;0.0000;SOL26;PAM-ADZ.PAMESA;PAMESA;L/36/02 RF;8429991142490;;8429991773199;M2;2;1.44;36;51.84;28.62;1,055.32;122.00;84.00;73.50;;;13/05/2025;PAMESA;PAMESA;GRES PORCELNICO;0172500029480;;SOLID;PIETRA DI LAVAGNA;PIEDRA;;ANTIDESLIZANTE;BASE;BASE;MATE RECTIFICADO;VARIACION MODERADA;;NO;;;;CLASE 3;R11;C;GRUPO BIa;GL Esmaltado;;36 Low;NO;;1600-2400 N - 35-45 N/mm2;1;017.250.0656.12206;30x30(7)Malla;CATLOGO PAMESA;;;60;120;9;7200;60x120;EXT.LAVAGNA PIETRA DI;ARGENTO;https://www.pamesa.com/ERP/4.0/empresas/151/045/imagenes/t00010602/0172500029480.jpg
17;869;656;12206;0178690016474;SI;REC.GLASS;60x120 EXT.LAVAGNA PIETRA DI ARGENTO;A;SI;SI;29.0000;SOL26;PAM-ADZ.PAMESA;PAMESA;L/32/02;8429991789824;;8429991773199;M2;2;1.44;32;46.08;34.25;1,121.00;122.00;84.00;75.00;;10.50;13/12/2022;PAMESA;PAMESA;GRES PORCELNICO;0178690016474;;SOLID;PIETRA DI LAVAGNA;PIEDRA;;ANTIDESLIZANTE;;BASE;MATE RECTIFICADO;;NO;NO;;;;CLASE 3;R11;C;GRUPO BIa;GL Esmaltado;;36 Low;NO;0.42;1600-2400 N - 35-45 N/mm2;1;017.869.0656.12206;60x60;CATLOGO PAMESA;;;60;120;10,5;7200;60x120;EXT.LAVAGNA PIETRA DI;ARGENTO;https://www.pamesa.com/ERP/4.0/empresas/151/045/imagenes/t00010602/0178690016474.jpg
17;250;213;12206;0172500029482;SI;REC.GLASS;60x120(n) EXT.LAVAGNA PIETRA DI GRIGIO;A;SI;SI;0.0000;SOL26;PAM-ADZ.PAMESA;PAMESA;L/36/02 RF;8429991142513;;8429991773199;M2;2;1.44;36;51.84;28.62;1,055.32;122.00;84.00;73.50;;;13/05/2025;PAMESA;PAMESA;GRES PORCELNICO;0172500029482;;SOLID;PIETRA DI LAVAGNA;PIEDRA;;ANTIDESLIZANTE;BASE;BASE;MATE RECTIFICADO;VARIACION MODERADA;;NO;;;;CLASE 3;R11;C;GRUPO BIa;GL Esmaltado;;36 Low;NO;;1600-2400 N - 35-45 N/mm2;1;017.250.0213.12206;45X90C(N);CATLOGO PAMESA;;;60;120;9;7200;60x120;EXT.LAVAGNA PIETRA DI;GRIGIO;https://www.pamesa.com/ERP/4.0/empresas/151/045/imagenes/t00010602/0172500029482.jpg
17;869;213;12206;0178690016473;SI;REC.GLASS;60x120 EXT.LAVAGNA PIETRA DI GRIGIO;A;SI;SI;29.0000;SOL26;PAM-ADZ.PAMESA;PAMESA;L/32/02;8429991789800;;8429991773199;M2;2;1.44;32;46.08;34.25;1,121.00;122.00;84.00;75.00;;10.50;13/12/2022;PAMESA;PAMESA;GRES PORCELNICO;0178690016473;;SOLID;PIETRA DI LAVAGNA;PIEDRA;;ANTIDESLIZANTE;;BASE;MATE RECTIFICADO;;NO;NO;;;;CLASE 3;R11;C;GRUPO BIa;GL Esmaltado;;36 Low;NO;0.42;1600-2400 N - 35-45 N/mm2;1;017.869.0213.12206;30X30 (5)MALLA;CATLOGO PAMESA;;;60;120;10,5;7200;60x120;EXT.LAVAGNA PIETRA DI;GRIGIO;https://www.pamesa.com/ERP/4.0/empresas/151/045/imagenes/t00010602/0178690016473.jpg
17;250;37;12206;0172500029483;SI;REC.GLASS;60x120(n) EXT.LAVAGNA PIETRA DI PERLA;A;SI;SI;0.0000;SOL26;PAM-ADZ.PAMESA;PAMESA;L/36/02 RF;8429991142520;;8429991773199;M2;2;1.44;36;51.84;28.62;1,055.32;122.00;84.00;73.50;;;13/05/2025;PAMESA;PAMESA;GRES PORCELNICO;0172500029483;;SOLID;PIETRA DI LAVAGNA;PIEDRA;;ANTIDESLIZANTE;BASE;BASE;MATE RECTIFICADO;VARIACION MODERADA;;NO;;;;CLASE 3;R11;C;GRUPO BIa;GL Esmaltado;;36 Low;NO;;1600-2400 N - 35-45 N/mm2;1;017.250.0037.12206;30x60 (C);CATLOGO PAMESA;;;60;120;9;7200;60x120;EXT.LAVAGNA PIETRA DI;PERLA;https://www.pamesa.com/ERP/4.0/empresas/151/045/imagenes/t00010602/0172500029483.jpg
17;869;37;12206;0178690016475;SI;REC.GLASS;60x120 EXT.LAVAGNA PIETRA DI PERLA;A;SI;SI;29.0000;SOL26;PAM-ADZ.PAMESA;PAMESA;L/32/02;8429991789794;;8429991773199;M2;2;1.44;32;46.08;34.25;1,121.00;122.00;84.00;75.00;;10.50;13/12/2022;PAMESA;PAMESA;GRES PORCELNICO;0178690016475;;SOLID;PIETRA DI LAVAGNA;PIEDRA;;ANTIDESLIZANTE;;BASE;MATE RECTIFICADO;;NO;NO;;;;CLASE 3;R11;C;GRUPO BIa;GL Esmaltado;;36 Low;NO;0.42;1600-2400 N - 35-45 N/mm2;1;017.869.0037.12206;100X100;CATLOGO PAMESA;;;60;120;10,5;7200;60x120;EXT.LAVAGNA PIETRA DI;PERLA;https://www.pamesa.com/ERP/4.0/empresas/151/045/imagenes/t00010602/0178690016475.jpg
17;250;598;12206;0172500029481;SI;REC.GLASS;60x120(n) EXT.LAVAGNA PIETRA DI SABBIA;A;SI;SI;0.0000;SOL26;PAM-ADZ.PAMESA;PAMESA;L/36/02 RF;8429991142506;;8429991773199;M2;2;1.44;36;51.84;28.62;1,055.32;122.00;84.00;73.50;;;13/05/2025;PAMESA;PAMESA;GRES PORCELNICO;0172500029481;;SOLID;PIETRA DI LAVAGNA;PIEDRA;;ANTIDESLIZANTE;BASE;BASE;MATE RECTIFICADO;VARIACION MODERADA;;NO;;;;CLASE 3;R11;C;GRUPO BIa;GL Esmaltado;;36 Low;NO;;1600-2400 N - 35-45 N/mm2;1;017.250.0598.12206;30x30(7)Malla;CATLOGO PAMESA;;;60;120;9;7200;60x120;EXT.LAVAGNA PIETRA DI;SABBIA;https://www.pamesa.com/ERP/4.0/empresas/151/045/imagenes/t00010602/0172500029481.jpg
17;869;598;12206;0178690016476;SI;REC.GLASS;60x120 EXT.LAVAGNA PIETRA DI SABBIA;A;SI;SI;29.0000;SOL26;PAM-ADZ.PAMESA;PAMESA;L/32/02;8429991789817;;8429991773199;M2;2;1.44;32;46.08;34.25;1,121.00;122.00;84.00;75.00;;10.50;13/12/2022;PAMESA;PAMESA;GRES PORCELNICO;0178690016476;;SOLID;PIETRA DI LAVAGNA;PIEDRA;;ANTIDESLIZANTE;;BASE;MATE RECTIFICADO;;NO;NO;;;;CLASE 3;R11;C;GRUPO BIa;GL Esmaltado;;36 Low;NO;0.42;1600-2400 N - 35-45 N/mm2;1;017.869.0598.12206;60X120(n);CATLOGO PAMESA;;;60;120;10,5;7200;60x120;EXT.LAVAGNA PIETRA DI;SABBIA;https://www.pamesa.com/ERP/4.0/empresas/151/045/imagenes/t00010602/0178690016476.jpg
17;250;656;12204;0172500029479;SI;REC.GLASS;60x120(n) LAVAGNA PIETRA DI ARGENTO;A;SI;SI;0.0000;SOL25;PAMESA;PAMESA;L/36/02 RF;8429991142483;;8429991773199;M2;2;1.44;36;51.84;28.62;1,055.32;122.00;84.00;73.50;;;13/05/2025;PAMESA;PAMESA;GRES PORCELNICO;0172500029479;;SOLID;PIETRA DI LAVAGNA;PIEDRA;;POLIVALENTE;BASE;BASE;MATE RECTIFICADO;VARIACION MODERADA;;SI;;;;CLASE 1;R9;;GRUPO BIa;GL Esmaltado;;;NO;;1600-2400 N - 35-45 N/mm2;1;017.250.0656.12204;30x30(7)Malla;CATLOGO PAMESA;;;60;120;9;7200;60x120;LAVAGNA PIETRA DI;ARGENTO;https://www.pamesa.com/ERP/4.0/empresas/151/045/imagenes/t00010602/0172500029479.jpg
17;869;656;12204;0178690016470;SI;REC.GLASS;60x120 LAVAGNA PIETRA DI ARGENTO;A;SI;SI;29.0000;SOL25;PAMESA;PAMESA;L/32/02;8429991789992;;8429991773199;M2;2;1.44;32;46.08;34.25;1,121.00;122.00;84.00;75.00;;10.50;13/12/2022;PAMESA;PAMESA;GRES PORCELNICO;0178690016470;;SOLID;PIETRA DI LAVAGNA;PIEDRA;;POLIVALENTE;BASE;BASE;MATE RECTIFICADO;VARIACION MODERADA;NO;SI;;;;CLASE 1;R9;;GRUPO BIa;GL Esmaltado;;;NO;;1600-2400 N - 35-45 N/mm2;1;017.869.0656.12204;60x60;CATLOGO PAMESA;;;60;120;10,5;7200;60x120;LAVAGNA PIETRA DI;ARGENTO;https://www.pamesa.com/ERP/4.0/empresas/151/045/imagenes/t00010602/0178690016470.jpg
17;250;213;12204;0172500029477;SI;REC.GLASS;60x120(n) LAVAGNA PIETRA DI GRIGIO;A;SI;SI;0.0000;SOL25;PAMESA;PAMESA;L/36/02 RF;8429991142469;;8429991773199;M2;2;1.44;36;51.84;28.62;1,055.32;122.00;84.00;73.50;;;13/05/2025;PAMESA;PAMESA;GRES PORCELNICO;0172500029477;;SOLID;PIETRA DI LAVAGNA;PIEDRA;;POLIVALENTE;BASE;BASE;MATE RECTIFICADO;VARIACION MODERADA;;SI;;;;CLASE 1;R9;;GRUPO BIa;GL Esmaltado;;;NO;;1600-2400 N - 35-45 N/mm2;1;017.250.0213.12204;45X90C(N);CATLOGO PAMESA;;;60;120;9;7200;60x120;LAVAGNA PIETRA DI;GRIGIO;https://www.pamesa.com/ERP/4.0/empresas/151/045/imagenes/t00010602/0172500029477.jpg
17;869;213;12204;0178690016469;SI;REC.GLASS;60x120 LAVAGNA PIETRA DI GRIGIO;A;SI;SI;29.0000;SOL25;PAMESA;PAMESA;L/32/02;8429991789961;;8429991773199;M2;2;1.44;32;46.08;34.25;1,121.00;122.00;84.00;75.00;;10.50;13/12/2022;PAMESA;PAMESA;GRES PORCELNICO;0178690016469;;SOLID;PIETRA DI LAVAGNA;PIEDRA;;POLIVALENTE;BASE;BASE;MATE RECTIFICADO;VARIACION MODERADA;NO;SI;;;;CLASE 1;R9;;GRUPO BIa;GL Esmaltado;;;NO;;1600-2400 N - 35-45 N/mm2;1;017.869.0213.12204;60X120 RF;CATLOGO PAMESA;;;60;120;10,5;7200;60x120;LAVAGNA PIETRA DI;GRIGIO;https://www.pamesa.com/ERP/4.0/empresas/151/045/imagenes/t00010602/0178690016469.jpg
17;250;37;12204;0172500029476;SI;REC.GLASS;60x120(n) LAVAGNA PIETRA DI PERLA;A;SI;SI;0.0000;SOL25;PAMESA;PAMESA;L/36/02 RF;8429991142452;;8429991773199;M2;2;1.44;36;51.84;28.62;1,055.32;122.00;84.00;73.50;;;13/05/2025;PAMESA;PAMESA;GRES PORCELNICO;0172500029476;;SOLID;PIETRA DI LAVAGNA;PIEDRA;;POLIVALENTE;BASE;BASE;MATE RECTIFICADO;VARIACION MODERADA;;SI;;;;CLASE 1;R9;;GRUPO BIa;GL Esmaltado;;;NO;;1600-2400 N - 35-45 N/mm2;1;017.250.0037.12204;30x60 (C);CATLOGO PAMESA;;;60;120;9;7200;60x120;LAVAGNA PIETRA DI;PERLA;https://www.pamesa.com/ERP/4.0/empresas/151/045/imagenes/t00010602/0172500029476.jpg
17;869;37;12204;0178690016471;SI;REC.GLASS;60x120 LAVAGNA PIETRA DI PERLA;A;SI;SI;29.0000;SOL25;PAMESA;PAMESA;L/32/02;8429991789954;;8429991773199;M2;2;1.44;32;46.08;34.25;1,121.00;122.00;84.00;75.00;;10.50;13/12/2022;PAMESA;PAMESA;GRES PORCELNICO;0178690016471;;SOLID;PIETRA DI LAVAGNA;PIEDRA;;POLIVALENTE;BASE;BASE;MATE RECTIFICADO;VARIACION MODERADA;NO;SI;;;;CLASE 1;R9;;GRUPO BIa;GL Esmaltado;;;NO;;1600-2400 N - 35-45 N/mm2;1;017.869.0037.12204;100x100(N)20MM;CATLOGO PAMESA;;;60;120;10,5;7200;60x120;LAVAGNA PIETRA DI;PERLA;https://www.pamesa.com/ERP/4.0/empresas/151/045/imagenes/t00010602/0178690016471.jpg
17;250;598;12204;0172500029478;SI;REC.GLASS;60x120(n) LAVAGNA PIETRA DI SABBIA;A;SI;SI;0.0000;SOL25;PAMESA;PAMESA;L/36/02 RF;8429991142476;;8429991773199;M2;2;1.44;36;51.84;28.62;1,055.32;122.00;84.00;73.50;;;13/05/2025;PAMESA;PAMESA;GRES PORCELNICO;0172500029478;;SOLID;PIETRA DI LAVAGNA;PIEDRA;;POLIVALENTE;BASE;BASE;MATE RECTIFICADO;VARIACION MODERADA;;SI;;;;CLASE 1;R9;;GRUPO BIa;GL Esmaltado;;;NO;;1600-2400 N - 35-45 N/mm2;1;017.250.0598.12204;30x30(7)Malla;CATLOGO PAMESA;;;60;120;9;7200;60x120;LAVAGNA PIETRA DI;SABBIA;https://www.pamesa.com/ERP/4.0/empresas/151/045/imagenes/t00010602/0172500029478.jpg
17;869;598;12204;0178690016472;SI;REC.GLASS;60x120 LAVAGNA PIETRA DI SABBIA;A;SI;SI;29.0000;SOL25;PAMESA;PAMESA;L/32/02;8429991789978;;8429991773199;M2;2;1.44;32;46.08;34.25;1,121.00;122.00;84.00;75.00;;10.50;13/12/2022;PAMESA;PAMESA;GRES PORCELNICO;0178690016472;;SOLID;PIETRA DI LAVAGNA;PIEDRA;;POLIVALENTE;BASE;BASE;MATE RECTIFICADO;VARIACION MODERADA;NO;SI;;;;CLASE 1;R9;;GRUPO BIa;GL Esmaltado;;;NO;;1600-2400 N - 35-45 N/mm2;1;017.869.0598.12204;60X120(n);CATLOGO PAMESA;;;60;120;10,5;7200;60x120;LAVAGNA PIETRA DI;SABBIA;https://www.pamesa.com/ERP/4.0/empresas/151/045/imagenes/t00010602/0178690016472.jpg
17;840;656;12206;0178400016474;SI;REC.GLASS;60x60 EXT.LAVAGNA PIETRA DI ARGENTO;A;SI;SI;20.2500;SOL13;PAM-ADZ.PAMESA;PAMESA;F/30/04 9MM;8429991789787;;8429991773199;M2;4;1.44;30;43.20;29.75;912.50;120.00;80.00;73.50;;9.00;13/12/2022;PAMESA;PAMESA;GRES PORCELNICO;0178400016474;;SOLID;PIETRA DI LAVAGNA;PIEDRA;;ANTIDESLIZANTE;;BASE;MATE RECTIFICADO;;NO;NO;;;;CLASE 3;R11;C;GRUPO BIa;GL Esmaltado;;36 Low;NO;0.42;1600-2400 N - 35-45 N/mm2;1;017.840.0656.12206;90X90(N);CATLOGO PAMESA;;;60;60;9;3600;60x60;EXT.LAVAGNA PIETRA DI;ARGENTO;https://www.pamesa.com/ERP/4.0/empresas/151/045/imagenes/t00010602/0178400016474.jpg
17;840;213;12206;0178400016473;SI;REC.GLASS;60x60 EXT.LAVAGNA PIETRA DI GRIGIO;A;SI;SI;20.2500;SOL13;PAM-ADZ.PAMESA;PAMESA;F/30/04 9MM;8429991789763;;8429991773199;M2;4;1.44;30;43.20;29.75;912.50;120.00;80.00;73.50;;9.00;13/12/2022;PAMESA;PAMESA;GRES PORCELNICO;0178400016473;;SOLID;PIETRA DI LAVAGNA;PIEDRA;;ANTIDESLIZANTE;;BASE;MATE RECTIFICADO;;NO;NO;;;;CLASE 3;R11;C;GRUPO BIa;GL Esmaltado;;36 Low;NO;0.42;1600-2400 N - 35-45 N/mm2;1;017.840.0213.12206;60x60;CATLOGO PAMESA;;;60;60;9;3600;60x60;EXT.LAVAGNA PIETRA DI;GRIGIO;https://www.pamesa.com/ERP/4.0/empresas/151/045/imagenes/t00010602/0178400016473.jpg
17;840;37;12206;0178400016475;SI;REC.GLASS;60x60 EXT.LAVAGNA PIETRA DI PERLA;A;SI;SI;20.2500;SOL13;PAM-ADZ.PAMESA;PAMESA;F/30/04 9MM;8429991789862;;8429991773199;M2;4;1.44;30;43.20;29.75;912.50;120.00;80.00;73.50;;9.00;13/12/2022;PAMESA;PAMESA;GRES PORCELNICO;0178400016475;;SOLID;PIETRA DI LAVAGNA;PIEDRA;;ANTIDESLIZANTE;;BASE;MATE RECTIFICADO;;NO;NO;;;;CLASE 3;R11;C;GRUPO BIa;GL Esmaltado;;36 Low;NO;0.42;1600-2400 N - 35-45 N/mm2;1;017.840.0037.12206;60X90(N)20MM;CATLOGO PAMESA;;;60;60;9;3600;60x60;EXT.LAVAGNA PIETRA DI;PERLA;https://www.pamesa.com/ERP/4.0/empresas/151/045/imagenes/t00010602/0178400016475.jpg
17;840;598;12206;0178400016476;SI;REC.GLASS;60x60 EXT.LAVAGNA PIETRA DI SABBIA;A;SI;SI;20.2500;SOL13;PAM-ADZ.PAMESA;PAMESA;F/30/04 9MM;8429991789770;;8429991773199;M2;4;1.44;30;43.20;29.75;912.50;120.00;80.00;73.50;;9.00;13/12/2022;PAMESA;PAMESA;GRES PORCELNICO;0178400016476;;SOLID;PIETRA DI LAVAGNA;PIEDRA;;ANTIDESLIZANTE;;BASE;MATE RECTIFICADO;;NO;NO;;;;CLASE 3;R11;C;GRUPO BIa;GL Esmaltado;;36 Low;NO;0.42;1600-2400 N - 35-45 N/mm2;1;017.840.0598.12206;100X100;CATLOGO PAMESA;;;60;60;9;3600;60x60;EXT.LAVAGNA PIETRA DI;SABBIA;https://www.pamesa.com/ERP/4.0/empresas/151/045/imagenes/t00010602/0178400016476.jpg
17;840;656;12204;0178400016470;SI;REC.GLASS;60x60 LAVAGNA PIETRA DI ARGENTO;A;SI;SI;20.2500;SOL12;PAMESA;PAMESA;F/30/04 9MM;8429991789947;;8429991773199;M2;4;1.44;30;43.20;29.75;912.50;120.00;80.00;73.50;;9.00;13/12/2022;PAMESA;PAMESA;GRES PORCELNICO;0178400016470;;SOLID;PIETRA DI LAVAGNA;PIEDRA;;POLIVALENTE;BASE;BASE;MATE RECTIFICADO;VARIACION MODERADA;NO;SI;;;;CLASE 1;R9;;GRUPO BIa;GL Esmaltado;;;NO;;1600-2400 N - 35-45 N/mm2;1;017.840.0656.12204;100x100(N)20MM;CATLOGO PAMESA;;;60;60;9;3600;60x60;LAVAGNA PIETRA DI;ARGENTO;https://www.pamesa.com/ERP/4.0/empresas/151/045/imagenes/t00010602/0178400016470.jpg
17;840;213;12204;0178400016469;SI;REC.GLASS;60x60 LAVAGNA PIETRA DI GRIGIO;A;SI;SI;20.2500;SOL12;PAMESA;PAMESA;F/30/04 9MM;8429991789923;;8429991773199;M2;4;1.44;30;43.20;29.75;912.50;120.00;80.00;73.50;;9.00;13/12/2022;PAMESA;PAMESA;GRES PORCELNICO;0178400016469;;SOLID;PIETRA DI LAVAGNA;PIEDRA;;POLIVALENTE;BASE;BASE;MATE RECTIFICADO;VARIACION MODERADA;NO;SI;;;;CLASE 1;R9;;GRUPO BIa;GL Esmaltado;;;NO;;1600-2400 N - 35-45 N/mm2;1;017.840.0213.12204;60x60;CATLOGO PAMESA;;;60;60;9;3600;60x60;LAVAGNA PIETRA DI;GRIGIO;https://www.pamesa.com/ERP/4.0/empresas/151/045/imagenes/t00010602/0178400016469.jpg
17;840;37;12204;0178400016471;SI;REC.GLASS;60x60 LAVAGNA PIETRA DI PERLA;A;SI;SI;20.2500;SOL12;PAMESA;PAMESA;F/30/04 9MM;8429991789916;;8429991773199;M2;4;1.44;30;43.20;29.75;912.50;120.00;80.00;73.50;;9.00;13/12/2022;PAMESA;PAMESA;GRES PORCELNICO;0178400016471;;SOLID;PIETRA DI LAVAGNA;PIEDRA;;POLIVALENTE;BASE;BASE;MATE RECTIFICADO;VARIACION MODERADA;NO;SI;;;;CLASE 1;R9;;GRUPO BIa;GL Esmaltado;;;NO;;1600-2400 N - 35-45 N/mm2;1;017.840.0037.12204;60X90(N)20MM;CATLOGO PAMESA;;;60;60;9;3600;60x60;LAVAGNA PIETRA DI;PERLA;https://www.pamesa.com/ERP/4.0/empresas/151/045/imagenes/t00010602/0178400016471.jpg
17;840;598;12204;0178400016472;SI;REC.GLASS;60x60 LAVAGNA PIETRA DI SABBIA;A;SI;SI;20.2500;SOL12;PAMESA;PAMESA;F/30/04 9MM;8429991789930;;8429991773199;M2;4;1.44;30;43.20;29.75;912.50;120.00;80.00;73.50;;9.00;13/12/2022;PAMESA;PAMESA;GRES PORCELNICO;0178400016472;;SOLID;PIETRA DI LAVAGNA;PIEDRA;;POLIVALENTE;BASE;BASE;MATE RECTIFICADO;VARIACION MODERADA;NO;SI;;;;CLASE 1;R9;;GRUPO BIa;GL Esmaltado;;;NO;;1600-2400 N - 35-45 N/mm2;1;017.840.0598.12204;120X120;CATLOGO PAMESA;;;60;60;9;3600;60x60;LAVAGNA PIETRA DI;SABBIA;https://www.pamesa.com/ERP/4.0/empresas/151/045/imagenes/t00010602/0178400016472.jpg
25;281;656;12204;0252810016470;SI;PZ.ESP COM-GLAS;30x30 (5)Malla LAVAGNA PIETRA DI ARGENTO;A;SI;SI;70.2500;MOS5;PAMESA;PAMESA;E/42/11;8429991787981;;;M2;11;1.00;42;42.00;23.00;986.00;120.00;80.00;;;;30/11/2022;PAMESA;PAMESA;GRES PORCELNICO;0252810016470;;SOLID;PIETRA DI LAVAGNA;PIEDRA;;POLIVALENTE;MALLA;;MATE RECTIFICADO;VARIACION MODERADA;NO;SI;;;;CLASE 1;;;GRUPO BIa;GL Esmaltado;;;NO;;;1;025.281.0656.12204;30,3X61,3;CATLOGO PAMESA;;;30;30;0;900;30x30;LAVAGNA PIETRA DI;ARGENTO;https://www.pamesa.com/ERP/4.0/empresas/151/045/imagenes/t00010602/0252810016470.jpg
25;281;213;12204;0252810016469;SI;PZ.ESP COM-GLAS;30x30 (5)Malla LAVAGNA PIETRA DI GRIGIO;A;SI;SI;70.2500;MOS5;PAMESA;PAMESA;E/42/11;8429991787967;;;M2;11;1.00;42;42.00;23.00;986.00;120.00;80.00;;;;30/11/2022;PAMESA;PAMESA;GRES PORCELNICO;0252810016469;;SOLID;PIETRA DI LAVAGNA;PIEDRA;;POLIVALENTE;MALLA;;MATE RECTIFICADO;VARIACION MODERADA;NO;SI;;;;CLASE 1;;;GRUPO BIa;GL Esmaltado;;;NO;;;1;025.281.0213.12204;45X45;CATLOGO PAMESA;;;30;30;0;900;30x30;LAVAGNA PIETRA DI;GRIGIO;https://www.pamesa.com/ERP/4.0/empresas/151/045/imagenes/t00010602/0252810016469.jpg
25;281;37;12204;0252810016471;SI;PZ.ESP COM-GLAS;30x30 (5)Malla LAVAGNA PIETRA DI PERLA;A;SI;SI;70.2500;MOS5;PAMESA;PAMESA;E/42/11;8429991787950;;;M2;11;1.00;42;42.00;23.00;986.00;120.00;80.00;;;;30/11/2022;PAMESA;PAMESA;GRES PORCELNICO;0252810016471;;SOLID;PIETRA DI LAVAGNA;PIEDRA;;POLIVALENTE;MALLA;;MATE RECTIFICADO;VARIACION MODERADA;NO;SI;;;;CLASE 1;;;GRUPO BIa;GL Esmaltado;;;NO;;;1;025.281.0037.12204;60x60;CATLOGO PAMESA;;;30;30;0;900;30x30;LAVAGNA PIETRA DI;PERLA;https://www.pamesa.com/ERP/4.0/empresas/151/045/imagenes/t00010602/0252810016471.jpg
25;281;598;12204;0252810016472;SI;PZ.ESP COM-GLAS;30x30 (5)Malla LAVAGNA PIETRA DI SABBIA;A;SI;SI;70.2500;MOS5;PAMESA;PAMESA;E/42/11;8429991787974;;;M2;11;1.00;42;42.00;23.00;986.00;120.00;80.00;;;;30/11/2022;PAMESA;PAMESA;GRES PORCELNICO;0252810016472;;SOLID;PIETRA DI LAVAGNA;PIEDRA;;POLIVALENTE;MALLA;;MATE RECTIFICADO;VARIACION MODERADA;NO;SI;;;;CLASE 1;;;GRUPO BIa;GL Esmaltado;;;NO;;;1;025.281.0598.12204;45X45;CATLOGO PAMESA;;;30;30;0;900;30x30;LAVAGNA PIETRA DI;SABBIA;https://www.pamesa.com/ERP/4.0/empresas/151/045/imagenes/t00010602/0252810016472.jpg
17;120;164;13454;0171200019894;SI;REC.GLASS;120x120 RAPOLANO PIETRA DI IVORY;A;SI;SI;42.2500;SOL35;PAMESA;PAMESA;23/36/01;8429991823269;;8429991773199;M2;1;1.44;36;51.84;34.36;1,276.96;126.00;126.00;71.00;;;12/05/2023;PAMESA;PAMESA;GRES PORCELNICO;0171200019894;;SOLID;PIETRA DI RAPOLANO;PIEDRA;;POLIVALENTE;BASE;BASE;MATE RECTIFICADO;VARIACION LEVE;;NO;NO;;;CLASE 1;R9;;GRUPO BIa;GL Esmaltado;;;NO;;1600-2400 N - 35-45 N/mm2;1;017.120.0164.13454;45X45;CATLOGO PAMESA;;;120;120;10,2;14400;120x120;RAPOLANO PIETRA DI;IVORY;https://www.pamesa.com/ERP/4.0/empresas/151/045/imagenes/t00010602/0171200019894.jpg
17;120;119;13454;0171200019893;SI;REC.GLASS;120x120 RAPOLANO PIETRA DI SAND;A;SI;SI;42.2500;SOL35;PAMESA;PAMESA;23/36/01;8429991823245;;8429991773199;M2;1;1.44;36;51.84;34.36;1,276.96;126.00;126.00;71.00;;;12/05/2023;PAMESA;PAMESA;GRES PORCELNICO;0171200019893;;SOLID;PIETRA DI RAPOLANO;PIEDRA;;POLIVALENTE;BASE;BASE;MATE RECTIFICADO;VARIACION LEVE;;NO;NO;;;CLASE 1;R9;;GRUPO BIa;GL Esmaltado;;;NO;;1600-2400 N - 35-45 N/mm2;1;017.120.0119.13454;33,3x55;CATLOGO PAMESA;;;120;120;10,2;14400;120x120;RAPOLANO PIETRA DI;SAND;https://www.pamesa.com/ERP/4.0/empresas/151/045/imagenes/t00010602/0171200019893.jpg
17;10;164;13454;0170100037452;SI;REC.GLASS;100x100 RAPOLANO PIETRA DI IVORY;A;SI;SI;0.0000;SOL54;PAMESA;PAMESA;27/27/02;8429991177256;;8429991773199;M2;2;2.00;27;54.00;41.15;1,133.05;107.00;107.00;77.00;;;19/09/2025;PAMESA;PAMESA;GRES PORCELNICO;0170100037452;;SOLID;PIETRA DI RAPOLANO;PIEDRA;;POLIVALENTE;BASE;BASE;MATE RECTIFICADO;VARIACION LEVE;;NO;;;;CLASE 1;R9;;GRUPO BIa;GL Esmaltado;;;NO;;1600-2400 N - 35-45 N/mm2;1;017.010.0164.13454;30x30(7)Malla;CATLOGO PAMESA;;;100;100;9;10000;100x100;RAPOLANO PIETRA DI;IVORY;https://www.pamesa.com/ERP/4.0/empresas/151/045/imagenes/t00010602/0170100037452.jpg
17;10;119;13454;0170100037451;SI;REC.GLASS;100x100 RAPOLANO PIETRA DI SAND;A;SI;SI;0.0000;SOL54;PAMESA;PAMESA;27/27/02;8429991177249;;8429991773199;M2;2;2.00;27;54.00;41.15;1,133.05;107.00;107.00;77.00;;;19/09/2025;PAMESA;PAMESA;GRES PORCELNICO;0170100037451;;SOLID;PIETRA DI RAPOLANO;PIEDRA;;POLIVALENTE;BASE;BASE;MATE RECTIFICADO;VARIACION LEVE;;NO;;;;CLASE 1;R9;;GRUPO BIa;GL Esmaltado;;;NO;;1600-2400 N - 35-45 N/mm2;1;017.010.0119.13454;30x60 (C);CATLOGO PAMESA;;;100;100;9;10000;100x100;RAPOLANO PIETRA DI;SAND;https://www.pamesa.com/ERP/4.0/empresas/151/045/imagenes/t00010602/0170100037451.jpg
17;769;119;13454;0177690041867;SI;REC.GLASS;100x100(N)20MM RAPOLANO PIETRA DI SAND;A;SI;SI;16.5000;2CM07;PAMESA.C.P;PAMESA;27/28/01 S/C;8429991193904;;;M2;1;1.00;28;28.00;42.86;1,222.08;107.00;107.00;;;20.00;11/11/2025;PAMESA;PAMESA;GRES PORCELNICO;0177690041867;;SOLID;PIETRA DI RAPOLANO;PIEDRA;;PAVIMENTO;BASE;BASE;MATE RECTIFICADO;VARIACION LEVE;;NO;;;;CLASE 3;R11;C;GRUPO BIa;GL Esmaltado;;36 Low;NO;;1600-2400 N - 35-45 N/mm2;1;017.769.0119.13454;60X120 RF;CATLOGO PAMESA;;;100;100;20;10000;100x100;RAPOLANO PIETRA DI;SAND;https://www.pamesa.com/ERP/4.0/empresas/151/045/imagenes/t00010602/0177690041867.jpg
17;90;164;14334;0170900022540;SI;REC.GLASS;90x90(N) EXT.RAPOLANO PIETRA DI IVORY;A;SI;SI;29.0000;SOL30;PAM-ADZ.PAMESA;PAMESA;19/32/02;8429991899431;;8429991773199;M2;2;1.62;32;51.84;33.00;1,081.00;97.00;97.00;86.00;;9.00;11/03/2024;PAMESA;PAMESA;GRES PORCELNICO;0170900022540;;SOLID;PIETRA DI RAPOLANO;PIEDRA;;ANTIDESLIZANTE;;BASE;MATE RECTIFICADO;VARIACION LEVE;NO;SI;;29;;CLASE 3;R11;C;GRUPO BIa;GL Esmaltado;;36 Low;NO;0.42;1600-2400 N - 35-45 N/mm2;1;017.090.0164.14334;33,3x55;CATLOGO PAMESA;;;90;90;9;8100;90x90;EXT.RAPOLANO PIETRA DI;IVORY;https://www.pamesa.com/ERP/4.0/empresas/151/045/imagenes/t00010602/0170900022540.jpg
17;90;119;14334;0170900022695;SI;REC.GLASS;90x90(N) EXT.RAPOLANO PIETRA DI SAND;A;SI;SI;29.0000;SOL30;PAM-ADZ.PAMESA;PAMESA;19/32/02;8429991899424;;8429991773199;M2;2;1.62;32;51.84;33.00;1,081.00;97.00;97.00;86.00;;9.00;11/03/2024;PAMESA;PAMESA;GRES PORCELNICO;0170900022695;;SOLID;PIETRA DI RAPOLANO;PIEDRA;;ANTIDESLIZANTE;;BASE;MATE RECTIFICADO;VARIACION LEVE;NO;SI;;29;;CLASE 3;R11;C;GRUPO BIa;GL Esmaltado;;36 Low;NO;0.42;1600-2400 N - 35-45 N/mm2;1;017.090.0119.14334;31,6x60;CATLOGO PAMESA;;;90;90;9;8100;90x90;EXT.RAPOLANO PIETRA DI;SAND;https://www.pamesa.com/ERP/4.0/empresas/151/045/imagenes/t00010602/0170900022695.jpg
17;90;164;13454;0170900019894;SI;REC.GLASS;90x90(N) RAPOLANO PIETRA DI IVORY;A;SI;SI;29.0000;SOL29;PAMESA;PAMESA;19/32/02;8429991891763;;8429991773199;M2;2;1.62;32;51.84;33.00;1,081.00;97.00;97.00;86.00;;9.00;29/02/2024;PAMESA;PAMESA;GRES PORCELNICO;0170900019894;;SOLID;PIETRA DI RAPOLANO;PIEDRA;;POLIVALENTE;BASE;BASE;MATE RECTIFICADO;VARIACION LEVE;;NO;NO;;;CLASE 1;R9;;GRUPO BIa;GL Esmaltado;;;NO;;1600-2400 N - 35-45 N/mm2;1;017.090.0164.13454;33,3x55;CATLOGO PAMESA;;;90;90;9;8100;90x90;RAPOLANO PIETRA DI;IVORY;https://www.pamesa.com/ERP/4.0/empresas/151/045/imagenes/t00010602/0170900019894.jpg
17;90;119;13454;0170900019893;SI;REC.GLASS;90x90(N) RAPOLANO PIETRA DI SAND;A;SI;SI;29.0000;SOL29;PAMESA;PAMESA;19/32/02;8429991891770;;8429991773199;M2;2;1.62;32;51.84;33.00;1,081.00;97.00;97.00;86.00;;9.00;29/02/2024;PAMESA;PAMESA;GRES PORCELNICO;0170900019893;;SOLID;PIETRA DI RAPOLANO;PIEDRA;;POLIVALENTE;BASE;BASE;MATE RECTIFICADO;VARIACION LEVE;;NO;NO;;;CLASE 1;R9;;GRUPO BIa;GL Esmaltado;;;NO;;1600-2400 N - 35-45 N/mm2;1;017.090.0119.13454;31,6x60;CATLOGO PAMESA;;;90;90;9;8100;90x90;RAPOLANO PIETRA DI;SAND;https://www.pamesa.com/ERP/4.0/empresas/151/045/imagenes/t00010602/0170900019893.jpg
17;250;164;14334;0172500034464;SI;REC.GLASS;60x120(n) EXT.RAPOLANO PIETRA DI IVORY;A;SI;SI;0.0000;SOL26;PAMESA;PAMESA;L/36/02 RF;8429991161446;;8429991773199;M2;2;1.44;36;51.84;28.62;1,055.32;122.00;84.00;73.50;;;17/07/2025;PAMESA;PAMESA;GRES PORCELNICO;0172500034464;;SOLID;PIETRA DI RAPOLANO;PIEDRA;;ANTIDESLIZANTE;BASE;BASE;MATE RECTIFICADO;VARIACION LEVE;;SI;;;;CLASE 3;R11;C;GRUPO BIa;GL Esmaltado;;36 Low;NO;;1600-2400 N - 35-45 N/mm2;1;017.250.0164.14334;30x60 (C);CATLOGO PAMESA;;;60;120;9;7200;60x120;EXT.RAPOLANO PIETRA DI;IVORY;https://www.pamesa.com/ERP/4.0/empresas/151/045/imagenes/t00010602/0172500034464.jpg
17;869;164;14334;0178690022540;SI;REC.GLASS;60x120 EXT.RAPOLANO PIETRA DI IVORY;A;SI;SI;29.0000;SOL26;PAM-ADZ.PAMESA;PAMESA;L/32/02;8429991886813;;8429991773199;M2;2;1.44;32;46.08;34.25;1,121.00;122.00;84.00;75.00;;10.50;19/02/2024;PAMESA;PAMESA;GRES PORCELNICO;0178690022540;;SOLID;PIETRA DI RAPOLANO;PIEDRA;;ANTIDESLIZANTE;;BASE;MATE RECTIFICADO;VARIACION LEVE;NO;SI;;29;;CLASE 3;R11;C;GRUPO BIa;GL Esmaltado;;36 Low;NO;0.42;1600-2400 N - 35-45 N/mm2;1;017.869.0164.14334;60X120(n);CATLOGO PAMESA;;;60;120;10,5;7200;60x120;EXT.RAPOLANO PIETRA DI;IVORY;https://www.pamesa.com/ERP/4.0/empresas/151/045/imagenes/t00010602/0178690022540.jpg
17;250;119;14334;0172500034463;SI;REC.GLASS;60x120(n) EXT.RAPOLANO PIETRA DI SAND;A;SI;SI;0.0000;SOL26;PAMESA;PAMESA;L/36/02 RF;8429991161439;;8429991773199;M2;2;1.44;36;51.84;28.62;1,055.32;122.00;84.00;73.50;;;17/07/2025;PAMESA;PAMESA;GRES PORCELNICO;0172500034463;;SOLID;PIETRA DI RAPOLANO;PIEDRA;;ANTIDESLIZANTE;BASE;BASE;MATE RECTIFICADO;VARIACION LEVE;;SI;;;;CLASE 3;R11;C;GRUPO BIa;GL Esmaltado;;36 Low;NO;;1600-2400 N - 35-45 N/mm2;1;017.250.0119.14334;30x30(7)Malla;CATLOGO PAMESA;;;60;120;9;7200;60x120;EXT.RAPOLANO PIETRA DI;SAND;https://www.pamesa.com/ERP/4.0/empresas/151/045/imagenes/t00010602/0172500034463.jpg
17;869;119;14334;0178690022695;SI;REC.GLASS;60x120 EXT.RAPOLANO PIETRA DI SAND;A;SI;SI;29.0000;SOL26;PAM-ADZ.PAMESA;PAMESA;L/32/02;8429991909741;;8429991773199;M2;2;1.44;32;46.08;34.25;1,121.00;122.00;84.00;75.00;;10.50;28/03/2024;PAMESA;PAMESA;GRES PORCELNICO;0178690022695;;SOLID;PIETRA DI RAPOLANO;PIEDRA;;ANTIDESLIZANTE;;BASE;MATE RECTIFICADO;VARIACION LEVE;NO;SI;;29;;CLASE 3;R11;C;GRUPO BIa;GL Esmaltado;;36 Low;NO;0.42;1600-2400 N - 35-45 N/mm2;1;017.869.0119.14334;60x120(N)20MM;CATLOGO PAMESA;;;60;120;10,5;7200;60x120;EXT.RAPOLANO PIETRA DI;SAND;https://www.pamesa.com/ERP/4.0/empresas/151/045/imagenes/t00010602/0178690022695.jpg
17;250;164;13454;0172500019894;SI;REC.GLASS;60x120(n) RAPOLANO PIETRA DI IVORY;A;SI;SI;0.0000;SOL25;PAMESA;PAMESA;L/36/02 RF;8429991852481;;8429991773199;M2;2;1.44;36;51.84;28.62;1,055.32;122.00;84.00;73.50;;;15/09/2023;PAMESA;PAMESA;GRES PORCELNICO;0172500019894;;SOLID;PIETRA DI RAPOLANO;PIEDRA;;POLIVALENTE;BASE;BASE;MATE RECTIFICADO;VARIACION LEVE;;NO;;;;CLASE 1;R9;B;GRUPO BIa;GL Esmaltado;;;NO;0.42;1600-2400 N - 35-45 N/mm2;1;017.250.0164.13454;30x60 (C);CATLOGO PAMESA;;;60;120;9;7200;60x120;RAPOLANO PIETRA DI;IVORY;https://www.pamesa.com/ERP/4.0/empresas/151/045/imagenes/t00010602/0172500019894.jpg
17;250;119;13454;0172500019893;SI;REC.GLASS;60x120(n) RAPOLANO PIETRA DI SAND;A;SI;SI;0.0000;SOL25;PAMESA;PAMESA;L/36/02 RF;8429991852474;;8429991773199;M2;2;1.44;36;51.84;28.62;1,055.32;122.00;84.00;73.50;;;15/09/2023;PAMESA;PAMESA;GRES PORCELNICO;0172500019893;;SOLID;PIETRA DI RAPOLANO;PIEDRA;;POLIVALENTE;BASE;BASE;MATE RECTIFICADO;VARIACION LEVE;;NO;;;;CLASE 1;R9;B;GRUPO BIa;GL Esmaltado;;;NO;0.42;1600-2400 N - 35-45 N/mm2;1;017.250.0119.13454;30x30(7)Malla;CATLOGO PAMESA;;;60;120;9;7200;60x120;RAPOLANO PIETRA DI;SAND;https://www.pamesa.com/ERP/4.0/empresas/151/045/imagenes/t00010602/0172500019893.jpg
17;986;164;13454;0179860019894;SI;REC.GLASS;60x90(N)20mm RAPOLANO PIETRA DI IVORY;A;SI;SI;28.0000;2CM02;PAMESA;PAMESA;G/22/02;8429991886806;;8429991773199;M2;2;1.08;22;23.76;45.00;1,015.00;105.00;95.00;75.00;;20.00;19/02/2024;PAMESA;PAMESA;GRES PORCELNICO;0179860019894;;SOLID;PIETRA DI RAPOLANO;PIEDRA;;PAVIMENTO;BASE;BASE;MATE RECTIFICADO;VARIACION LEVE;;NO;;;;CLASE 3;R11;C;GRUPO BIa;GL Esmaltado;;36 Low;NO;;>8000 N - 35-45 N/mm2;1;017.986.0164.13454;30x30(7)Malla;CATLOGO PAMESA;;;60;90;20;5400;60x90;RAPOLANO PIETRA DI;IVORY;https://www.pamesa.com/ERP/4.0/empresas/151/045/imagenes/t00010602/0179860019894.jpg
17;986;119;13454;0179860019893;SI;REC.GLASS;60x90(N)20mm RAPOLANO PIETRA DI SAND;A;SI;SI;28.0000;2CM02;PAMESA;PAMESA;G/22/02;8429991924027;;8429991773199;M2;2;1.08;22;23.76;45.00;1,015.00;105.00;95.00;75.00;;20.00;19/04/2024;PAMESA;PAMESA;GRES PORCELNICO;0179860019893;;SOLID;PIETRA DI RAPOLANO;PIEDRA;;PAVIMENTO;BASE;BASE;MATE RECTIFICADO;VARIACION LEVE;;NO;;;;CLASE 3;R11;C;GRUPO BIa;GL Esmaltado;;36 Low;NO;;>8000 N - 35-45 N/mm2;1;017.986.0119.13454;30x30(7)Malla;CATLOGO PAMESA;;;60;90;20;5400;60x90;RAPOLANO PIETRA DI;SAND;https://www.pamesa.com/ERP/4.0/empresas/151/045/imagenes/t00010602/0179860019893.jpg
17;840;164;14334;0178400022540;SI;REC.GLASS;60x60 EXT.RAPOLANO PIETRA DI IVORY;A;SI;SI;20.2500;SOL13;PAM-ADZ.PAMESA;PAMESA;F/30/04 9MM;8429991899417;;8429991773199;M2;4;1.44;30;43.20;29.75;912.50;120.00;80.00;73.50;;9.00;11/03/2024;PAMESA;PAMESA;GRES PORCELNICO;0178400022540;;SOLID;PIETRA DI RAPOLANO;PIEDRA;;ANTIDESLIZANTE;;BASE;MATE RECTIFICADO;VARIACION LEVE;NO;SI;;29;;CLASE 3;R11;C;GRUPO BIa;GL Esmaltado;;36 Low;NO;0.42;1600-2400 N - 35-45 N/mm2;1;017.840.0164.14334;120X120;CATLOGO PAMESA;;;60;60;9;3600;60x60;EXT.RAPOLANO PIETRA DI;IVORY;https://www.pamesa.com/ERP/4.0/empresas/151/045/imagenes/t00010602/0178400022540.jpg
17;840;119;14334;0178400022695;SI;REC.GLASS;60x60 EXT.RAPOLANO PIETRA DI SAND;A;SI;SI;20.2500;SOL13;PAM-ADZ.PAMESA;PAMESA;F/30/04 9MM;8429991899400;;8429991773199;M2;4;1.44;30;43.20;29.75;912.50;120.00;80.00;73.50;;9.00;11/03/2024;PAMESA;PAMESA;GRES PORCELNICO;0178400022695;;SOLID;PIETRA DI RAPOLANO;PIEDRA;;ANTIDESLIZANTE;;BASE;MATE RECTIFICADO;VARIACION LEVE;NO;SI;;29;;CLASE 3;R11;C;GRUPO BIa;GL Esmaltado;;36 Low;NO;0.42;1600-2400 N - 35-45 N/mm2;1;017.840.0119.14334;30x60 (C);CATLOGO PAMESA;;;60;60;9;3600;60x60;EXT.RAPOLANO PIETRA DI;SAND;https://www.pamesa.com/ERP/4.0/empresas/151/045/imagenes/t00010602/0178400022695.jpg
17;785;164;13454;0177850019894;SI;REC.GLASS;60x60N(20mm) RAPOLANO PIETRA DI IVORY;A;SI;SI;0.0000;2CM01;PAMESA;PAMESA;F/30/02;8429991954345;;8429991773199;M2;2;0.72;30;21.60;28.50;875.00;120.00;80.00;73.50;;20.00;26/07/2024;PAMESA;;GRES PORCELNICO;0177850019894;;SOLID;PIETRA DI RAPOLANO;PIEDRA;;PAVIMENTO;BASE;BASE;MATE RECTIFICADO;VARIACION LEVE;;NO;NO;;;CLASE 3;R11;C;GRUPO BIa;GL Esmaltado;;36 Low;NO;;>8000 N - 35-45 N/mm2;1;017.785.0164.13454;30x30(7)Malla;CATLOGO PAMESA;;;60;60;20;3600;60x60;RAPOLANO PIETRA DI;IVORY;https://www.pamesa.com/ERP/4.0/empresas/151/045/imagenes/t00010602/0177850019894.jpg
17;840;164;13454;0178400019894;SI;REC.GLASS;60x60 RAPOLANO PIETRA DI IVORY;A;SI;SI;20.2500;SOL12;PAMESA;PAMESA;F/30/04 9MM;8429991823290;;8429991773199;M2;4;1.44;30;43.20;29.75;912.50;120.00;80.00;73.50;;9.00;12/05/2023;PAMESA;PAMESA;GRES PORCELNICO;0178400019894;;SOLID;PIETRA DI RAPOLANO;PIEDRA;;POLIVALENTE;BASE;BASE;MATE RECTIFICADO;VARIACION LEVE;;NO;NO;;;CLASE 1;R9;;GRUPO BIa;GL Esmaltado;;;NO;;1600-2400 N - 35-45 N/mm2;1;017.840.0164.13454;120X120;CATLOGO PAMESA;;;60;60;9;3600;60x60;RAPOLANO PIETRA DI;IVORY;https://www.pamesa.com/ERP/4.0/empresas/151/045/imagenes/t00010602/0178400019894.jpg
17;785;119;13454;0177850019893;SI;REC.GLASS;60x60N(20mm) RAPOLANO PIETRA DI SAND;A;SI;SI;0.0000;2CM01;PAMESA;PAMESA;F/30/02;8429991954338;;8429991773199;M2;2;0.72;30;21.60;28.50;875.00;120.00;80.00;73.50;;20.00;26/07/2024;PAMESA;;GRES PORCELNICO;0177850019893;;SOLID;PIETRA DI RAPOLANO;PIEDRA;;PAVIMENTO;BASE;BASE;MATE RECTIFICADO;VARIACION LEVE;;NO;NO;;;CLASE 3;R11;C;GRUPO BIa;GL Esmaltado;;36 Low;NO;;>8000 N - 35-45 N/mm2;1;017.785.0119.13454;60X90(N)20MM;CATLOGO PAMESA;;;60;60;20;3600;60x60;RAPOLANO PIETRA DI;SAND;https://www.pamesa.com/ERP/4.0/empresas/151/045/imagenes/t00010602/0177850019893.jpg
17;840;119;13454;0178400019893;SI;REC.GLASS;60x60 RAPOLANO PIETRA DI SAND;A;SI;SI;20.2500;SOL12;PAMESA;PAMESA;F/30/04 9MM;8429991823283;;8429991773199;M2;4;1.44;30;43.20;29.75;912.50;120.00;80.00;73.50;;9.00;12/05/2023;PAMESA;PAMESA;GRES PORCELNICO;0178400019893;;SOLID;PIETRA DI RAPOLANO;PIEDRA;;POLIVALENTE;BASE;BASE;MATE RECTIFICADO;VARIACION LEVE;;NO;NO;;;CLASE 1;R9;;GRUPO BIa;GL Esmaltado;;;NO;;1600-2400 N - 35-45 N/mm2;1;017.840.0119.13454;30x60 (C);CATLOGO PAMESA;;;60;60;9;3600;60x60;RAPOLANO PIETRA DI;SAND;https://www.pamesa.com/ERP/4.0/empresas/151/045/imagenes/t00010602/0178400019893.jpg
25;281;164;13454;0252810019894;SI;PZ.ESP COM-GLAS;30x30 (5)Malla RAPOLANO PIETRA DI IVORY;A;SI;SI;70.2500;MOS5;PAMESA;PAMESA;E/42/11;8429991830915;;;M2;11;1.00;42;42.00;23.00;986.00;120.00;80.00;;;;14/06/2023;PAMESA;PAMESA;GRES PORCELNICO;0252810019894;;SOLID;PIETRA DI RAPOLANO;PIEDRA;;POLIVALENTE;MOSAICO;MOSAICO;MATE RECTIFICADO;VARIACION LEVE;;NO;NO;;;CLASE 1;;;GRUPO BIa;GL Esmaltado;;;NO;;;1;025.281.0164.13454;45X45;CATLOGO PAMESA;;;30;30;0;900;30x30;RAPOLANO PIETRA DI;IVORY;https://www.pamesa.com/ERP/4.0/empresas/151/045/imagenes/t00010602/0252810019894.jpg
25;281;119;13454;0252810019893;SI;PZ.ESP COM-GLAS;30x30 (5)Malla RAPOLANO PIETRA DI SAND;A;SI;SI;70.2500;MOS5;PAMESA;PAMESA;E/42/11;8429991830922;;;M2;11;1.00;42;42.00;23.00;986.00;120.00;80.00;;;;14/06/2023;PAMESA;PAMESA;GRES PORCELNICO;0252810019893;;SOLID;PIETRA DI RAPOLANO;PIEDRA;;POLIVALENTE;MOSAICO;MOSAICO;MATE RECTIFICADO;VARIACION LEVE;;NO;NO;;;CLASE 1;;;GRUPO BIa;GL Esmaltado;;;NO;;;1;025.281.0119.13454;60,8x60,8;CATLOGO PAMESA;;;30;30;0;900;30x30;RAPOLANO PIETRA DI;SAND;https://www.pamesa.com/ERP/4.0/empresas/151/045/imagenes/t00010602/0252810019893.jpg
52;961;157;9879;0529611579879;SI;SLIM MATE RECTIF.;120x280(6mm) CR.PLAIN BLACK;A;SI;SI;62.5000;XXL04;PAMESA;PAMESA;05/20/01;8429991794538;;8429991773199;M2;1;3.36;20;67.20;52.00;1,140.00;290.00;140.00;36.00;;;11/01/2023;PAMESA;XXL;GRES PORCELNICO;0529611579879;;SOLID;PLAIN;BASICO;;POLIVALENTE;BASE;BASE;MATE RECTIFICADO;ASPECTO UNIFORME;NO;NO;NO;;;CLASE 0;;;GRUPO BIa;GL Esmaltado;;;NO;;>700 N - 35-45 N/mm2;1;052.961.0157.09879;25X100;CATLOGO PAMESA;;;120;280;6;33600;120x280;CR.PLAIN;BLACK;https://www.pamesa.com/ERP/4.0/empresas/151/045/imagenes/t00010602/0529611579879.jpg
52;961;108;9879;0529611089879;SI;SLIM MATE RECTIF.;120x280(6mm) CR.PLAIN WHITE;A;SI;SI;62.5000;XXL04;PAMESA;PAMESA;05/20/01;8429991794521;;8429991773199;M2;1;3.36;20;67.20;52.00;1,140.00;290.00;140.00;36.00;;;11/01/2023;PAMESA;XXL;GRES PORCELNICO;0529611089879;;SOLID;PLAIN;BASICO;;POLIVALENTE;;BASE;MATE RECTIFICADO;ASPECTO UNIFORME;NO;NO;;;;CLASE 0;;;GRUPO BIa;GL Esmaltado;;;NO;;>700 N - 35-45 N/mm2;1;052.961.0108.09879;20x120 (n);CATLOGO PAMESA;;;120;280;6;33600;120x280;CR.PLAIN;WHITE;https://www.pamesa.com/ERP/4.0/empresas/151/045/imagenes/t00010602/0529611089879.jpg
52;961;12;14579;0529610023325;SI;SLIM MATE RECTIF.;120x280(6mm) PORTLANDSTONE BLANCO;A;SI;SI;0.0000;XXL04;PAMESA;PAMESA;05/20/01;8429991969318;;8429991773199;M2;1;3.36;20;67.20;52.00;1,140.00;290.00;140.00;36.00;;;03/10/2024;PAMESA;PAMESA;GRES PORCELNICO;0529610023325;;SOLID;PORTLANDSTONE;PIEDRA;;POLIVALENTE;BASE;BASE;MATE RECTIFICADO;VARIACION LEVE;;NO;;;;CLASE 1;R9;;GRUPO BIa;GL Esmaltado;;36 Low;NO;;;1;052.961.0012.14579;25X150;CATLOGO PAMESA;;;120;280;6;33600;120x280;PORTLANDSTONE;BLANCO;https://www.pamesa.com/ERP/4.0/empresas/151/045/imagenes/t00010602/0529610023325.jpg
52;961;2;14579;0529610023332;SI;SLIM MATE RECTIF.;120x280(6mm) PORTLANDSTONE GRIS;A;SI;SI;0.0000;XXL04;PAMESA;PAMESA;05/20/01;8429991969301;;8429991773199;M2;1;3.36;20;67.20;52.00;1,140.00;290.00;140.00;36.00;;;03/10/2024;PAMESA;PAMESA;GRES PORCELNICO;0529610023332;;SOLID;PORTLANDSTONE;PIEDRA;;POLIVALENTE;BASE;BASE;MATE RECTIFICADO;VARIACION LEVE;;;;;;CLASE 1;R9;;GRUPO BIa;GL Esmaltado;;36 Low;NO;;;1;052.961.0002.14579;30x180;CATLOGO PAMESA;;;120;280;6;33600;120x280;PORTLANDSTONE;GRIS;https://www.pamesa.com/ERP/4.0/empresas/151/045/imagenes/t00010602/0529610023332.jpg
52;961;33;14579;0529610023326;SI;SLIM MATE RECTIF.;120x280(6mm) PORTLANDSTONE MARFIL;A;SI;SI;0.0000;XXL04;PAMESA;PAMESA;05/20/01;8429991969325;;8429991773199;M2;1;3.36;20;67.20;52.00;1,140.00;290.00;140.00;36.00;;;03/10/2024;PAMESA;PAMESA;GRES PORCELNICO;0529610023326;;SOLID;PORTLANDSTONE;PIEDRA;;POLIVALENTE;BASE;BASE;MATE RECTIFICADO;VARIACION LEVE;;;;;;CLASE 1;R9;;GRUPO BIa;GL Esmaltado;;36 Low;NO;;;1;052.961.0033.14579;25X150;CATLOGO PAMESA;;;120;280;6;33600;120x280;PORTLANDSTONE;MARFIL;https://www.pamesa.com/ERP/4.0/empresas/151/045/imagenes/t00010602/0529610023326.jpg
52;961;285;14579;0529610023327;SI;SLIM MATE RECTIF.;120x280(6mm) PORTLANDSTONE TAUPE;A;SI;SI;0.0000;XXL04;PAMESA;PAMESA;05/20/01;8429991955014;;8429991773199;M2;1;3.36;20;67.20;52.00;1,140.00;290.00;140.00;36.00;;;26/07/2024;PAMESA;PAMESA;GRES PORCELNICO;0529610023327;;SOLID;PORTLANDSTONE;PIEDRA;;POLIVALENTE;BASE;BASE;MATE RECTIFICADO;VARIACION LEVE;;NO;;;;CLASE 1;R9;;GRUPO BIa;GL Esmaltado;;36 Low;NO;;;1;052.961.0285.14579;25X150;CATLOGO PAMESA;;;120;280;6;33600;120x280;PORTLANDSTONE;TAUPE;https://www.pamesa.com/ERP/4.0/empresas/151/045/imagenes/t00010602/0529610023327.jpg
52;154;12;14579;0521540023325;SI;SLIM MATE RECTIF.;160X160(8MM) PORTLANDSTONE BLANCO;A;SI;SI;47.5000;XXL03;PAMESA;PAMESA;O/20/01;8429991935047;;8429991773199;M2;1;2.56;20;51.20;48.62;1,062.40;176.00;176.00;34.00;;7.80;28/05/2024;PAMESA;PAMESA;GRES PORCELNICO;0521540023325;;SOLID;PORTLANDSTONE;PIEDRA;;POLIVALENTE;;BASE;;;;ESTRUCTURANTE;;;;CLASE 1;R10;;GRUPO BIa;GL Esmaltado;;;NO;;1600-2400 N - 35-45 N/mm2;1;052.154.0012.14579;20x60 P;CATLOGO PAMESA;;;160;160;8;25600;160x160;PORTLANDSTONE;BLANCO;https://www.pamesa.com/ERP/4.0/empresas/151/045/imagenes/t00010602/0521540023325.jpg
52;154;2;14579;0521540023332;SI;SLIM MATE RECTIF.;160X160(8MM) PORTLANDSTONE GRIS;A;SI;SI;47.5000;XXL03;PAMESA;PAMESA;O/20/01;8429991935078;;8429991773199;M2;1;2.56;20;51.20;48.62;1,062.40;176.00;176.00;34.00;;7.80;28/05/2024;PAMESA;PAMESA;GRES PORCELNICO;0521540023332;;SOLID;PORTLANDSTONE;PIEDRA;;POLIVALENTE;BASE;BASE;MATE RECTIFICADO;VARIACION LEVE;;ESTRUCTURANTE;NO;;;CLASE 1;R10;;GRUPO BIa;GL Esmaltado;;;NO;;1600-2400 N - 35-45 N/mm2;1;052.154.0002.14579;20x60 P;CATLOGO PAMESA;;;160;160;8;25600;160x160;PORTLANDSTONE;GRIS;https://www.pamesa.com/ERP/4.0/empresas/151/045/imagenes/t00010602/0521540023332.jpg
52;154;33;14579;0521540023326;SI;SLIM MATE RECTIF.;160X160(8MM) PORTLANDSTONE MARFIL;A;SI;SI;47.5000;XXL03;PAMESA;PAMESA;O/20/01;8429991935054;;8429991773199;M2;1;2.56;20;51.20;48.62;1,062.40;176.00;176.00;34.00;;7.80;28/05/2024;PAMESA;PAMESA;GRES PORCELNICO;0521540023326;;SOLID;PORTLANDSTONE;PIEDRA;;POLIVALENTE;;BASE;;;;ESTRUCTURANTE;;;;CLASE 1;R10;;GRUPO BIa;GL Esmaltado;;;NO;;1600-2400 N - 35-45 N/mm2;1;052.154.0033.14579;20x120 (n);CATLOGO PAMESA;;;160;160;8;25600;160x160;PORTLANDSTONE;MARFIL;https://www.pamesa.com/ERP/4.0/empresas/151/045/imagenes/t00010602/0521540023326.jpg
52;154;285;14579;0521540023327;SI;SLIM MATE RECTIF.;160X160(8MM) PORTLANDSTONE TAUPE;A;SI;SI;47.5000;XXL03;PAMESA;PAMESA;O/20/01;8429991935061;;8429991773199;M2;1;2.56;20;51.20;48.62;1,062.40;176.00;176.00;34.00;;7.80;28/05/2024;PAMESA;PAMESA;GRES PORCELNICO;0521540023327;;SOLID;PORTLANDSTONE;PIEDRA;;POLIVALENTE;;BASE;;;;ESTRUCTURANTE;;;;CLASE 1;R10;;GRUPO BIa;GL Esmaltado;;;NO;;1600-2400 N - 35-45 N/mm2;1;052.154.0285.14579;100X100;CATLOGO PAMESA;;;160;160;8;25600;160x160;PORTLANDSTONE;TAUPE;https://www.pamesa.com/ERP/4.0/empresas/151/045/imagenes/t00010602/0521540023327.jpg
17;120;12;14579;0171200023325;SI;REC.GLASS;120x120 PORTLANDSTONE BLANCO;A;SI;SI;0.0000;SOL35;PAMESA;PAMESA;23/36/01;8429991957414;;8429991773199;M2;1;1.44;36;51.84;34.36;1,276.96;126.00;126.00;71.00;;;07/08/2024;PAMESA;PAMESA;GRES PORCELNICO;0171200023325;;SOLID;PORTLANDSTONE;PIEDRA;;POLIVALENTE;BASE;BASE;MATE RECTIFICADO;VARIACION LEVE;;ESTRUCTURANTE;NO;;;CLASE 1;R9;;GRUPO BIa;GL Esmaltado;;36 Low;NO;;1600-2400 N - 35-45 N/mm2;1;017.120.0012.14579;25x70;CATLOGO PAMESA;;;120;120;10,2;14400;120x120;PORTLANDSTONE;BLANCO;https://www.pamesa.com/ERP/4.0/empresas/151/045/imagenes/t00010602/0171200023325.jpg
17;120;2;14579;0171200023332;SI;REC.GLASS;120x120 PORTLANDSTONE GRIS;A;SI;SI;0.0000;SOL35;PAMESA;PAMESA;23/36/01;8429991957407;;8429991773199;M2;1;1.44;36;51.84;34.36;1,276.96;126.00;126.00;71.00;;;07/08/2024;PAMESA;PAMESA;GRES PORCELNICO;0171200023332;;SOLID;PORTLANDSTONE;PIEDRA;;POLIVALENTE;BASE;BASE;MATE RECTIFICADO;VARIACION LEVE;;ESTRUCTURANTE;NO;;;CLASE 1;R9;;GRUPO BIa;GL Esmaltado;;36 Low;NO;;1600-2400 N - 35-45 N/mm2;1;017.120.0002.14579;33,3x55;CATLOGO PAMESA;;;120;120;10,2;14400;120x120;PORTLANDSTONE;GRIS;https://www.pamesa.com/ERP/4.0/empresas/151/045/imagenes/t00010602/0171200023332.jpg
17;120;33;14579;0171200023326;SI;REC.GLASS;120x120 PORTLANDSTONE MARFIL;A;SI;SI;0.0000;SOL35;PAMESA;PAMESA;23/36/01;8429991957421;;8429991773199;M2;1;1.44;36;51.84;34.36;1,276.96;126.00;126.00;71.00;;;07/08/2024;PAMESA;PAMESA;GRES PORCELNICO;0171200023326;;SOLID;PORTLANDSTONE;PIEDRA;;POLIVALENTE;BASE;BASE;MATE RECTIFICADO;VARIACION LEVE;;ESTRUCTURANTE;NO;;;CLASE 1;R9;;GRUPO BIa;GL Esmaltado;;36 Low;NO;;1600-2400 N - 35-45 N/mm2;1;017.120.0033.14579;33,3x55;CATLOGO PAMESA;;;120;120;10,2;14400;120x120;PORTLANDSTONE;MARFIL;https://www.pamesa.com/ERP/4.0/empresas/151/045/imagenes/t00010602/0171200023326.jpg
17;120;285;14579;0171200023327;SI;REC.GLASS;120x120 PORTLANDSTONE TAUPE;A;SI;SI;0.0000;SOL35;PAMESA;PAMESA;23/36/01;8429991957438;;8429991773199;M2;1;1.44;36;51.84;34.36;1,276.96;126.00;126.00;71.00;;;07/08/2024;PAMESA;PAMESA;GRES PORCELNICO;0171200023327;;SOLID;PORTLANDSTONE;PIEDRA;;POLIVALENTE;BASE;BASE;MATE RECTIFICADO;VARIACION LEVE;;ESTRUCTURANTE;NO;;;CLASE 1;R9;;GRUPO BIa;GL Esmaltado;;36 Low;NO;;1600-2400 N - 35-45 N/mm2;1;017.120.0285.14579;33,3x55;CATLOGO PAMESA;;;120;120;10,2;14400;120x120;PORTLANDSTONE;TAUPE;https://www.pamesa.com/ERP/4.0/empresas/151/045/imagenes/t00010602/0171200023327.jpg
17;10;12;14579;0170100023325;SI;REC.GLASS;100x100 PORTLANDSTONE BLANCO;A;SI;SI;0.0000;SOL54;PAMESA;PAMESA;27/27/02;8429991106805;;8429991773199;M2;2;2.00;27;54.00;41.15;1,133.05;107.00;107.00;77.00;;;28/02/2025;PAMESA;PAMESA;GRES PORCELNICO;0170100023325;;SOLID;PORTLANDSTONE;PIEDRA;;POLIVALENTE;BASE;BASE;MATE RECTIFICADO;VARIACION LEVE;;NO;;;;CLASE 1;R9;;GRUPO BIa;GL Esmaltado;;36 Low;NO;;1600-2400 N - 35-45 N/mm2;1;017.010.0012.14579;100X100;CATLOGO PAMESA;;;100;100;9;10000;100x100;PORTLANDSTONE;BLANCO;https://www.pamesa.com/ERP/4.0/empresas/151/045/imagenes/t00010602/0170100023325.jpg
17;769;12;14579;0177690041858;SI;REC.GLASS;100x100(N)20MM PORTLANDSTONE BLANCO;A;SI;SI;16.5000;2CM07;PAMESA.C.P;PAMESA;27/28/01 S/C;8429991193812;;;M2;1;1.00;28;28.00;42.86;1,222.08;107.00;107.00;;;20.00;11/11/2025;PAMESA;PAMESA;GRES PORCELNICO;0177690041858;;SOLID;PORTLANDSTONE;PIEDRA;;PAVIMENTO;BASE;BASE;MATE RECTIFICADO;VARIACION LEVE;;;;;;CLASE 3;R11;C;GRUPO BIa;GL Esmaltado;;36 Low;NO;;>8000 N - 35-45 N/mm2;1;017.769.0012.14579;60X120 RF;CATLOGO PAMESA;;;100;100;20;10000;100x100;PORTLANDSTONE;BLANCO;https://www.pamesa.com/ERP/4.0/empresas/151/045/imagenes/t00010602/0177690041858.jpg
17;10;2;14579;0170100037454;SI;REC.GLASS;100x100 PORTLANDSTONE GRIS;A;SI;SI;0.0000;SOL54;PAMESA;PAMESA;27/27/02;8429991177270;;8429991773199;M2;2;2.00;27;54.00;41.15;1,133.05;107.00;107.00;77.00;;;19/09/2025;PAMESA;PAMESA;GRES PORCELNICO;0170100037454;;SOLID;PORTLANDSTONE;PIEDRA;;POLIVALENTE;BASE;BASE;MATE RECTIFICADO;VARIACION LEVE;;;;;;CLASE 1;R9;;GRUPO BIa;GL Esmaltado;;36 Low;NO;;1600-2400 N - 35-45 N/mm2;1;017.010.0002.14579;30,3X61,3;CATLOGO PAMESA;;;100;100;9;10000;100x100;PORTLANDSTONE;GRIS;https://www.pamesa.com/ERP/4.0/empresas/151/045/imagenes/t00010602/0170100037454.jpg
17;769;2;14579;0177690041857;SI;REC.GLASS;100x100(N)20MM PORTLANDSTONE GRIS;A;SI;SI;16.5000;2CM07;PAMESA.C.P;PAMESA;27/28/01 S/C;8429991193805;;;M2;1;1.00;28;28.00;42.86;1,222.08;107.00;107.00;;;20.00;11/11/2025;PAMESA;PAMESA;GRES PORCELNICO;0177690041857;;SOLID;PORTLANDSTONE;PIEDRA;;PAVIMENTO;BASE;BASE;MATE RECTIFICADO;VARIACION LEVE;;;;;;CLASE 3;R11;C;GRUPO BIa;GL Esmaltado;;36 Low;NO;;>8000 N - 35-45 N/mm2;1;017.769.0002.14579;120X120;CATLOGO PAMESA;;;100;100;20;10000;100x100;PORTLANDSTONE;GRIS;https://www.pamesa.com/ERP/4.0/empresas/151/045/imagenes/t00010602/0177690041857.jpg
17;10;33;14579;0170100037453;SI;REC.GLASS;100x100 PORTLANDSTONE MARFIL;A;SI;SI;0.0000;SOL54;PAMESA;PAMESA;27/27/02;8429991177263;;8429991773199;M2;2;2.00;27;54.00;41.15;1,133.05;107.00;107.00;77.00;;;19/09/2025;PAMESA;PAMESA;GRES PORCELNICO;0170100037453;;SOLID;PORTLANDSTONE;PIEDRA;;POLIVALENTE;BASE;BASE;MATE RECTIFICADO;VARIACION LEVE;;;;;;CLASE 1;R9;;GRUPO BIa;GL Esmaltado;;36 Low;NO;;1600-2400 N - 35-45 N/mm2;1;017.010.0033.14579;60X120(n);CATLOGO PAMESA;;;100;100;9;10000;100x100;PORTLANDSTONE;MARFIL;https://www.pamesa.com/ERP/4.0/empresas/151/045/imagenes/t00010602/0170100037453.jpg
17;769;33;14579;0177690041859;SI;REC.GLASS;100x100(N)20MM PORTLANDSTONE MARFIL;A;SI;SI;16.5000;2CM07;PAMESA.C.P;PAMESA;27/28/01 S/C;8429991193829;;;M2;1;1.00;28;28.00;42.86;1,222.08;107.00;107.00;;;20.00;11/11/2025;PAMESA;PAMESA;GRES PORCELNICO;0177690041859;;SOLID;PORTLANDSTONE;PIEDRA;;PAVIMENTO;BASE;BASE;MATE RECTIFICADO;VARIACION LEVE;;;;;;CLASE 3;R11;C;GRUPO BIa;GL Esmaltado;;36 Low;NO;;>8000 N - 35-45 N/mm2;1;017.769.0033.14579;60X120 RF;CATLOGO PAMESA;;;100;100;20;10000;100x100;PORTLANDSTONE;MARFIL;https://www.pamesa.com/ERP/4.0/empresas/151/045/imagenes/t00010602/0177690041859.jpg
17;10;285;14579;0170100023327;SI;REC.GLASS;100x100 PORTLANDSTONE TAUPE;A;SI;SI;0.0000;SOL54;PAMESA;PAMESA;27/27/02;8429991106799;;8429991773199;M2;2;2.00;27;54.00;41.15;1,133.05;107.00;107.00;77.00;;;28/02/2025;PAMESA;PAMESA;GRES PORCELNICO;0170100023327;;SOLID;PORTLANDSTONE;PIEDRA;;POLIVALENTE;BASE;BASE;MATE RECTIFICADO;VARIACION LEVE;;NO;;;;CLASE 1;R9;;GRUPO BIa;GL Esmaltado;;36 Low;NO;;1600-2400 N - 35-45 N/mm2;1;017.010.0285.14579;60X120(n);CATLOGO PAMESA;;;100;100;9;10000;100x100;PORTLANDSTONE;TAUPE;https://www.pamesa.com/ERP/4.0/empresas/151/045/imagenes/t00010602/0170100023327.jpg
17;769;285;14579;0177690041860;SI;REC.GLASS;100x100(N)20MM PORTLANDSTONE TAUPE;A;SI;SI;16.5000;2CM07;PAMESA.C.P;PAMESA;27/28/01 S/C;8429991193836;;;M2;1;1.00;28;28.00;42.86;1,222.08;107.00;107.00;;;20.00;11/11/2025;PAMESA;PAMESA;GRES PORCELNICO;0177690041860;;SOLID;PORTLANDSTONE;PIEDRA;;PAVIMENTO;BASE;BASE;MATE RECTIFICADO;VARIACION LEVE;;;;;;CLASE 3;R11;C;GRUPO BIa;GL Esmaltado;;36 Low;NO;;>8000 N - 35-45 N/mm2;1;017.769.0285.14579;60X90(N)20MM;CATLOGO PAMESA;;;100;100;20;10000;100x100;PORTLANDSTONE;TAUPE;https://www.pamesa.com/ERP/4.0/empresas/151/045/imagenes/t00010602/0177690041860.jpg
17;90;12;14579;0170900023325;SI;REC.GLASS;90x90(N) PORTLANDSTONE BLANCO;A;SI;SI;0.0000;SOL29;PAMESA;PAMESA;19/32/02;8429991957452;;8429991773199;M2;2;1.62;32;51.84;33.00;1,081.00;97.00;97.00;86.00;;9.00;07/08/2024;PAMESA;PAMESA;GRES PORCELNICO;0170900023325;;SOLID;PORTLANDSTONE;PIEDRA;;POLIVALENTE;BASE;BASE;MATE RECTIFICADO;VARIACION LEVE;;NO;NO;;;CLASE 1;R9;;GRUPO BIa;GL Esmaltado;;36 Low;NO;;1600-2400 N - 35-45 N/mm2;1;017.090.0012.14579;45X45;CATLOGO PAMESA;;;90;90;9;8100;90x90;PORTLANDSTONE;BLANCO;https://www.pamesa.com/ERP/4.0/empresas/151/045/imagenes/t00010602/0170900023325.jpg
17;90;2;14579;0170900023332;SI;REC.GLASS;90x90(N) PORTLANDSTONE GRIS;A;SI;SI;0.0000;SOL29;PAMESA;PAMESA;19/32/02;8429991957445;;8429991773199;M2;2;1.62;32;51.84;33.00;1,081.00;97.00;97.00;86.00;;9.00;07/08/2024;PAMESA;PAMESA;GRES PORCELNICO;0170900023332;;SOLID;PORTLANDSTONE;PIEDRA;;POLIVALENTE;BASE;BASE;MATE RECTIFICADO;VARIACION LEVE;;NO;NO;;;CLASE 1;R9;;GRUPO BIa;GL Esmaltado;;36 Low;NO;;1600-2400 N - 35-45 N/mm2;1;017.090.0002.14579;60X60n(C);CATLOGO PAMESA;;;90;90;9;8100;90x90;PORTLANDSTONE;GRIS;https://www.pamesa.com/ERP/4.0/empresas/151/045/imagenes/t00010602/0170900023332.jpg
17;90;33;14579;0170900023326;SI;REC.GLASS;90x90(N) PORTLANDSTONE MARFIL;A;SI;SI;0.0000;SOL29;PAMESA;PAMESA;19/32/02;8429991957469;;8429991773199;M2;2;1.62;32;51.84;33.00;1,081.00;97.00;97.00;86.00;;9.00;07/08/2024;PAMESA;PAMESA;GRES PORCELNICO;0170900023326;;SOLID;PORTLANDSTONE;PIEDRA;;POLIVALENTE;BASE;BASE;MATE RECTIFICADO;VARIACION LEVE;;NO;NO;;;CLASE 1;R9;;GRUPO BIa;GL Esmaltado;;36 Low;NO;;1600-2400 N - 35-45 N/mm2;1;017.090.0033.14579;25x70;CATLOGO PAMESA;;;90;90;9;8100;90x90;PORTLANDSTONE;MARFIL;https://www.pamesa.com/ERP/4.0/empresas/151/045/imagenes/t00010602/0170900023326.jpg
17;90;285;14579;0170900023327;SI;REC.GLASS;90x90(N) PORTLANDSTONE TAUPE;A;SI;SI;0.0000;SOL29;PAMESA;PAMESA;19/32/02;8429991957476;;8429991773199;M2;2;1.62;32;51.84;33.00;1,081.00;97.00;97.00;86.00;;9.00;07/08/2024;PAMESA;PAMESA;GRES PORCELNICO;0170900023327;;SOLID;PORTLANDSTONE;PIEDRA;;POLIVALENTE;BASE;BASE;MATE RECTIFICADO;VARIACION LEVE;;NO;NO;;;CLASE 1;R9;;GRUPO BIa;GL Esmaltado;;36 Low;NO;;1600-2400 N - 35-45 N/mm2;1;017.090.0285.14579;33,3x55;CATLOGO PAMESA;;;90;90;9;8100;90x90;PORTLANDSTONE;TAUPE;https://www.pamesa.com/ERP/4.0/empresas/151/045/imagenes/t00010602/0170900023327.jpg
17;250;12;14848;0172500024432;SI;REC.GLASS;60x120(n) EXT.PORTLANDSTONE BLANCO;A;SI;SI;0.0000;SOL45;PAM-ADZ.PAMESA;PAMESA;L/36/02 RF;8429991969967;;8429991773199;M2;2;1.44;36;51.84;28.62;1,055.32;122.00;84.00;73.50;;;04/10/2024;PAMESA;PAMESA;GRES PORCELNICO;0172500024432;;SOLID;PORTLANDSTONE;PIEDRA;;ANTIDESLIZANTE;;BASE;MATE RECTIFICADO;;NO;NO;;;;CLASE 3;R11;C;GRUPO BIa;GL Esmaltado;;36 Low;NO;0.42;1600-2400 N - 35-45 N/mm2;1;017.250.0012.14848;30x60 (C);CATLOGO PAMESA;;;60;120;9;7200;60x120;EXT.PORTLANDSTONE;BLANCO;https://www.pamesa.com/ERP/4.0/empresas/151/045/imagenes/t00010602/0172500024432.jpg
17;250;2;14848;0172500024256;SI;REC.GLASS;60x120(n) EXT.PORTLANDSTONE GRIS;A;SI;SI;15.5000;SOL45;PAM-ADZ.PAMESA;PAMESA;L/36/02 RF;8429991959937;;8429991773199;M2;2;1.44;36;51.84;28.62;1,055.32;122.00;84.00;73.50;;;26/08/2024;PAMESA;PAMESA;GRES PORCELNICO;0172500024256;;SOLID;PORTLANDSTONE;PIEDRA;;ANTIDESLIZANTE;BASE;BASE;MATE RECTIFICADO;VARIACION LEVE;NO;NO;;;;CLASE 3;R11;C;GRUPO BIa;GL Esmaltado;;36 Low;NO;0.42;1600-2400 N - 35-45 N/mm2;1;017.250.0002.14848;60x60;CATLOGO PAMESA;;;60;120;9;7200;60x120;EXT.PORTLANDSTONE;GRIS;https://www.pamesa.com/ERP/4.0/empresas/151/045/imagenes/t00010602/0172500024256.jpg
17;250;33;14848;0172500024431;SI;REC.GLASS;60x120(n) EXT.PORTLANDSTONE MARFIL;A;SI;SI;0.0000;SOL45;PAM-ADZ.PAMESA;PAMESA;L/36/02 RF;8429991969950;;8429991773199;M2;2;1.44;36;51.84;28.62;1,055.32;122.00;84.00;73.50;;;04/10/2024;PAMESA;PAMESA;GRES PORCELNICO;0172500024431;;SOLID;PORTLANDSTONE;PIEDRA;;ANTIDESLIZANTE;;BASE;MATE RECTIFICADO;;NO;NO;;;;CLASE 3;R11;C;GRUPO BIa;GL Esmaltado;;36 Low;NO;0.42;1600-2400 N - 35-45 N/mm2;1;017.250.0033.14848;60x120(N)20MM;CATLOGO PAMESA;;;60;120;9;7200;60x120;EXT.PORTLANDSTONE;MARFIL;https://www.pamesa.com/ERP/4.0/empresas/151/045/imagenes/t00010602/0172500024431.jpg
17;250;285;14848;0172500024257;SI;REC.GLASS;60x120(n) EXT.PORTLANDSTONE TAUPE;A;SI;SI;15.5000;SOL45;PAM-ADZ.PAMESA;PAMESA;L/36/02 RF;8429991959944;;8429991773199;M2;2;1.44;36;51.84;28.62;1,055.32;122.00;84.00;73.50;;;26/08/2024;PAMESA;PAMESA;GRES PORCELNICO;0172500024257;;SOLID;PORTLANDSTONE;PIEDRA;;ANTIDESLIZANTE;;BASE;MATE RECTIFICADO;;NO;NO;;;;CLASE 3;R11;C;GRUPO BIa;GL Esmaltado;;36 Low;NO;0.42;1600-2400 N - 35-45 N/mm2;1;017.250.0285.14848;60X120 RF;CATLOGO PAMESA;;;60;120;9;7200;60x120;EXT.PORTLANDSTONE;TAUPE;https://www.pamesa.com/ERP/4.0/empresas/151/045/imagenes/t00010602/0172500024257.jpg
17;250;12;14579;0172500023325;SI;REC.GLASS;60x120(n) PORTLANDSTONE BLANCO;A;SI;SI;0.0000;SOL23;PAMESA;PAMESA;L/36/02 RF;8429991952877;;8429991773199;M2;2;1.44;36;51.84;28.62;1,055.32;122.00;84.00;73.50;;;23/07/2024;PAMESA;PAMESA;GRES PORCELNICO;0172500023325;;SOLID;PORTLANDSTONE;PIEDRA;;POLIVALENTE;BASE;BASE;MATE RECTIFICADO;VARIACION LEVE;;NO;NO;;;CLASE 1;R9;;GRUPO BIa;GL Esmaltado;;36 Low;NO;;1600-2400 N - 35-45 N/mm2;1;017.250.0012.14579;60x60;CATLOGO PAMESA;;;60;120;9;7200;60x120;PORTLANDSTONE;BLANCO;https://www.pamesa.com/ERP/4.0/empresas/151/045/imagenes/t00010602/0172500023325.jpg
17;696;12;14579;0176960037456;SI;REC.GLASS;60x120(N)20MM PORTLANDSTONE BLANCO;A;SI;SI;0.0000;2CM04;PAMESA.C.P;PAMESA;30/22/01 S/C;8429991177294;;;M2;1;0.72;33;23.76;29.30;991.90;126.00;70.00;75.00;;20.00;19/09/2025;PAMESA;PAMESA;GRES PORCELNICO;0176960037456;;SOLID;PORTLANDSTONE;PIEDRA;;PAVIMENTO;;BASE;;;;NO;;;;CLASE 3;R11;C;GRUPO BIa;GL Esmaltado;;36 Low;NO;;>8000 N - 35-45 N/mm2;1;017.696.0012.14579;60x60;CATLOGO PAMESA;;;60;120;20;7200;60x120;PORTLANDSTONE;BLANCO;https://www.pamesa.com/ERP/4.0/empresas/151/045/imagenes/t00010602/0176960037456.jpg
17;250;2;14579;0172500023332;SI;REC.GLASS;60x120(n) PORTLANDSTONE GRIS;A;SI;SI;0.0000;SOL23;PAMESA;PAMESA;L/36/02 RF;8429991952860;;8429991773199;M2;2;1.44;36;51.84;28.62;1,055.32;122.00;84.00;73.50;;;23/07/2024;PAMESA;PAMESA;GRES PORCELNICO;0172500023332;;SOLID;PORTLANDSTONE;PIEDRA;;POLIVALENTE;BASE;BASE;MATE RECTIFICADO;VARIACION LEVE;;NO;NO;;;CLASE 1;R9;;GRUPO BIa;GL Esmaltado;;36 Low;NO;;1600-2400 N - 35-45 N/mm2;1;017.250.0002.14579;100X100;CATLOGO PAMESA;;;60;120;9;7200;60x120;PORTLANDSTONE;GRIS;https://www.pamesa.com/ERP/4.0/empresas/151/045/imagenes/t00010602/0172500023332.jpg
17;696;2;14579;0176960037455;SI;REC.GLASS;60x120(N)20MM PORTLANDSTONE GRIS;A;SI;SI;0.0000;2CM04;PAMESA.C.P;PAMESA;30/22/01 S/C;8429991177287;;;M2;1;0.72;33;23.76;29.30;991.90;126.00;70.00;75.00;;20.00;19/09/2025;PAMESA;PAMESA;GRES PORCELNICO;0176960037455;;SOLID;PORTLANDSTONE;PIEDRA;;PAVIMENTO;;BASE;;;;NO;;;;CLASE 3;R11;C;GRUPO BIa;GL Esmaltado;;36 Low;NO;;>8000 N - 35-45 N/mm2;1;017.696.0002.14579;60x60;CATLOGO PAMESA;;;60;120;20;7200;60x120;PORTLANDSTONE;GRIS;https://www.pamesa.com/ERP/4.0/empresas/151/045/imagenes/t00010602/0176960037455.jpg
17;250;33;14579;0172500023326;SI;REC.GLASS;60x120(n) PORTLANDSTONE MARFIL;A;SI;SI;0.0000;SOL23;PAMESA;PAMESA;L/36/02 RF;8429991952891;;8429991773199;M2;2;1.44;36;51.84;28.62;1,055.32;122.00;84.00;73.50;;;23/07/2024;PAMESA;PAMESA;GRES PORCELNICO;0172500023326;;SOLID;PORTLANDSTONE;PIEDRA;;POLIVALENTE;BASE;BASE;MATE RECTIFICADO;VARIACION LEVE;;NO;NO;;;CLASE 1;R9;;GRUPO BIa;GL Esmaltado;;36 Low;NO;;1600-2400 N - 35-45 N/mm2;1;017.250.0033.14579;30x30(7)Malla;CATLOGO PAMESA;;;60;120;9;7200;60x120;PORTLANDSTONE;MARFIL;https://www.pamesa.com/ERP/4.0/empresas/151/045/imagenes/t00010602/0172500023326.jpg
17;696;33;14579;0176960037457;SI;REC.GLASS;60x120(N)20MM PORTLANDSTONE MARFIL;A;SI;SI;0.0000;2CM04;PAMESA.C.P;PAMESA;30/22/01 S/C;8429991177300;;;M2;1;0.72;33;23.76;29.30;991.90;126.00;70.00;75.00;;20.00;19/09/2025;PAMESA;PAMESA;GRES PORCELNICO;0176960037457;;SOLID;PORTLANDSTONE;PIEDRA;;PAVIMENTO;;BASE;;;;NO;;;;CLASE 3;R11;C;GRUPO BIa;GL Esmaltado;;36 Low;NO;;>8000 N - 35-45 N/mm2;1;017.696.0033.14579;30X30 (5)MALLA;CATLOGO PAMESA;;;60;120;20;7200;60x120;PORTLANDSTONE;MARFIL;https://www.pamesa.com/ERP/4.0/empresas/151/045/imagenes/t00010602/0176960037457.jpg
17;250;285;14579;0172500023327;SI;REC.GLASS;60x120(n) PORTLANDSTONE TAUPE;A;SI;SI;0.0000;SOL23;PAMESA;PAMESA;L/36/02 RF;8429991952884;;8429991773199;M2;2;1.44;36;51.84;28.62;1,055.32;122.00;84.00;73.50;;;23/07/2024;PAMESA;PAMESA;GRES PORCELNICO;0172500023327;;SOLID;PORTLANDSTONE;PIEDRA;;POLIVALENTE;BASE;BASE;MATE RECTIFICADO;VARIACION LEVE;;NO;NO;;;CLASE 1;R9;;GRUPO BIa;GL Esmaltado;;36 Low;NO;;1600-2400 N - 35-45 N/mm2;1;017.250.0285.14579;90X90(N);CATLOGO PAMESA;;;60;120;9;7200;60x120;PORTLANDSTONE;TAUPE;https://www.pamesa.com/ERP/4.0/empresas/151/045/imagenes/t00010602/0172500023327.jpg
17;696;285;14579;0176960037458;SI;REC.GLASS;60x120(N)20MM PORTLANDSTONE TAUPE;A;SI;SI;0.0000;2CM04;PAMESA.C.P;PAMESA;30/22/01 S/C;8429991177317;;;M2;1;0.72;33;23.76;29.30;991.90;126.00;70.00;75.00;;20.00;19/09/2025;PAMESA;PAMESA;GRES PORCELNICO;0176960037458;;SOLID;PORTLANDSTONE;PIEDRA;;PAVIMENTO;;BASE;;;;NO;;;;CLASE 3;R11;C;GRUPO BIa;GL Esmaltado;;36 Low;NO;;>8000 N - 35-45 N/mm2;1;017.696.0285.14579;120X120;CATLOGO PAMESA;;;60;120;20;7200;60x120;PORTLANDSTONE;TAUPE;https://www.pamesa.com/ERP/4.0/empresas/151/045/imagenes/t00010602/0176960037458.jpg
17;250;12;15117;0172500038065;SI;REC.GLASS;60x120(n) RLV.PORTLANDSTONE BLANCO;A;SI;SI;0.0000;;PAMESA;PAMESA;L/36/02 RF;8429991180355;;8429991773199;M2;2;1.44;36;51.84;28.62;1,055.32;122.00;84.00;73.50;;;29/09/2025;PAMESA;PAMESA;GRES PORCELNICO;0172500038065;;SOLID;PORTLANDSTONE;PIEDRA;;POLIVALENTE;DECORADO;RLV DECORADO;MATE RECTIFICADO;VARIACION LEVE;;;;;;;;;GRUPO BIa;GL Esmaltado;;;NO;;1600-2400 N - 35-45 N/mm2;1;017.250.0012.15117;30x60 (C);CATLOGO PAMESA;;;60;120;9;7200;60x120;RLV.PORTLANDSTONE;BLANCO;https://www.pamesa.com/ERP/4.0/empresas/151/045/imagenes/t00010602/0172500038065.jpg
17;250;2;15117;0172500038066;SI;REC.GLASS;60x120(n) RLV.PORTLANDSTONE GRIS;A;SI;SI;0.0000;;PAMESA;PAMESA;L/36/02 RF;8429991180362;;8429991773199;M2;2;1.44;36;51.84;28.62;1,055.32;122.00;84.00;73.50;;;29/09/2025;PAMESA;PAMESA;GRES PORCELNICO;0172500038066;;SOLID;PORTLANDSTONE;PIEDRA;;POLIVALENTE;DECORADO;RLV DECORADO;MATE RECTIFICADO;VARIACION LEVE;;;;;;;;;GRUPO BIa;GL Esmaltado;;;NO;;1600-2400 N - 35-45 N/mm2;1;017.250.0002.15117;30X30 (5)MALLA;CATLOGO PAMESA;;;60;120;9;7200;60x120;RLV.PORTLANDSTONE;GRIS;https://www.pamesa.com/ERP/4.0/empresas/151/045/imagenes/t00010602/0172500038066.jpg
17;250;33;15117;0172500038067;SI;REC.GLASS;60x120(n) RLV.PORTLANDSTONE MARFIL;A;SI;SI;0.0000;;PAMESA;PAMESA;L/36/02 RF;8429991180379;;8429991773199;M2;2;1.44;36;51.84;28.62;1,055.32;122.00;84.00;73.50;;;29/09/2025;PAMESA;PAMESA;GRES PORCELNICO;0172500038067;;SOLID;PORTLANDSTONE;PIEDRA;;POLIVALENTE;DECORADO;RLV DECORADO;MATE RECTIFICADO;VARIACION LEVE;;;;;;;;;GRUPO BIa;GL Esmaltado;;;NO;;1600-2400 N - 35-45 N/mm2;1;017.250.0033.15117;60x120(N)20MM;CATLOGO PAMESA;;;60;120;9;7200;60x120;RLV.PORTLANDSTONE;MARFIL;https://www.pamesa.com/ERP/4.0/empresas/151/045/imagenes/t00010602/0172500038067.jpg
17;250;285;15117;0172500038068;SI;REC.GLASS;60x120(n) RLV.PORTLANDSTONE TAUPE;A;SI;SI;0.0000;;PAMESA;PAMESA;L/36/02 RF;8429991180386;;8429991773199;M2;2;1.44;36;51.84;28.62;1,055.32;122.00;84.00;73.50;;;29/09/2025;PAMESA;PAMESA;GRES PORCELNICO;0172500038068;;SOLID;PORTLANDSTONE;PIEDRA;;POLIVALENTE;DECORADO;RLV DECORADO;MATE RECTIFICADO;VARIACION LEVE;;;;;;;;;GRUPO BIa;GL Esmaltado;;;NO;;1600-2400 N - 35-45 N/mm2;1;017.250.0285.15117;60X120 RF;CATLOGO PAMESA;;;60;120;9;7200;60x120;RLV.PORTLANDSTONE;TAUPE;https://www.pamesa.com/ERP/4.0/empresas/151/045/imagenes/t00010602/0172500038068.jpg
17;77;12;14579;0170770023325;SI;REC.GLASS;60x60n(C) PORTLANDSTONE BLANCO;A;SI;SI;0.0000;SOL12;PAMESA;PAMESA;F/30/05;8429991102661;;8429991773199;M2;5;1.80;30;54.00;34.50;1,055.00;120.00;80.00;74.00;;9.00;17/02/2025;PAMESA;PAMESA;GRES PORCELNICO;0170770023325;;SOLID;PORTLANDSTONE;PIEDRA;;POLIVALENTE;BASE;BASE;MATE RECTIFICADO;VARIACION LEVE;;NO;;;;CLASE 1;R9;;GRUPO BIa;GL Esmaltado;;36 Low;NO;;1600-2400 N - 35-45 N/mm2;1;017.077.0012.14579;60x120(N)20MM;CATLOGO PAMESA;6;;60;60;9;3600;60x60;PORTLANDSTONE;BLANCO;https://www.pamesa.com/ERP/4.0/empresas/151/045/imagenes/t00010602/0170770023325.jpg
17;77;2;14579;0170770023332;SI;REC.GLASS;60x60n(C) PORTLANDSTONE GRIS;A;SI;SI;0.0000;SOL12;PAMESA;PAMESA;F/30/05;8429991102654;;8429991773199;M2;5;1.80;30;54.00;34.50;1,055.00;120.00;80.00;74.00;;9.00;17/02/2025;PAMESA;PAMESA;GRES PORCELNICO;0170770023332;;SOLID;PORTLANDSTONE;PIEDRA;;POLIVALENTE;BASE;BASE;MATE RECTIFICADO;VARIACION LEVE;;NO;;;;CLASE 1;R9;;GRUPO BIa;GL Esmaltado;;36 Low;NO;;1600-2400 N - 35-45 N/mm2;1;017.077.0002.14579;30x30(7)Malla;CATLOGO PAMESA;;;60;60;9;3600;60x60;PORTLANDSTONE;GRIS;https://www.pamesa.com/ERP/4.0/empresas/151/045/imagenes/t00010602/0170770023332.jpg
17;77;33;14579;0170770023326;SI;REC.GLASS;60x60n(C) PORTLANDSTONE MARFIL;A;SI;SI;0.0000;SOL12;PAMESA;PAMESA;F/30/05;8429991102678;;8429991773199;M2;5;1.80;30;54.00;34.50;1,055.00;120.00;80.00;74.00;;9.00;17/02/2025;PAMESA;PAMESA;GRES PORCELNICO;0170770023326;;SOLID;PORTLANDSTONE;PIEDRA;;POLIVALENTE;BASE;BASE;MATE RECTIFICADO;VARIACION LEVE;;NO;;;;CLASE 1;R9;;GRUPO BIa;GL Esmaltado;;36 Low;NO;;1600-2400 N - 35-45 N/mm2;1;017.077.0033.14579;60X60N(20MM);CATLOGO PAMESA;6;;60;60;9;3600;60x60;PORTLANDSTONE;MARFIL;https://www.pamesa.com/ERP/4.0/empresas/151/045/imagenes/t00010602/0170770023326.jpg
17;77;285;14579;0170770023327;SI;REC.GLASS;60x60n(C) PORTLANDSTONE TAUPE;A;SI;SI;0.0000;SOL12;PAMESA;PAMESA;F/30/05;8429991102685;;8429991773199;M2;5;1.80;30;54.00;34.50;1,055.00;120.00;80.00;74.00;;9.00;17/02/2025;PAMESA;PAMESA;GRES PORCELNICO;0170770023327;;SOLID;PORTLANDSTONE;PIEDRA;;POLIVALENTE;BASE;BASE;MATE RECTIFICADO;VARIACION LEVE;;NO;;;;CLASE 1;R9;;GRUPO BIa;GL Esmaltado;;36 Low;NO;;1600-2400 N - 35-45 N/mm2;1;017.077.0285.14579;60x60;CATLOGO PAMESA;;;60;60;9;3600;60x60;PORTLANDSTONE;TAUPE;https://www.pamesa.com/ERP/4.0/empresas/151/045/imagenes/t00010602/0170770023327.jpg
25;590;12;14579;0255900023325;SI;PZ.ESP COM-GLAS;30x30(7)Malla PORTLANDSTONE BLANCO;A;SI;SI;57.7500;MOS7;PAMESA;PAMESA;E/42/11;8429991962586;;;M2;11;1.00;42;42.00;23.10;990.20;120.00;80.00;;;;06/09/2024;PAMESA;PAMESA;GRES PORCELNICO;0255900023325;;SOLID;PORTLANDSTONE;PIEDRA;;POLIVALENTE;BASE;BASE;MATE RECTIFICADO;VARIACION LEVE;;NO;NO;;;CLASE 1;;;GRUPO BIa;GL Esmaltado;;;NO;;;1;025.590.0012.14579;100x100(N)20MM;CATLOGO PAMESA;;;30;30;0;900;30x30;PORTLANDSTONE;BLANCO;https://www.pamesa.com/ERP/4.0/empresas/151/045/imagenes/t00010602/0255900023325.jpg
25;590;2;14579;0255900023332;SI;PZ.ESP COM-GLAS;30x30(7)Malla PORTLANDSTONE GRIS;A;SI;SI;57.7500;MOS7;PAMESA;PAMESA;E/42/11;8429991962579;;;M2;11;1.00;42;42.00;23.10;990.20;120.00;80.00;;;;06/09/2024;PAMESA;PAMESA;GRES PORCELNICO;0255900023332;;SOLID;PORTLANDSTONE;PIEDRA;;POLIVALENTE;BASE;BASE;MATE RECTIFICADO;VARIACION LEVE;;NO;NO;;;CLASE 1;;;GRUPO BIa;GL Esmaltado;;;NO;;;1;025.590.0002.14579;30x30 (5)Malla;CATLOGO PAMESA;;;30;30;0;900;30x30;PORTLANDSTONE;GRIS;https://www.pamesa.com/ERP/4.0/empresas/151/045/imagenes/t00010602/0255900023332.jpg
25;590;33;14579;0255900023326;SI;PZ.ESP COM-GLAS;30x30(7)Malla PORTLANDSTONE MARFIL;A;SI;SI;57.7500;MOS7;PAMESA;PAMESA;E/42/11;8429991962593;;;M2;11;1.00;42;42.00;23.10;990.20;120.00;80.00;;;;06/09/2024;PAMESA;PAMESA;GRES PORCELNICO;0255900023326;;SOLID;PORTLANDSTONE;PIEDRA;;POLIVALENTE;BASE;BASE;MATE RECTIFICADO;VARIACION LEVE;;NO;NO;;;CLASE 1;;;GRUPO BIa;GL Esmaltado;;;NO;;;1;025.590.0033.14579;60X120(n);CATLOGO PAMESA;;;30;30;0;900;30x30;PORTLANDSTONE;MARFIL;https://www.pamesa.com/ERP/4.0/empresas/151/045/imagenes/t00010602/0255900023326.jpg
25;590;285;14579;0255900023327;SI;PZ.ESP COM-GLAS;30x30(7)Malla PORTLANDSTONE TAUPE;A;SI;SI;57.7500;MOS7;PAMESA;PAMESA;E/42/11;8429991962609;;;M2;11;1.00;42;42.00;23.10;990.20;120.00;80.00;;;;06/09/2024;PAMESA;PAMESA;GRES PORCELNICO;0255900023327;;SOLID;PORTLANDSTONE;PIEDRA;;POLIVALENTE;BASE;BASE;MATE RECTIFICADO;VARIACION LEVE;;NO;NO;;;CLASE 1;;;GRUPO BIa;GL Esmaltado;;;NO;;;1;025.590.0285.14579;30X30 (5)MALLA;CATLOGO PAMESA;;;30;30;0;900;30x30;PORTLANDSTONE;TAUPE;https://www.pamesa.com/ERP/4.0/empresas/151/045/imagenes/t00010602/0255900023327.jpg
33;120;108;14182;0331200022129;SI;POLIMAT;120x120 PRINCE WHITE;A;SI;SI;51.0000;SOL37;PAMESA;PAMESA;23/36/01;8429991877262;;8429991773199;M2;1;1.44;36;51.84;34.36;1,276.96;126.00;126.00;71.00;;;17/01/2024;PAMESA;PAMESA;ANTIC GRES PORCELNICO RECTF.;0331200022129;;SOLID;PRINCE;PIEDRA;;POLIVALENTE;BASE;BASE;ANTIC;VARIACION ALTA;NO;SI;;;;CLASE 0;;;GRUPO BIa;GL Esmaltado;;;NO;;1600-2400 N - 35-45 N/mm2;1;033.120.0108.14182;120X120;CATLOGO PAMESA;;;120;120;10,2;14400;120x120;PRINCE;WHITE;https://www.pamesa.com/ERP/4.0/empresas/151/045/imagenes/t00010602/0331200022129.jpg
33;869;108;14182;0338690022129;SI;POLIMAT;60x120 PRINCE WHITE;A;SI;SI;37.5000;SOL27;PAMESA;PAMESA;L/32/02;8429991878214;;8429991773199;M2;2;1.44;32;46.08;34.25;1,121.00;122.00;84.00;75.00;;10.50;18/01/2024;PAMESA;PAMESA;ANTIC GRES PORCELNICO RECTF.;0338690022129;;SOLID;PRINCE;PIEDRA;;POLIVALENTE;;BASE;;;NO;SI;;;;CLASE 0;;;GRUPO BIa;GL Esmaltado;;;NO;;1600-2400 N - 35-45 N/mm2;1;033.869.0108.14182;36x80;CATLOGO PAMESA;;;60;120;10,5;7200;60x120;PRINCE;WHITE;https://www.pamesa.com/ERP/4.0/empresas/151/045/imagenes/t00010602/0338690022129.jpg
15;722;110;16131;0157220041905;SI;COM.GL;30,3x61,3 RLV.EXT.AQUASTONE GREEN;A;SI;SI;0.0000;SOL52;PAMESA;PAMESA;F/40/07;8429991194093;;8429991773182;M2;7;1.30;40;52.00;25.00;1,020.00;120.00;80.00;74.50;5;9.00;11/11/2025;PAMESA;PAMESA;GRES PORCELNICO;0157220041905;;SOLID;RLV.EXT.AQUASTONE;PIEDRA;;PAVIMENTO;BASE;RLV DECORADO;MATE;VARIACION ALTA;;SI;;;;CLASE 3;R11;C;GRUPO BIa;GL Esmaltado;;36 Low;NO;;1600-2400 N - 35-45 N/mm2;1;015.722.0110.16131;60x60;CATLOGO PAMESA;;;30,3;61,3;9;1857,39;30,3x61,3;RLV.EXT.AQUASTONE;GREEN;https://www.pamesa.com/ERP/4.0/empresas/151/045/imagenes/t00010602/0157220041905.jpg
15;722;408;16131;0157220041907;SI;COM.GL;30,3x61,3 RLV.EXT.AQUASTONE GREIGE;A;SI;SI;0.0000;SOL52;PAMESA;PAMESA;F/40/07;8429991194109;;8429991773182;M2;7;1.30;40;52.00;25.00;1,020.00;120.00;80.00;74.50;5;9.00;11/11/2025;PAMESA;PAMESA;GRES PORCELNICO;0157220041907;;SOLID;RLV.EXT.AQUASTONE;PIEDRA;;PAVIMENTO;BASE;RLV DECORADO;MATE;VARIACION ALTA;;SI;;;;CLASE 3;R11;C;GRUPO BIa;GL Esmaltado;;36 Low;NO;;1600-2400 N - 35-45 N/mm2;1;015.722.0408.16131;60X120(n);CATLOGO PAMESA;;;30,3;61,3;9;1857,39;30,3x61,3;RLV.EXT.AQUASTONE;GREIGE;https://www.pamesa.com/ERP/4.0/empresas/151/045/imagenes/t00010602/0157220041907.jpg
52;961;111;5050;0529611115050;SI;SLIM MATE RECTIF.;120x280(6mm) ROMA BLUE;A;SI;SI;0.0000;XXL04;PAMESA;PAMESA;05/20/01;8429991956608;;8429991773199;M2;1;3.36;20;67.20;52.00;1,140.00;290.00;140.00;36.00;;;01/08/2024;PAMESA;PAMESA;GRES PORCELNICO;0529611115050;;SOLID;ROMA;MARMOL;;POLIVALENTE;BASE;BASE;MATE RECTIFICADO;VARIACION ALTA;;NO;NO;;;CLASE 1;R9;;GRUPO BIa;GL Esmaltado;;;NO;;;1;052.961.0111.05050;25X100;CATLOGO PAMESA;;;120;280;6;33600;120x280;ROMA;BLUE;https://www.pamesa.com/ERP/4.0/empresas/151/045/imagenes/t00010602/0529611115050.jpg
17;250;7;5050;0172500042720;NO;REC.GLASS;60x120(n) ROMA BEIGE;A;SI;SI;0.0000;SOL23;PAMESA;PAMESA;L/36/02 RF;8429991198169;;8429991773199;M2;2;1.44;36;51.84;28.62;1,055.32;122.00;84.00;73.50;;;20/11/2025;PAMESA;PAMESA;GRES PORCELNICO;0172500042720;;SOLID;ROMA;MARMOL;;POLIVALENTE;BASE;BASE;MATE RECTIFICADO;VARIACION ALTA;;;;;;CLASE 1;R9;;GRUPO BIa;GL Esmaltado;;;NO;;1600-2400 N - 35-45 N/mm2;1;017.250.0007.05050;120X120;CATLOGO PAMESA;;;60;120;9;7200;60x120;ROMA;BEIGE;https://www.pamesa.com/ERP/4.0/empresas/151/045/imagenes/t00010602/0172500042720.jpg
17;250;111;5050;0172501115050;SI;REC.GLASS;60x120(n) ROMA BLUE;A;SI;SI;0.0000;SOL23;PAMESA;PAMESA;L/36/02 RF;8429991979607;;8429991773199;M2;2;1.44;36;51.84;28.62;1,055.32;122.00;84.00;73.50;;;22/11/2024;PAMESA;PAMESA;GRES PORCELNICO;0172501115050;;SOLID;ROMA;MARMOL;;POLIVALENTE;BASE;BASE;MATE RECTIFICADO;VARIACION ALTA;;ESTRUCTURANTE;;;;CLASE 1;R9;;GRUPO BIa;GL Esmaltado;;;NO;;1600-2400 N - 35-45 N/mm2;1;017.250.0111.05050;60X60N(20MM);CATLOGO PAMESA;;;60;120;9;7200;60x120;ROMA;BLUE;https://www.pamesa.com/ERP/4.0/empresas/151/045/imagenes/t00010602/0172501115050.jpg
25;590;111;5050;0255901115050;SI;PZ.ESP COM-GLAS;30x30(7)Malla ROMA BLUE;A;SI;SI;57.7500;MOS7;PAMESA;PAMESA;E/42/11;8429991986667;;;M2;11;1.00;42;42.00;23.10;990.20;120.00;80.00;;;;20/12/2024;PAMESA;PAMESA;GRES PORCELNICO;0255901115050;;SOLID;ROMA;MARMOL;;POLIVALENTE;MALLA;MOSAICO;MATE RECTIFICADO;VARIACION ALTA;;ESTRUCTURANTE;;;;CLASE 1;;;GRUPO BIa;GL Esmaltado;;;NO;;;1;025.590.0111.05050;90X90(N);CATLOGO PAMESA;;;30;30;0;900;30x30;ROMA;BLUE;https://www.pamesa.com/ERP/4.0/empresas/151/045/imagenes/t00010602/0255901115050.jpg
50;120;298;11903;0501200015580;SI;LUXGLASS;120x120 RUSTY METAL COAL;A;SI;SI;51.0000;SOL38;PAMESA;PAMESA;23/36/01;8429991755997;;8429991773199;M2;1;1.44;36;51.84;34.36;1,276.96;126.00;126.00;71.00;;;02/08/2022;PAMESA;PAMESA;GRES PORCELNICO;0501200015580;;SOLID;RUSTY METAL;METAL;;POLIVALENTE;BASE;BASE;LAPATTO;VARIACION ALTA;;NO;;;;CLASE 0;;;GRUPO BIa;GL Esmaltado;;;NO;;1600-2400 N - 35-45 N/mm2;1;050.120.0298.11903;23X120;CATLOGO PAMESA;;;120;120;10,2;14400;120x120;RUSTY METAL;COAL;https://www.pamesa.com/ERP/4.0/empresas/151/045/imagenes/t00010602/0501200015580.jpg
50;120;287;11903;0501200015719;SI;LUXGLASS;120x120 RUSTY METAL COPPER;A;SI;SI;51.0000;SOL38;PAMESA;PAMESA;23/36/01;8429991757120;;8429991773199;M2;1;1.44;36;51.84;34.36;1,276.96;126.00;126.00;71.00;;;05/08/2022;PAMESA;PAMESA;GRES PORCELNICO;0501200015719;;SOLID;RUSTY METAL;METAL;;POLIVALENTE;BASE;BASE;LAPATTO;VARIACION ALTA;;NO;;;;CLASE 0;;;GRUPO BIa;GL Esmaltado;;;NO;;1600-2400 N - 35-45 N/mm2;1;050.120.0287.11903;23X120(N);CATLOGO PAMESA;;;120;120;10,2;14400;120x120;RUSTY METAL;COPPER;https://www.pamesa.com/ERP/4.0/empresas/151/045/imagenes/t00010602/0501200015719.jpg
50;120;478;11903;0501200015581;SI;LUXGLASS;120x120 RUSTY METAL MOSS;A;SI;SI;51.0000;SOL38;PAMESA;PAMESA;23/36/01;8429991756000;;8429991773199;M2;1;1.44;36;51.84;34.36;1,276.96;126.00;126.00;71.00;;;02/08/2022;PAMESA;PAMESA;GRES PORCELNICO;0501200015581;;SOLID;RUSTY METAL;METAL;;POLIVALENTE;BASE;BASE;LAPATTO;VARIACION ALTA;;NO;;;;CLASE 0;;;GRUPO BIa;GL Esmaltado;;;NO;;1600-2400 N - 35-45 N/mm2;1;050.120.0478.11903;23X120(N);CATLOGO PAMESA;;;120;120;10,2;14400;120x120;RUSTY METAL;MOSS;https://www.pamesa.com/ERP/4.0/empresas/151/045/imagenes/t00010602/0501200015581.jpg
50;120;183;11903;0501200015579;SI;LUXGLASS;120x120 RUSTY METAL SILVER;A;SI;SI;51.0000;SOL38;PAMESA;PAMESA;23/36/01;8429991755980;;8429991773199;M2;1;1.44;36;51.84;34.36;1,276.96;126.00;126.00;71.00;;;02/08/2022;PAMESA;PAMESA;GRES PORCELNICO;0501200015579;;SOLID;RUSTY METAL;METAL;;POLIVALENTE;BASE;BASE;LAPATTO;VARIACION ALTA;;NO;;;;CLASE 0;;;GRUPO BIa;GL Esmaltado;;;NO;;1600-2400 N - 35-45 N/mm2;1;050.120.0183.11903;23X120(N);CATLOGO PAMESA;;;120;120;10,2;14400;120x120;RUSTY METAL;SILVER;https://www.pamesa.com/ERP/4.0/empresas/151/045/imagenes/t00010602/0501200015579.jpg
50;869;298;11903;0508690015580;SI;LUXGLASS;60x120 RUSTY METAL COAL;A;SI;SI;37.5000;SOL28;PAMESA;PAMESA;L/32/02;8429991756031;;8429991773199;M2;2;1.44;32;46.08;34.25;1,121.00;122.00;84.00;75.00;;10.50;02/08/2022;PAMESA;PAMESA;GRES PORCELNICO;0508690015580;;SOLID;RUSTY METAL;METAL;;POLIVALENTE;BASE;BASE;LAPATTO;VARIACION ALTA;;NO;;;;CLASE 0;;;GRUPO BIa;GL Esmaltado;;;NO;;1600-2400 N - 35-45 N/mm2;1;050.869.0298.11903;20x60 P;CATLOGO PAMESA;;;60;120;10,5;7200;60x120;RUSTY METAL;COAL;https://www.pamesa.com/ERP/4.0/empresas/151/045/imagenes/t00010602/0508690015580.jpg
50;869;287;11903;0508690015719;SI;LUXGLASS;60x120 RUSTY METAL COPPER;A;SI;SI;37.5000;SOL28;PAMESA;PAMESA;L/32/02;8429991761691;;8429991773199;M2;2;1.44;32;46.08;34.25;1,121.00;122.00;84.00;75.00;;10.50;05/08/2022;PAMESA;PAMESA;GRES PORCELNICO;0508690015719;;SOLID;RUSTY METAL;METAL;;POLIVALENTE;BASE;BASE;LAPATTO;VARIACION ALTA;;NO;;;;CLASE 0;;;GRUPO BIa;GL Esmaltado;;;NO;;1600-2400 N - 35-45 N/mm2;1;050.869.0287.11903;25X100;CATLOGO PAMESA;;;60;120;10,5;7200;60x120;RUSTY METAL;COPPER;https://www.pamesa.com/ERP/4.0/empresas/151/045/imagenes/t00010602/0508690015719.jpg
50;869;478;11903;0508690015581;SI;LUXGLASS;60x120 RUSTY METAL MOSS;A;SI;SI;37.5000;SOL28;PAMESA;PAMESA;L/32/02;8429991756048;;8429991773199;M2;2;1.44;32;46.08;34.25;1,121.00;122.00;84.00;75.00;;10.50;02/08/2022;PAMESA;PAMESA;GRES PORCELNICO;0508690015581;;SOLID;RUSTY METAL;METAL;;POLIVALENTE;BASE;BASE;LAPATTO;VARIACION ALTA;;NO;;;;CLASE 0;;;GRUPO BIa;GL Esmaltado;;;NO;;1600-2400 N - 35-45 N/mm2;1;050.869.0478.11903;20x60 P;CATLOGO PAMESA;;;60;120;10,5;7200;60x120;RUSTY METAL;MOSS;https://www.pamesa.com/ERP/4.0/empresas/151/045/imagenes/t00010602/0508690015581.jpg
50;869;183;11903;0508690015579;SI;LUXGLASS;60x120 RUSTY METAL SILVER;A;SI;SI;37.5000;SOL28;PAMESA;PAMESA;L/32/02;8429991756024;;8429991773199;M2;2;1.44;32;46.08;34.25;1,121.00;122.00;84.00;75.00;;10.50;02/08/2022;PAMESA;PAMESA;GRES PORCELNICO;0508690015579;;SOLID;RUSTY METAL;METAL;;POLIVALENTE;BASE;BASE;LAPATTO;VARIACION ALTA;;NO;;;;CLASE 0;;;GRUPO BIa;GL Esmaltado;;;NO;;1600-2400 N - 35-45 N/mm2;1;050.869.0183.11903;25X100;CATLOGO PAMESA;;;60;120;10,5;7200;60x120;RUSTY METAL;SILVER;https://www.pamesa.com/ERP/4.0/empresas/151/045/imagenes/t00010602/0508690015579.jpg
51;281;298;11903;0512810015580;SI;PZ.ESP.LUXGLASS;30x30 (5)Malla RUSTY METAL COAL;A;SI;SI;70.2500;MOS5;PAMESA;PAMESA;E/42/11;8429991821784;;;M2;11;1.00;42;42.00;23.00;986.00;120.00;80.00;;;;08/05/2023;PAMESA;PAMESA;GRES PORCELNICO;0512810015580;;SOLID;RUSTY METAL;METAL;;POLIVALENTE;MALLA;MOSAICO;LAPATTO;VARIACION ALTA;;NO;NO;;;CLASE 0;;;GRUPO BIa;GL Esmaltado;;;NO;;;1;051.281.0298.11903;20x120 (n);CATLOGO PAMESA;;;30;30;0;900;30x30;RUSTY METAL;COAL;https://www.pamesa.com/ERP/4.0/empresas/151/045/imagenes/t00010602/0512810015580.jpg
51;281;287;11903;0512810015719;SI;PZ.ESP.LUXGLASS;30x30 (5)Malla RUSTY METAL COPPER;A;SI;SI;70.2500;MOS5;PAMESA;PAMESA;E/42/11;8429991821807;;;M2;11;1.00;42;42.00;23.00;986.00;120.00;80.00;;;;08/05/2023;PAMESA;PAMESA;GRES PORCELNICO;0512810015719;;SOLID;RUSTY METAL;METAL;;POLIVALENTE;MALLA;MOSAICO;LAPATTO;VARIACION ALTA;;NO;NO;;;CLASE 0;;;GRUPO BIa;GL Esmaltado;;;NO;;;1;051.281.0287.11903;20x60 P;CATLOGO PAMESA;;;30;30;0;900;30x30;RUSTY METAL;COPPER;https://www.pamesa.com/ERP/4.0/empresas/151/045/imagenes/t00010602/0512810015719.jpg
51;281;478;11903;0512810015581;SI;PZ.ESP.LUXGLASS;30x30 (5)Malla RUSTY METAL MOSS;A;SI;SI;70.2500;MOS5;PAMESA;PAMESA;E/42/11;8429991821746;;;M2;11;1.00;42;42.00;23.00;986.00;120.00;80.00;;;;08/05/2023;PAMESA;PAMESA;GRES PORCELNICO;0512810015581;;SOLID;RUSTY METAL;METAL;;POLIVALENTE;MALLA;MOSAICO;LAPATTO;VARIACION ALTA;;NO;NO;;;CLASE 0;;;GRUPO BIa;GL Esmaltado;;;NO;;;1;051.281.0478.11903;20x120 (n);CATLOGO PAMESA;;;30;30;0;900;30x30;RUSTY METAL;MOSS;https://www.pamesa.com/ERP/4.0/empresas/151/045/imagenes/t00010602/0512810015581.jpg
51;281;183;11903;0512810015579;SI;PZ.ESP.LUXGLASS;30x30 (5)Malla RUSTY METAL SILVER;A;SI;SI;70.2500;MOS5;PAMESA;PAMESA;E/42/11;8429991821760;;;M2;11;1.00;42;42.00;23.00;986.00;120.00;80.00;;;;08/05/2023;PAMESA;PAMESA;GRES PORCELNICO;0512810015579;;SOLID;RUSTY METAL;METAL;;POLIVALENTE;MALLA;MOSAICO;LAPATTO;VARIACION ALTA;;NO;NO;;;CLASE 0;;;GRUPO BIa;GL Esmaltado;;;NO;;;1;051.281.0183.11903;20x60 P;CATLOGO PAMESA;;;30;30;0;900;30x30;RUSTY METAL;SILVER;https://www.pamesa.com/ERP/4.0/empresas/151/045/imagenes/t00010602/0512810015579.jpg
71;869;344;11381;0718690013916;SI;ABS SEMIPUL.;60x120 SLATE WAY ASH;A;SI;SI;37.5000;SOL28;PAMESA;PAMESA;L/32/02;8429991717797;;8429991773199;M2;2;1.44;32;46.08;34.25;1,121.00;122.00;84.00;75.00;;10.50;07/03/2022;PAMESA;PAMESA;GRES PORCELNICO;0718690013916;;SOLID;SLATE WAY;PIEDRA;;POLIVALENTE;BASE;BASE;LAPATTO;VARIACION MODERADA;;NO;;;;CLASE 0;;;GRUPO BIa;GL Esmaltado;;;NO;;1600-2400 N - 35-45 N/mm2;1;071.869.0344.11381;60X120(n);CATLOGO PAMESA;;;60;120;10,5;7200;60x120;SLATE WAY;ASH;https://www.pamesa.com/ERP/4.0/empresas/151/045/imagenes/t00010602/0718690013916.jpg
71;869;109;11381;0718690013913;SI;ABS SEMIPUL.;60x120 SLATE WAY BROWN;A;SI;SI;37.5000;SOL28;PAMESA;PAMESA;L/32/02;8429991717766;;8429991773199;M2;2;1.44;32;46.08;34.25;1,121.00;122.00;84.00;75.00;;10.50;07/03/2022;PAMESA;PAMESA;GRES PORCELNICO;0718690013913;;SOLID;SLATE WAY;PIEDRA;;POLIVALENTE;BASE;BASE;LAPATTO;VARIACION MODERADA;;NO;;;;CLASE 0;;;GRUPO BIa;GL Esmaltado;;;NO;;1600-2400 N - 35-45 N/mm2;1;071.869.0109.11381;20X75;CATLOGO PAMESA;;;60;120;10,5;7200;60x120;SLATE WAY;BROWN;https://www.pamesa.com/ERP/4.0/empresas/151/045/imagenes/t00010602/0718690013913.jpg
71;869;110;11381;0718690013915;SI;ABS SEMIPUL.;60x120 SLATE WAY GREEN;A;SI;SI;37.5000;SOL28;PAMESA;PAMESA;L/32/02;8429991717780;;8429991773199;M2;2;1.44;32;46.08;34.25;1,121.00;122.00;84.00;75.00;;10.50;07/03/2022;PAMESA;PAMESA;GRES PORCELNICO;0718690013915;;SOLID;SLATE WAY;PIEDRA;;POLIVALENTE;BASE;BASE;LAPATTO;VARIACION MODERADA;;NO;;;;CLASE 0;;;GRUPO BIa;GL Esmaltado;;;NO;;1600-2400 N - 35-45 N/mm2;1;071.869.0110.11381;20X75;CATLOGO PAMESA;;;60;120;10,5;7200;60x120;SLATE WAY;GREEN;https://www.pamesa.com/ERP/4.0/empresas/151/045/imagenes/t00010602/0718690013915.jpg
71;869;171;11381;0718690013914;SI;ABS SEMIPUL.;60x120 SLATE WAY OCEAN;A;SI;SI;37.5000;SOL28;PAMESA;PAMESA;L/32/02;8429991717773;;8429991773199;M2;2;1.44;32;46.08;34.25;1,121.00;122.00;84.00;75.00;;10.50;07/03/2022;PAMESA;PAMESA;GRES PORCELNICO;0718690013914;;SOLID;SLATE WAY;PIEDRA;;POLIVALENTE;BASE;BASE;LAPATTO;VARIACION MODERADA;;NO;;;;CLASE 0;;;GRUPO BIa;GL Esmaltado;;;NO;;1600-2400 N - 35-45 N/mm2;1;071.869.0171.11381;60X120(n);CATLOGO PAMESA;;;60;120;10,5;7200;60x120;SLATE WAY;OCEAN;https://www.pamesa.com/ERP/4.0/empresas/151/045/imagenes/t00010602/0718690013914.jpg
71;869;169;11381;0718690013917;SI;ABS SEMIPUL.;60x120 SLATE WAY PEARL;A;SI;SI;37.5000;SOL28;PAMESA;PAMESA;L/32/02;8429991717803;;8429991773199;M2;2;1.44;32;46.08;34.25;1,121.00;122.00;84.00;75.00;;10.50;07/03/2022;PAMESA;PAMESA;GRES PORCELNICO;0718690013917;;SOLID;SLATE WAY;PIEDRA;;POLIVALENTE;BASE;BASE;LAPATTO;VARIACION MODERADA;;NO;;;;CLASE 0;;;GRUPO BIa;GL Esmaltado;;;NO;;1600-2400 N - 35-45 N/mm2;1;071.869.0169.11381;60X120(n);CATLOGO PAMESA;;;60;120;10,5;7200;60x120;SLATE WAY;PEARL;https://www.pamesa.com/ERP/4.0/empresas/151/045/imagenes/t00010602/0718690013917.jpg
17;250;344;15039;0172500024850;SI;REC.GLASS;60x120(n) SLATE WAY M ASH;A;SI;SI;0.0000;SOL25;PAMESA;PAMESA;L/36/02 RF;8429991987459;;8429991773199;M2;2;1.44;36;51.84;28.62;1,055.32;122.00;84.00;73.50;;;31/12/2024;PAMESA;PAMESA;GRES PORCELNICO;0172500024850;;SOLID;SLATE WAY;PIEDRA;;POLIVALENTE;BASE;BASE;MATE RECTIFICADO;VARIACION MODERADA;;NO;;;;;R10;B;GRUPO BIa;GL Esmaltado;;36 Low;NO;;1600-2400 N - 35-45 N/mm2;1;017.250.0344.15039;60,8x60,8;CATLOGO PAMESA;;;60;120;9;7200;60x120;SLATE WAY M;ASH;https://www.pamesa.com/ERP/4.0/empresas/151/045/imagenes/t00010602/0172500024850.jpg
17;250;109;15039;0172500024798;SI;REC.GLASS;60x120(n) SLATE WAY M BROWN;A;SI;SI;0.0000;SOL25;PAMESA;PAMESA;L/36/02 RF;8429991987411;;8429991773199;M2;2;1.44;36;51.84;28.62;1,055.32;122.00;84.00;73.50;;;31/12/2024;PAMESA;PAMESA;GRES PORCELNICO;0172500024798;;SOLID;SLATE WAY;PIEDRA;;POLIVALENTE;BASE;BASE;MATE RECTIFICADO;VARIACION MODERADA;;NO;;;;;R10;B;GRUPO BIa;GL Esmaltado;;36 Low;NO;;1600-2400 N - 35-45 N/mm2;1;017.250.0109.15039;60X60N(20MM);CATLOGO PAMESA;;;60;120;9;7200;60x120;SLATE WAY M;BROWN;https://www.pamesa.com/ERP/4.0/empresas/151/045/imagenes/t00010602/0172500024798.jpg
17;250;110;15039;0172500024846;SI;REC.GLASS;60x120(n) SLATE WAY M GREEN;A;SI;SI;0.0000;SOL25;PAMESA;PAMESA;L/36/02 RF;8429991987428;;8429991773199;M2;2;1.44;36;51.84;28.62;1,055.32;122.00;84.00;73.50;;;31/12/2024;PAMESA;PAMESA;GRES PORCELNICO;0172500024846;;SOLID;SLATE WAY;PIEDRA;;POLIVALENTE;BASE;BASE;MATE RECTIFICADO;VARIACION MODERADA;;NO;;;;CLASE 3;R10;B;GRUPO BIa;GL Esmaltado;;36 Low;NO;;1600-2400 N - 35-45 N/mm2;1;017.250.0110.15039;60x60;CATLOGO PAMESA;;;60;120;9;7200;60x120;SLATE WAY M;GREEN;https://www.pamesa.com/ERP/4.0/empresas/151/045/imagenes/t00010602/0172500024846.jpg
17;250;171;15039;0172500024849;SI;REC.GLASS;60x120(n) SLATE WAY M OCEAN;A;SI;SI;0.0000;SOL25;PAMESA;PAMESA;L/36/02 RF;8429991987442;;8429991773199;M2;2;1.44;36;51.84;28.62;1,055.32;122.00;84.00;73.50;;;31/12/2024;PAMESA;PAMESA;GRES PORCELNICO;0172500024849;;SOLID;SLATE WAY;PIEDRA;;POLIVALENTE;BASE;BASE;MATE RECTIFICADO;VARIACION MODERADA;;NO;;;;;R10;B;GRUPO BIa;GL Esmaltado;;36 Low;NO;;1600-2400 N - 35-45 N/mm2;1;017.250.0171.15039;120X120;CATLOGO PAMESA;;;60;120;9;7200;60x120;SLATE WAY M;OCEAN;https://www.pamesa.com/ERP/4.0/empresas/151/045/imagenes/t00010602/0172500024849.jpg
17;250;169;15039;0172500024848;SI;REC.GLASS;60x120(n) SLATE WAY M PEARL;A;SI;SI;0.0000;SOL25;PAMESA;PAMESA;L/36/02 RF;8429991987435;;8429991773199;M2;2;1.44;36;51.84;28.62;1,055.32;122.00;84.00;73.50;;;31/12/2024;PAMESA;PAMESA;GRES PORCELNICO;0172500024848;;SOLID;SLATE WAY;PIEDRA;;POLIVALENTE;BASE;BASE;MATE RECTIFICADO;VARIACION MODERADA;;NO;;;;;R10;B;GRUPO BIa;GL Esmaltado;;36 Low;NO;;1600-2400 N - 35-45 N/mm2;1;017.250.0169.15039;120X120;CATLOGO PAMESA;;;60;120;9;7200;60x120;SLATE WAY M;PEARL;https://www.pamesa.com/ERP/4.0/empresas/151/045/imagenes/t00010602/0172500024848.jpg
17;840;344;15039;0178400024850;SI;REC.GLASS;60x60 SLATE WAY M ASH;A;SI;SI;0.0000;SOL12;PAMESA;PAMESA;F/30/04 9MM;8429991995737;;8429991773199;M2;4;1.44;30;43.20;29.75;912.50;120.00;80.00;73.50;;9.00;29/01/2025;PAMESA;PAMESA;GRES PORCELNICO;0178400024850;;SOLID;SLATE WAY;PIEDRA;;POLIVALENTE;BASE;BASE;MATE RECTIFICADO;VARIACION MODERADA;;NO;;;;CLASE 3;R10;B;GRUPO BIa;GL Esmaltado;;36 Low;NO;;1600-2400 N - 35-45 N/mm2;1;017.840.0344.15039;60x60;CATLOGO PAMESA;;;60;60;9;3600;60x60;SLATE WAY M;ASH;https://www.pamesa.com/ERP/4.0/empresas/151/045/imagenes/t00010602/0178400024850.jpg
17;840;109;15039;0178400024798;SI;REC.GLASS;60x60 SLATE WAY M BROWN;A;SI;SI;0.0000;SOL12;PAMESA;PAMESA;F/30/04 9MM;8429991995690;;8429991773199;M2;4;1.44;30;43.20;29.75;912.50;120.00;80.00;73.50;;9.00;29/01/2025;PAMESA;PAMESA;GRES PORCELNICO;0178400024798;;SOLID;SLATE WAY;PIEDRA;;POLIVALENTE;BASE;BASE;MATE RECTIFICADO;VARIACION MODERADA;;NO;;;;CLASE 3;R10;B;GRUPO BIa;GL Esmaltado;;36 Low;NO;;1600-2400 N - 35-45 N/mm2;1;017.840.0109.15039;60x60;CATLOGO PAMESA;;;60;60;9;3600;60x60;SLATE WAY M;BROWN;https://www.pamesa.com/ERP/4.0/empresas/151/045/imagenes/t00010602/0178400024798.jpg
17;840;110;15039;0178400024846;SI;REC.GLASS;60x60 SLATE WAY M GREEN;A;SI;SI;0.0000;SOL12;PAMESA;PAMESA;F/30/04 9MM;8429991995706;;8429991773199;M2;4;1.44;30;43.20;29.75;912.50;120.00;80.00;73.50;;9.00;29/01/2025;PAMESA;PAMESA;GRES PORCELNICO;0178400024846;;SOLID;SLATE WAY;PIEDRA;;POLIVALENTE;BASE;BASE;MATE RECTIFICADO;VARIACION MODERADA;;NO;;;;CLASE 3;R10;B;GRUPO BIa;GL Esmaltado;;36 Low;NO;;1600-2400 N - 35-45 N/mm2;1;017.840.0110.15039;60x60;CATLOGO PAMESA;;;60;60;9;3600;60x60;SLATE WAY M;GREEN;https://www.pamesa.com/ERP/4.0/empresas/151/045/imagenes/t00010602/0178400024846.jpg
17;840;171;15039;0178400024849;SI;REC.GLASS;60x60 SLATE WAY M OCEAN;A;SI;SI;0.0000;SOL12;PAMESA;PAMESA;F/30/04 9MM;8429991995720;;8429991773199;M2;4;1.44;30;43.20;29.75;912.50;120.00;80.00;73.50;;9.00;29/01/2025;PAMESA;PAMESA;GRES PORCELNICO;0178400024849;;SOLID;SLATE WAY;PIEDRA;;POLIVALENTE;BASE;BASE;MATE RECTIFICADO;VARIACION MODERADA;;NO;;;;CLASE 3;R10;B;GRUPO BIa;GL Esmaltado;;36 Low;NO;;1600-2400 N - 35-45 N/mm2;1;017.840.0171.15039;60X120 RF;CATLOGO PAMESA;;;60;60;9;3600;60x60;SLATE WAY M;OCEAN;https://www.pamesa.com/ERP/4.0/empresas/151/045/imagenes/t00010602/0178400024849.jpg
17;840;169;15039;0178400024848;SI;REC.GLASS;60x60 SLATE WAY M PEARL;A;SI;SI;0.0000;SOL12;PAMESA;PAMESA;F/30/04 9MM;8429991995713;;8429991773199;M2;4;1.44;30;43.20;29.75;912.50;120.00;80.00;73.50;;9.00;29/01/2025;PAMESA;PAMESA;GRES PORCELNICO;0178400024848;;SOLID;SLATE WAY;PIEDRA;;POLIVALENTE;BASE;BASE;MATE RECTIFICADO;VARIACION MODERADA;;NO;;;;CLASE 3;R10;B;GRUPO BIa;GL Esmaltado;;36 Low;NO;;1600-2400 N - 35-45 N/mm2;1;017.840.0169.15039;60X120 RF;CATLOGO PAMESA;;;60;60;9;3600;60x60;SLATE WAY M;PEARL;https://www.pamesa.com/ERP/4.0/empresas/151/045/imagenes/t00010602/0178400024848.jpg
17;450;344;15039;0174500024850;SI;REC.GLASS;30x60 (C) SLATE WAY M ASH;A;SI;SI;0.0000;SOL06;PAMESA;PAMESA;F/48/06 9MM;8429991995782;;8429991773199;M2;6;1.08;48;51.84;22.63;1,106.24;120.00;80.00;74.00;;9.00;29/01/2025;PAMESA;PAMESA;GRES PORCELNICO;0174500024850;;SOLID;SLATE WAY;PIEDRA;;POLIVALENTE;BASE;BASE;MATE RECTIFICADO;VARIACION MODERADA;;NO;;;;;R10;B;GRUPO BIa;GL Esmaltado;;36 Low;NO;;1600-2400 N - 35-45 N/mm2;1;017.450.0344.15039;60x60;CATLOGO PAMESA;;;30;60;9,5;1800;30x60;SLATE WAY M;ASH;https://www.pamesa.com/ERP/4.0/empresas/151/045/imagenes/t00010602/0174500024850.jpg
17;450;109;15039;0174500024798;SI;REC.GLASS;30x60 (C) SLATE WAY M BROWN;A;SI;SI;0.0000;SOL06;PAMESA;PAMESA;F/48/06 9MM;8429991995744;;8429991773199;M2;6;1.08;48;51.84;22.63;1,106.24;120.00;80.00;74.00;;9.00;29/01/2025;PAMESA;PAMESA;GRES PORCELNICO;0174500024798;;SOLID;SLATE WAY;PIEDRA;;POLIVALENTE;BASE;BASE;MATE RECTIFICADO;VARIACION MODERADA;;NO;;;;;R10;B;GRUPO BIa;GL Esmaltado;;36 Low;NO;;1600-2400 N - 35-45 N/mm2;1;017.450.0109.15039;90X90(N);CATLOGO PAMESA;;;30;60;9,5;1800;30x60;SLATE WAY M;BROWN;https://www.pamesa.com/ERP/4.0/empresas/151/045/imagenes/t00010602/0174500024798.jpg
17;450;110;15039;0174500024846;SI;REC.GLASS;30x60 (C) SLATE WAY M GREEN;A;SI;SI;0.0000;SOL06;PAMESA;PAMESA;F/48/06 9MM;8429991995751;;8429991773199;M2;6;1.08;48;51.84;22.63;1,106.24;120.00;80.00;74.00;;9.00;29/01/2025;PAMESA;PAMESA;GRES PORCELNICO;0174500024846;;SOLID;SLATE WAY;PIEDRA;;POLIVALENTE;BASE;BASE;MATE RECTIFICADO;VARIACION MODERADA;;NO;;;;;R10;B;GRUPO BIa;GL Esmaltado;;36 Low;NO;;1600-2400 N - 35-45 N/mm2;1;017.450.0110.15039;90X90(N);CATLOGO PAMESA;;;30;60;9,5;1800;30x60;SLATE WAY M;GREEN;https://www.pamesa.com/ERP/4.0/empresas/151/045/imagenes/t00010602/0174500024846.jpg
17;450;171;15039;0174500024849;SI;REC.GLASS;30x60 (C) SLATE WAY M OCEAN;A;SI;SI;0.0000;SOL06;PAMESA;PAMESA;F/48/06 9MM;8429991995775;;8429991773199;M2;6;1.08;48;51.84;22.63;1,106.24;120.00;80.00;74.00;;9.00;29/01/2025;PAMESA;PAMESA;GRES PORCELNICO;0174500024849;;SOLID;SLATE WAY;PIEDRA;;POLIVALENTE;BASE;BASE;MATE RECTIFICADO;VARIACION MODERADA;;NO;;;;;R10;B;GRUPO BIa;GL Esmaltado;;36 Low;NO;;1600-2400 N - 35-45 N/mm2;1;017.450.0171.15039;60X120(n);CATLOGO PAMESA;;;30;60;9,5;1800;30x60;SLATE WAY M;OCEAN;https://www.pamesa.com/ERP/4.0/empresas/151/045/imagenes/t00010602/0174500024849.jpg
17;450;169;15039;0174500024848;SI;REC.GLASS;30x60 (C) SLATE WAY M PEARL;A;SI;SI;0.0000;SOL06;PAMESA;PAMESA;F/48/06 9MM;8429991995768;;8429991773199;M2;6;1.08;48;51.84;22.63;1,106.24;120.00;80.00;74.00;;9.00;29/01/2025;PAMESA;PAMESA;GRES PORCELNICO;0174500024848;;SOLID;SLATE WAY;PIEDRA;;POLIVALENTE;BASE;BASE;MATE RECTIFICADO;VARIACION MODERADA;;NO;;;;;R10;B;GRUPO BIa;GL Esmaltado;;36 Low;NO;;1600-2400 N - 35-45 N/mm2;1;017.450.0169.15039;60X120(n);CATLOGO PAMESA;;;30;60;9,5;1800;30x60;SLATE WAY M;PEARL;https://www.pamesa.com/ERP/4.0/empresas/151/045/imagenes/t00010602/0174500024848.jpg
25;590;344;11381;0255900013916;SI;PZ.ESP COM-GLAS;30x30(7)Malla SLATE WAY ASH;A;SI;SI;57.7500;MOS7;PAMESA;PAMESA;E/42/11;8429991739416;;;M2;11;1.00;42;42.00;23.10;990.20;120.00;80.00;;;;08/06/2022;PAMESA;PAMESA;GRES PORCELNICO;0255900013916;;SOLID;SLATE WAY;PIEDRA;;POLIVALENTE;MALLA;MOSAICO;MATE RECTIFICADO;VARIACION MODERADA;;NO;;;;;;;GRUPO BIa;GL Esmaltado;;;NO;;1600-2400 N - 35-45 N/mm2;1;025.590.0344.11381;120X120(T);CATLOGO PAMESA;;;30;30;0;900;30x30;SLATE WAY;ASH;https://www.pamesa.com/ERP/4.0/empresas/151/045/imagenes/t00010602/0255900013916.jpg
51;590;344;11381;0515900013916;SI;PZ.ESP.LUXGLASS;30x30(7)Malla SLATE WAY ASH;A;SI;SI;57.7500;MOS7;PAMESA;PAMESA;E/42/11;8429991739461;;;M2;11;1.00;42;42.00;23.10;990.20;120.00;80.00;;;;08/06/2022;PAMESA;PAMESA;GRES PORCELNICO;0515900013916;;SOLID;SLATE WAY;PIEDRA;;POLIVALENTE;MALLA;MOSAICO;LAPATTO;VARIACION MODERADA;;NO;;;;CLASE 0;;;GRUPO BIa;GL Esmaltado;;;NO;;1600-2400 N - 35-45 N/mm2;1;051.590.0344.11381;20x60 P;CATLOGO PAMESA;;;30;30;0;900;30x30;SLATE WAY;ASH;https://www.pamesa.com/ERP/4.0/empresas/151/045/imagenes/t00010602/0515900013916.jpg
25;590;109;11381;0255900013913;SI;PZ.ESP COM-GLAS;30x30(7)Malla SLATE WAY BROWN;A;SI;SI;57.7500;MOS7;PAMESA;PAMESA;E/42/11;8429991739379;;;M2;11;1.00;42;42.00;23.10;990.20;120.00;80.00;;;;08/06/2022;PAMESA;PAMESA;GRES PORCELNICO;0255900013913;;SOLID;SLATE WAY;PIEDRA;;POLIVALENTE;MALLA;MOSAICO;MATE RECTIFICADO;VARIACION MODERADA;;NO;;;;;;;GRUPO BIa;GL Esmaltado;;;NO;;1600-2400 N - 35-45 N/mm2;1;025.590.0109.11381;120X120;CATLOGO PAMESA;;;30;30;0;900;30x30;SLATE WAY;BROWN;https://www.pamesa.com/ERP/4.0/empresas/151/045/imagenes/t00010602/0255900013913.jpg
51;590;109;11381;0515900013913;SI;PZ.ESP.LUXGLASS;30x30(7)Malla SLATE WAY BROWN;A;SI;SI;57.7500;MOS7;PAMESA;PAMESA;E/42/11;8429991739423;;;M2;11;1.00;42;42.00;23.10;990.20;120.00;80.00;;;;08/06/2022;PAMESA;PAMESA;GRES PORCELNICO;0515900013913;;SOLID;SLATE WAY;PIEDRA;;POLIVALENTE;MALLA;MOSAICO;LAPATTO;VARIACION MODERADA;;NO;;;;CLASE 0;;;GRUPO BIa;GL Esmaltado;;;NO;;1600-2400 N - 35-45 N/mm2;1;051.590.0109.11381;20x120 (n);CATLOGO PAMESA;;;30;30;0;900;30x30;SLATE WAY;BROWN;https://www.pamesa.com/ERP/4.0/empresas/151/045/imagenes/t00010602/0515900013913.jpg
25;590;110;11381;0255900013915;SI;PZ.ESP COM-GLAS;30x30(7)Malla SLATE WAY GREEN;A;SI;SI;57.7500;MOS7;PAMESA;PAMESA;E/42/11;8429991739386;;;M2;11;1.00;42;42.00;23.10;990.20;120.00;80.00;;;;08/06/2022;PAMESA;PAMESA;GRES PORCELNICO;0255900013915;;SOLID;SLATE WAY;PIEDRA;;POLIVALENTE;MALLA;MOSAICO;MATE RECTIFICADO;VARIACION MODERADA;;NO;;;;;;;GRUPO BIa;GL Esmaltado;;;NO;;1600-2400 N - 35-45 N/mm2;1;025.590.0110.11381;120X120;CATLOGO PAMESA;;;30;30;0;900;30x30;SLATE WAY;GREEN;https://www.pamesa.com/ERP/4.0/empresas/151/045/imagenes/t00010602/0255900013915.jpg
51;590;110;11381;0515900013915;SI;PZ.ESP.LUXGLASS;30x30(7)Malla SLATE WAY GREEN;A;SI;SI;57.7500;MOS7;PAMESA;PAMESA;E/42/11;8429991739430;;;M2;11;1.00;42;42.00;23.10;990.20;120.00;80.00;;;;08/06/2022;PAMESA;PAMESA;GRES PORCELNICO;0515900013915;;SOLID;SLATE WAY;PIEDRA;;POLIVALENTE;MALLA;MOSAICO;LAPATTO;VARIACION MODERADA;;NO;;;;CLASE 0;;;GRUPO BIa;GL Esmaltado;;;NO;;1600-2400 N - 35-45 N/mm2;1;051.590.0110.11381;20x120 (n);CATLOGO PAMESA;;;30;30;0;900;30x30;SLATE WAY;GREEN;https://www.pamesa.com/ERP/4.0/empresas/151/045/imagenes/t00010602/0515900013915.jpg
25;590;171;11381;0255900013914;SI;PZ.ESP COM-GLAS;30x30(7)Malla SLATE WAY OCEAN;A;SI;SI;57.7500;MOS7;PAMESA;PAMESA;E/42/11;8429991739409;;;M2;11;1.00;42;42.00;23.10;990.20;120.00;80.00;;;;08/06/2022;PAMESA;PAMESA;GRES PORCELNICO;0255900013914;;SOLID;SLATE WAY;PIEDRA;;POLIVALENTE;MALLA;MOSAICO;MATE RECTIFICADO;VARIACION MODERADA;;NO;;;;;;;GRUPO BIa;GL Esmaltado;;;NO;;1600-2400 N - 35-45 N/mm2;1;025.590.0171.11381;60x60;CATLOGO PAMESA;;;30;30;0;900;30x30;SLATE WAY;OCEAN;https://www.pamesa.com/ERP/4.0/empresas/151/045/imagenes/t00010602/0255900013914.jpg
51;590;171;11381;0515900013914;SI;PZ.ESP.LUXGLASS;30x30(7)Malla SLATE WAY OCEAN;A;SI;SI;57.7500;MOS7;PAMESA;PAMESA;E/42/11;8429991739454;;;M2;11;1.00;42;42.00;23.10;990.20;120.00;80.00;;;;08/06/2022;PAMESA;PAMESA;GRES PORCELNICO;0515900013914;;SOLID;SLATE WAY;PIEDRA;;POLIVALENTE;MALLA;MOSAICO;LAPATTO;VARIACION MODERADA;;NO;;;;CLASE 0;;;GRUPO BIa;GL Esmaltado;;;NO;;1600-2400 N - 35-45 N/mm2;1;051.590.0171.11381;20x60 P;CATLOGO PAMESA;;;30;30;0;900;30x30;SLATE WAY;OCEAN;https://www.pamesa.com/ERP/4.0/empresas/151/045/imagenes/t00010602/0515900013914.jpg
25;590;169;11381;0255900013917;SI;PZ.ESP COM-GLAS;30x30(7)Malla SLATE WAY PEARL;A;SI;SI;57.7500;MOS7;PAMESA;PAMESA;E/42/11;8429991739393;;;M2;11;1.00;42;42.00;23.10;990.20;120.00;80.00;;;;08/06/2022;PAMESA;PAMESA;GRES PORCELNICO;0255900013917;;SOLID;SLATE WAY;PIEDRA;;POLIVALENTE;MALLA;MOSAICO;MATE RECTIFICADO;VARIACION MODERADA;;NO;;;;;;;GRUPO BIa;GL Esmaltado;;;NO;;1600-2400 N - 35-45 N/mm2;1;025.590.0169.11381;60X120 RF;CATLOGO PAMESA;;;30;30;0;900;30x30;SLATE WAY;PEARL;https://www.pamesa.com/ERP/4.0/empresas/151/045/imagenes/t00010602/0255900013917.jpg
51;590;169;11381;0515900013917;SI;PZ.ESP.LUXGLASS;30x30(7)Malla SLATE WAY PEARL;A;SI;SI;57.7500;MOS7;PAMESA;PAMESA;E/42/11;8429991739447;;;M2;11;1.00;42;42.00;23.10;990.20;120.00;80.00;;;;08/06/2022;PAMESA;PAMESA;GRES PORCELNICO;0515900013917;;SOLID;SLATE WAY;PIEDRA;;POLIVALENTE;MALLA;MOSAICO;LAPATTO;VARIACION MODERADA;;NO;;;;CLASE 0;;;GRUPO BIa;GL Esmaltado;;;NO;;1600-2400 N - 35-45 N/mm2;1;051.590.0169.11381;20x60 P;CATLOGO PAMESA;;;30;30;0;900;30x30;SLATE WAY;PEARL;https://www.pamesa.com/ERP/4.0/empresas/151/045/imagenes/t00010602/0515900013917.jpg
25;590;344;15039;0255900036496;SI;PZ.ESP COM-GLAS;30x30(7)Malla SLATE WAY M ASH;A;SI;SI;0.0000;MOS7;PAMESA;PAMESA;E/42/11;8429991172473;;;M2;11;1.00;42;42.00;23.10;990.20;120.00;80.00;;;;10/09/2025;PAMESA;PAMESA;GRES PORCELNICO;0255900036496;;SOLID;SLATE WAY;PIEDRA;;POLIVALENTE;MALLA;MOSAICO;MATE RECTIFICADO;VARIACION MODERADA;;;;;;;;;GRUPO BIa;GL Esmaltado;;;NO;;;1;025.590.0344.15039;60X120(T)C;CATLOGO PAMESA;;;30;30;0;900;30x30;SLATE WAY M;ASH;https://www.pamesa.com/ERP/4.0/empresas/151/045/imagenes/t00010602/0255900036496.jpg
25;590;109;15039;0255900036493;SI;PZ.ESP COM-GLAS;30x30(7)Malla SLATE WAY M BROWN;A;SI;SI;0.0000;MOS7;PAMESA;PAMESA;E/42/11;8429991172442;;;M2;11;1.00;42;42.00;23.10;990.20;120.00;80.00;;;;10/09/2025;PAMESA;PAMESA;GRES PORCELNICO;0255900036493;;SOLID;SLATE WAY;PIEDRA;;POLIVALENTE;MALLA;MOSAICO;MATE RECTIFICADO;VARIACION MODERADA;;;;;;;;;GRUPO BIa;GL Esmaltado;;;NO;;;1;025.590.0109.15039;120X120;CATLOGO PAMESA;;;30;30;0;900;30x30;SLATE WAY M;BROWN;https://www.pamesa.com/ERP/4.0/empresas/151/045/imagenes/t00010602/0255900036493.jpg
25;590;110;15039;0255900036494;SI;PZ.ESP COM-GLAS;30x30(7)Malla SLATE WAY M GREEN;A;SI;SI;0.0000;MOS7;PAMESA;PAMESA;E/42/11;8429991172459;;;M2;11;1.00;42;42.00;23.10;990.20;120.00;80.00;;;;10/09/2025;PAMESA;PAMESA;GRES PORCELNICO;0255900036494;;SOLID;SLATE WAY;PIEDRA;;POLIVALENTE;MALLA;MOSAICO;MATE RECTIFICADO;VARIACION MODERADA;;;;;;;;;GRUPO BIa;GL Esmaltado;;;NO;;;1;025.590.0110.15039;90X90(N);CATLOGO PAMESA;;;30;30;0;900;30x30;SLATE WAY M;GREEN;https://www.pamesa.com/ERP/4.0/empresas/151/045/imagenes/t00010602/0255900036494.jpg
25;590;171;15039;0255900036495;SI;PZ.ESP COM-GLAS;30x30(7)Malla SLATE WAY M OCEAN;A;SI;SI;0.0000;MOS7;PAMESA;PAMESA;E/42/11;8429991172466;;;M2;11;1.00;42;42.00;23.10;990.20;120.00;80.00;;;;10/09/2025;PAMESA;PAMESA;GRES PORCELNICO;0255900036495;;SOLID;SLATE WAY;PIEDRA;;POLIVALENTE;MALLA;MOSAICO;MATE RECTIFICADO;VARIACION MODERADA;;;;;;;;;GRUPO BIa;GL Esmaltado;;;NO;;;1;025.590.0171.15039;60x60;CATLOGO PAMESA;;;30;30;0;900;30x30;SLATE WAY M;OCEAN;https://www.pamesa.com/ERP/4.0/empresas/151/045/imagenes/t00010602/0255900036495.jpg
25;590;169;15039;0255900036492;SI;PZ.ESP COM-GLAS;30x30(7)Malla SLATE WAY M PEARL;A;SI;SI;0.0000;MOS7;PAMESA;PAMESA;E/42/11;8429991172435;;;M2;11;1.00;42;42.00;23.10;990.20;120.00;80.00;;;;10/09/2025;PAMESA;PAMESA;GRES PORCELNICO;0255900036492;;SOLID;SLATE WAY;PIEDRA;;POLIVALENTE;MALLA;MOSAICO;MATE RECTIFICADO;VARIACION MODERADA;;;;;;;;;GRUPO BIa;GL Esmaltado;;;NO;;;1;025.590.0169.15039;60x60;CATLOGO PAMESA;;;30;30;0;900;30x30;SLATE WAY M;PEARL;https://www.pamesa.com/ERP/4.0/empresas/151/045/imagenes/t00010602/0255900036492.jpg
52;961;7;14684;0529610040293;SI;SLIM MATE RECTIF.;120x280(6mm) SOSPIRO BEIGE;A;SI;SI;0.0000;;PAMESA;PAMESA;05/20/01;8429991186975;;8429991773199;M2;1;3.36;20;67.20;52.00;1,140.00;290.00;140.00;36.00;;;21/10/2025;PAMESA;PAMESA;GRES PORCELNICO;0529610040293;;SOLID;SOSPIRO;PIEDRA;;POLIVALENTE;BASE;BASE;MATE RECTIFICADO;VARIACION LEVE;;;;;;CLASE 1;R9;;GRUPO BIa;GL Esmaltado;;;NO;;>7000 N - 35-45 N/mm2;1;052.961.0007.14684;25X150;CATLOGO PAMESA;;;120;280;6;33600;120x280;SOSPIRO;BEIGE;https://www.pamesa.com/ERP/4.0/empresas/151/045/imagenes/t00010602/0529610040293.jpg
52;961;12;14684;0529610028811;SI;SLIM MATE RECTIF.;120x280(6mm) SOSPIRO BLANCO;A;SI;SI;0.0000;XXL04;PAMESA;PAMESA;05/20/01;8429991134808;;8429991773199;M2;1;3.36;20;67.20;52.00;1,140.00;290.00;140.00;36.00;;;28/04/2025;PAMESA;PAMESA;GRES PORCELNICO;0529610028811;;SOLID;SOSPIRO;PIEDRA;;POLIVALENTE;BASE;BASE;MATE RECTIFICADO;VARIACION LEVE;;;;;;CLASE 1;R9;;GRUPO BIa;GL Esmaltado;;;NO;;>7000 N - 35-45 N/mm2;1;052.961.0012.14684;25X150;CATLOGO PAMESA;;;120;280;6;33600;120x280;SOSPIRO;BLANCO;https://www.pamesa.com/ERP/4.0/empresas/151/045/imagenes/t00010602/0529610028811.jpg
52;961;33;14684;0529610028809;SI;SLIM MATE RECTIF.;120x280(6mm) SOSPIRO MARFIL;A;SI;SI;0.0000;XXL04;PAMESA;PAMESA;05/20/01;8429991134792;;8429991773199;M2;1;3.36;20;67.20;52.00;1,140.00;290.00;140.00;36.00;;;28/04/2025;PAMESA;PAMESA;GRES PORCELNICO;0529610028809;;SOLID;SOSPIRO;PIEDRA;;POLIVALENTE;BASE;BASE;MATE RECTIFICADO;VARIACION LEVE;;;;;;CLASE 1;R9;;GRUPO BIa;GL Esmaltado;;;NO;;>7000 N - 35-45 N/mm2;1;052.961.0033.14684;20x120 (n);CATLOGO PAMESA;;;120;280;6;33600;120x280;SOSPIRO;MARFIL;https://www.pamesa.com/ERP/4.0/empresas/151/045/imagenes/t00010602/0529610028809.jpg
52;961;285;14684;0529610023677;SI;SLIM MATE RECTIF.;120x280(6mm) SOSPIRO TAUPE;A;SI;SI;0.0000;XXL04;PAMESA;PAMESA;05/20/01;8429991958220;;8429991773199;M2;1;3.36;20;67.20;52.00;1,140.00;290.00;140.00;36.00;;;07/08/2024;PAMESA;PAMESA;GRES PORCELNICO;0529610023677;;SOLID;SOSPIRO;PIEDRA;;POLIVALENTE;BASE;BASE;MATE RECTIFICADO;VARIACION LEVE;;NO;NO;;;CLASE 1;R9;;GRUPO BIa;GL Esmaltado;;;NO;;>7000 N - 35-45 N/mm2;1;052.961.0285.14684;25X150;CATLOGO PAMESA;;;120;280;6;33600;120x280;SOSPIRO;TAUPE;https://www.pamesa.com/ERP/4.0/empresas/151/045/imagenes/t00010602/0529610023677.jpg
52;154;12;14684;0521540023663;SI;SLIM MATE RECTIF.;160X160(8MM) SOSPIRO BLANCO;A;SI;SI;0.0000;XXL03;PAMESA;PAMESA;O/20/01;8429991105617;;8429991773199;M2;1;2.56;20;51.20;48.62;1,062.40;176.00;176.00;34.00;;7.80;25/02/2025;PAMESA;PAMESA;GRES PORCELNICO;0521540023663;;SOLID;SOSPIRO;PIEDRA;;POLIVALENTE;;BASE;MATE RECTIFICADO;VARIACION LEVE;;ESTRUCTURANTE;;;;CLASE 1;R9;;GRUPO BIa;GL Esmaltado;;;NO;;1600-2400 N - 35-45 N/mm2;1;052.154.0012.14684;60,8x60,8;CATLOGO PAMESA;;;160;160;8;25600;160x160;SOSPIRO;BLANCO;https://www.pamesa.com/ERP/4.0/empresas/151/045/imagenes/t00010602/0521540023663.jpg
52;154;33;14684;0521540023664;SI;SLIM MATE RECTIF.;160X160(8MM) SOSPIRO MARFIL;A;SI;SI;0.0000;XXL03;PAMESA;PAMESA;O/20/01;8429991105624;;8429991773199;M2;1;2.56;20;51.20;48.62;1,062.40;176.00;176.00;34.00;;7.80;25/02/2025;PAMESA;PAMESA;GRES PORCELNICO;0521540023664;;SOLID;SOSPIRO;PIEDRA;;POLIVALENTE;;BASE;MATE RECTIFICADO;VARIACION LEVE;;ESTRUCTURANTE;;;;CLASE 1;R9;;GRUPO BIa;GL Esmaltado;;;NO;;1600-2400 N - 35-45 N/mm2;1;052.154.0033.14684;20x120 (n);CATLOGO PAMESA;;;160;160;8;25600;160x160;SOSPIRO;MARFIL;https://www.pamesa.com/ERP/4.0/empresas/151/045/imagenes/t00010602/0521540023664.jpg
52;154;285;14684;0521540028814;SI;SLIM MATE RECTIF.;160X160(8MM) SOSPIRO TAUPE;A;SI;SI;0.0000;XXL03;PAMESA;PAMESA;O/20/01;8429991134815;;8429991773199;M2;1;2.56;20;51.20;48.62;1,062.40;176.00;176.00;34.00;;7.80;28/04/2025;PAMESA;PAMESA;GRES PORCELNICO;0521540028814;;SOLID;SOSPIRO;PIEDRA;;POLIVALENTE;;BASE;MATE RECTIFICADO;VARIACION LEVE;;ESTRUCTURANTE;;;;CLASE 1;R9;;GRUPO BIa;GL Esmaltado;;;NO;;>1300 N - 35-45 N/mm2;1;052.154.0285.14684;120X280(6MM);CATLOGO PAMESA;;;160;160;8;25600;160x160;SOSPIRO;TAUPE;https://www.pamesa.com/ERP/4.0/empresas/151/045/imagenes/t00010602/0521540028814.jpg
17;120;12;14847;0171200030263;SI;REC.GLASS;120x120 EXT.SOSPIRO BLANCO;A;SI;SI;0.0000;SOL36;PAM-ADZ.PAMESA;PAMESA;23/36/01;8429991146559;;8429991773199;M2;1;1.44;36;51.84;34.36;1,276.96;126.00;126.00;71.00;;;30/05/2025;PAMESA;PAMESA;GRES PORCELNICO;0171200030263;;SOLID;SOSPIRO;PIEDRA;;ANTIDESLIZANTE;;BASE;MATE RECTIFICADO;;;SI;;;;CLASE 3;R11;C;GRUPO BIa;GL Esmaltado;;36 Low;NO;0.42;1600-2400 N - 35-45 N/mm2;1;017.120.0012.14847;33,3x55;CATLOGO PAMESA;;;120;120;10,2;14400;120x120;EXT.SOSPIRO;BLANCO;https://www.pamesa.com/ERP/4.0/empresas/151/045/imagenes/t00010602/0171200030263.jpg
17;120;33;14847;0171200030264;SI;REC.GLASS;120x120 EXT.SOSPIRO MARFIL;A;SI;SI;0.0000;SOL36;PAM-ADZ.PAMESA;PAMESA;23/36/01;8429991146566;;8429991773199;M2;1;1.44;36;51.84;34.36;1,276.96;126.00;126.00;71.00;;;30/05/2025;PAMESA;PAMESA;GRES PORCELNICO;0171200030264;;SOLID;SOSPIRO;PIEDRA;;ANTIDESLIZANTE;;BASE;MATE RECTIFICADO;;;SI;;;;CLASE 3;R11;C;GRUPO BIa;GL Esmaltado;;36 Low;NO;0.42;1600-2400 N - 35-45 N/mm2;1;017.120.0033.14847;33,3x55;CATLOGO PAMESA;;;120;120;10,2;14400;120x120;EXT.SOSPIRO;MARFIL;https://www.pamesa.com/ERP/4.0/empresas/151/045/imagenes/t00010602/0171200030264.jpg
17;120;7;14684;0171200023659;SI;REC.GLASS;120x120 SOSPIRO BEIGE;A;SI;SI;0.0000;SOL35;PAMESA;PAMESA;23/36/01;8429991955991;;8429991773199;M2;1;1.44;36;51.84;34.36;1,276.96;126.00;126.00;71.00;;;31/07/2024;PAMESA;PAMESA;GRES PORCELNICO;0171200023659;;SOLID;SOSPIRO;PIEDRA;;POLIVALENTE;;BASE;MATE RECTIFICADO;VARIACION LEVE;;ESTRUCTURANTE;NO;;;CLASE 1;R9;;GRUPO BIa;GL Esmaltado;;;NO;;1600-2400 N - 35-45 N/mm2;1;017.120.0007.14684;33,3x55;CATLOGO PAMESA;;;120;120;10,2;14400;120x120;SOSPIRO;BEIGE;https://www.pamesa.com/ERP/4.0/empresas/151/045/imagenes/t00010602/0171200023659.jpg
17;120;12;14684;0171200023663;SI;REC.GLASS;120x120 SOSPIRO BLANCO;A;SI;SI;0.0000;SOL35;PAMESA;PAMESA;23/36/01;8429991956004;;8429991773199;M2;1;1.44;36;51.84;34.36;1,276.96;126.00;126.00;71.00;;;31/07/2024;PAMESA;PAMESA;GRES PORCELNICO;0171200023663;;SOLID;SOSPIRO;PIEDRA;;POLIVALENTE;;BASE;MATE RECTIFICADO;VARIACION LEVE;;ESTRUCTURANTE;NO;;;CLASE 1;R9;;GRUPO BIa;GL Esmaltado;;;NO;;1600-2400 N - 35-45 N/mm2;1;017.120.0012.14684;25x70;CATLOGO PAMESA;;;120;120;10,2;14400;120x120;SOSPIRO;BLANCO;https://www.pamesa.com/ERP/4.0/empresas/151/045/imagenes/t00010602/0171200023663.jpg
17;120;2;14684;0171200023590;SI;REC.GLASS;120x120 SOSPIRO GRIS;A;SI;SI;0.0000;SOL35;PAMESA;PAMESA;23/36/01;8429991955984;;8429991773199;M2;1;1.44;36;51.84;34.36;1,276.96;126.00;126.00;71.00;;;31/07/2024;PAMESA;PAMESA;GRES PORCELNICO;0171200023590;;SOLID;SOSPIRO;PIEDRA;;POLIVALENTE;;BASE;MATE RECTIFICADO;VARIACION LEVE;;ESTRUCTURANTE;NO;;;CLASE 1;R9;;GRUPO BIa;GL Esmaltado;;;NO;;1600-2400 N - 35-45 N/mm2;1;017.120.0002.14684;33,3x55;CATLOGO PAMESA;;;120;120;10,2;14400;120x120;SOSPIRO;GRIS;https://www.pamesa.com/ERP/4.0/empresas/151/045/imagenes/t00010602/0171200023590.jpg
17;120;33;14684;0171200023664;SI;REC.GLASS;120x120 SOSPIRO MARFIL;A;SI;SI;0.0000;SOL35;PAMESA;PAMESA;23/36/01;8429991956011;;8429991773199;M2;1;1.44;36;51.84;34.36;1,276.96;126.00;126.00;71.00;;;31/07/2024;PAMESA;PAMESA;GRES PORCELNICO;0171200023664;;SOLID;SOSPIRO;PIEDRA;;POLIVALENTE;;BASE;MATE RECTIFICADO;VARIACION LEVE;;ESTRUCTURANTE;NO;;;CLASE 1;R9;;GRUPO BIa;GL Esmaltado;;;NO;;1600-2400 N - 35-45 N/mm2;1;017.120.0033.14684;33,3x55;CATLOGO PAMESA;;;120;120;10,2;14400;120x120;SOSPIRO;MARFIL;https://www.pamesa.com/ERP/4.0/empresas/151/045/imagenes/t00010602/0171200023664.jpg
17;120;285;14684;0171200023677;SI;REC.GLASS;120x120 SOSPIRO TAUPE;A;SI;SI;0.0000;SOL35;PAMESA;PAMESA;23/36/01;8429991956028;;8429991773199;M2;1;1.44;36;51.84;34.36;1,276.96;126.00;126.00;71.00;;;31/07/2024;PAMESA;PAMESA;GRES PORCELNICO;0171200023677;;SOLID;SOSPIRO;PIEDRA;;POLIVALENTE;;BASE;MATE RECTIFICADO;VARIACION LEVE;;ESTRUCTURANTE;NO;;;CLASE 1;R9;;GRUPO BIa;GL Esmaltado;;;NO;;1600-2400 N - 35-45 N/mm2;1;017.120.0285.14684;33,3x55;CATLOGO PAMESA;;;120;120;10,2;14400;120x120;SOSPIRO;TAUPE;https://www.pamesa.com/ERP/4.0/empresas/151/045/imagenes/t00010602/0171200023677.jpg
17;10;7;14684;0170100041026;SI;REC.GLASS;100x100 SOSPIRO BEIGE;A;SI;SI;0.0000;SOL54;PAMESA;PAMESA;27/27/02;8429991190217;;8429991773199;M2;2;2.00;27;54.00;41.15;1,133.05;107.00;107.00;77.00;;;30/10/2025;PAMESA;PAMESA;GRES PORCELNICO;0170100041026;;SOLID;SOSPIRO;PIEDRA;;POLIVALENTE;BASE;BASE;MATE RECTIFICADO;VARIACION LEVE;;;;;;CLASE 1;R9;;GRUPO BIa;GL Esmaltado;;;NO;;1600-2400 N - 35-45 N/mm2;1;017.010.0007.14684;60x60;CATLOGO PAMESA;;;100;100;9;10000;100x100;SOSPIRO;BEIGE;https://www.pamesa.com/ERP/4.0/empresas/151/045/imagenes/t00010602/0170100041026.jpg
17;10;12;14684;0170100023663;SI;REC.GLASS;100x100 SOSPIRO BLANCO;A;SI;SI;0.0000;SOL54;PAMESA;PAMESA;27/27/02;8429991106829;;8429991773199;M2;2;2.00;27;54.00;41.15;1,133.05;107.00;107.00;77.00;;;28/02/2025;PAMESA;PAMESA;GRES PORCELNICO;0170100023663;;SOLID;SOSPIRO;PIEDRA;;POLIVALENTE;BASE;BASE;MATE RECTIFICADO;VARIACION LEVE;;NO;;;;CLASE 1;R9;;GRUPO BIa;GL Esmaltado;;;NO;;1600-2400 N - 35-45 N/mm2;1;017.010.0012.14684;60X120(n);CATLOGO PAMESA;;;100;100;9;10000;100x100;SOSPIRO;BLANCO;https://www.pamesa.com/ERP/4.0/empresas/151/045/imagenes/t00010602/0170100023663.jpg
17;10;2;14684;0170100041024;SI;REC.GLASS;100x100 SOSPIRO GRIS;A;SI;SI;0.0000;SOL54;PAMESA;PAMESA;27/27/02;8429991190200;;8429991773199;M2;2;2.00;27;54.00;41.15;1,133.05;107.00;107.00;77.00;;;30/10/2025;PAMESA;PAMESA;GRES PORCELNICO;0170100041024;;SOLID;SOSPIRO;PIEDRA;;POLIVALENTE;BASE;BASE;MATE RECTIFICADO;VARIACION LEVE;;;;;;CLASE 1;R9;;GRUPO BIa;GL Esmaltado;;;NO;;1600-2400 N - 35-45 N/mm2;1;017.010.0002.14684;30,3X61,3;CATLOGO PAMESA;;;100;100;9;10000;100x100;SOSPIRO;GRIS;https://www.pamesa.com/ERP/4.0/empresas/151/045/imagenes/t00010602/0170100041024.jpg
17;10;33;14684;0170100038203;SI;REC.GLASS;100x100 SOSPIRO MARFIL;A;SI;SI;0.0000;SOL54;PAMESA;PAMESA;27/27/02;8429991181161;;8429991773199;M2;2;2.00;27;54.00;41.15;1,133.05;107.00;107.00;77.00;;;29/09/2025;PAMESA;PAMESA;GRES PORCELNICO;0170100038203;;SOLID;SOSPIRO;PIEDRA;;POLIVALENTE;BASE;BASE;MATE RECTIFICADO;VARIACION LEVE;;;;;;CLASE 1;R9;;GRUPO BIa;GL Esmaltado;;;NO;;1600-2400 N - 35-45 N/mm2;1;017.010.0033.14684;60x60;CATLOGO PAMESA;;;100;100;9;10000;100x100;SOSPIRO;MARFIL;https://www.pamesa.com/ERP/4.0/empresas/151/045/imagenes/t00010602/0170100038203.jpg
17;10;285;14684;0170100023677;SI;REC.GLASS;100x100 SOSPIRO TAUPE;A;SI;SI;0.0000;SOL54;PAMESA;PAMESA;27/27/02;8429991106836;;8429991773199;M2;2;2.00;27;54.00;41.15;1,133.05;107.00;107.00;77.00;;;28/02/2025;PAMESA;PAMESA;GRES PORCELNICO;0170100023677;;SOLID;SOSPIRO;PIEDRA;;POLIVALENTE;BASE;BASE;MATE RECTIFICADO;VARIACION LEVE;;NO;;;;CLASE 1;R9;;GRUPO BIa;GL Esmaltado;;;NO;;1600-2400 N - 35-45 N/mm2;1;017.010.0285.14684;60X120(n);CATLOGO PAMESA;;;100;100;9;10000;100x100;SOSPIRO;TAUPE;https://www.pamesa.com/ERP/4.0/empresas/151/045/imagenes/t00010602/0170100023677.jpg
17;90;12;14847;0170900030261;SI;REC.GLASS;90x90(N) EXT.SOSPIRO BLANCO;A;SI;SI;0.0000;SOL30;PAM-ADZ.PAMESA;PAMESA;19/32/02;8429991146535;;8429991773199;M2;2;1.62;32;51.84;33.00;1,081.00;97.00;97.00;86.00;;9.00;30/05/2025;PAMESA;PAMESA;GRES PORCELNICO;0170900030261;;SOLID;SOSPIRO;PIEDRA;;ANTIDESLIZANTE;;BASE;MATE RECTIFICADO;;;SI;;;;CLASE 3;R11;C;GRUPO BIa;GL Esmaltado;;36 Low;NO;0.42;1600-2400 N - 35-45 N/mm2;1;017.090.0012.14847;45X45;CATLOGO PAMESA;;;90;90;9;8100;90x90;EXT.SOSPIRO;BLANCO;https://www.pamesa.com/ERP/4.0/empresas/151/045/imagenes/t00010602/0170900030261.jpg
17;90;33;14847;0170900030262;SI;REC.GLASS;90x90(N) EXT.SOSPIRO MARFIL;A;SI;SI;0.0000;SOL30;PAM-ADZ.PAMESA;PAMESA;19/32/02;8429991146542;;8429991773199;M2;2;1.62;32;51.84;33.00;1,081.00;97.00;97.00;86.00;;9.00;30/05/2025;PAMESA;PAMESA;GRES PORCELNICO;0170900030262;;SOLID;SOSPIRO;PIEDRA;;ANTIDESLIZANTE;;BASE;MATE RECTIFICADO;;;SI;;;;CLASE 3;R11;C;GRUPO BIa;GL Esmaltado;;36 Low;NO;0.42;1600-2400 N - 35-45 N/mm2;1;017.090.0033.14847;25x70;CATLOGO PAMESA;;;90;90;9;8100;90x90;EXT.SOSPIRO;MARFIL;https://www.pamesa.com/ERP/4.0/empresas/151/045/imagenes/t00010602/0170900030262.jpg
17;90;7;14684;0170900023659;SI;REC.GLASS;90x90(N) SOSPIRO BEIGE;A;SI;SI;0.0000;SOL29;PAMESA;PAMESA;19/32/02;8429991957636;;8429991773199;M2;2;1.62;32;51.84;33.00;1,081.00;97.00;97.00;86.00;;9.00;07/08/2024;PAMESA;PAMESA;GRES PORCELNICO;0170900023659;;SOLID;SOSPIRO;PIEDRA;;POLIVALENTE;;BASE;MATE RECTIFICADO;VARIACION LEVE;;NO;NO;;;CLASE 1;R9;;GRUPO BIa;GL Esmaltado;;;NO;;1600-2400 N - 35-45 N/mm2;1;017.090.0007.14684;33,3x33,3;CATLOGO PAMESA;;;90;90;9;8100;90x90;SOSPIRO;BEIGE;https://www.pamesa.com/ERP/4.0/empresas/151/045/imagenes/t00010602/0170900023659.jpg
17;90;12;14684;0170900023663;SI;REC.GLASS;90x90(N) SOSPIRO BLANCO;A;SI;SI;0.0000;SOL29;PAMESA;PAMESA;19/32/02;8429991957643;;8429991773199;M2;2;1.62;32;51.84;33.00;1,081.00;97.00;97.00;86.00;;9.00;26/02/2024;PAMESA;PAMESA;GRES PORCELNICO;0170900023663;;SOLID;SOSPIRO;PIEDRA;;POLIVALENTE;;BASE;MATE RECTIFICADO;VARIACION LEVE;;NO;NO;;;CLASE 1;R9;;GRUPO BIa;GL Esmaltado;;;NO;;1600-2400 N - 35-45 N/mm2;1;017.090.0012.14684;45X45;CATLOGO PAMESA;;;90;90;9;8100;90x90;SOSPIRO;BLANCO;https://www.pamesa.com/ERP/4.0/empresas/151/045/imagenes/t00010602/0170900023663.jpg
17;90;2;14684;0170900023590;SI;REC.GLASS;90x90(N) SOSPIRO GRIS;A;SI;SI;0.0000;SOL29;PAMESA;PAMESA;19/32/02;8429991957575;;8429991773199;M2;2;1.62;32;51.84;33.00;1,081.00;97.00;97.00;86.00;;9.00;07/08/2024;PAMESA;PAMESA;GRES PORCELNICO;0170900023590;;SOLID;SOSPIRO;PIEDRA;;POLIVALENTE;;BASE;MATE RECTIFICADO;VARIACION LEVE;;NO;NO;;;CLASE 1;R9;;GRUPO BIa;GL Esmaltado;;;NO;;1600-2400 N - 35-45 N/mm2;1;017.090.0002.14684;33,3x33,3;CATLOGO PAMESA;;;90;90;9;8100;90x90;SOSPIRO;GRIS;https://www.pamesa.com/ERP/4.0/empresas/151/045/imagenes/t00010602/0170900023590.jpg
17;789;2;14684;0177890023590;SI;REC.GLASS;90x90N(20mm) SOSPIRO GRIS;A;SI;SI;0.0000;2CM03;PAMESA.C.P;PAMESA;19/30/01;8429991984755;;;M2;1;0.81;30;24.30;33.90;1,042.00;97.00;97.00;86.00;;20.00;16/12/2024;PAMESA;PAMESA;GRES PORCELNICO;0177890023590;;SOLID;SOSPIRO;PIEDRA;;PAVIMENTO;BASE;BASE;MATE RECTIFICADO;VARIACION LEVE;NO;NO;;;;CLASE 3;R11;C;GRUPO BIa;GL Esmaltado;;36 Low;NO;;1600-2400 N - 35-45 N/mm2;1;017.789.0002.14684;90X90(N);CATLOGO PAMESA;;;90;90;20;8100;90x90;SOSPIRO;GRIS;https://www.pamesa.com/ERP/4.0/empresas/151/045/imagenes/t00010602/0177890023590.jpg
17;90;33;14684;0170900023664;SI;REC.GLASS;90x90(N) SOSPIRO MARFIL;A;SI;SI;0.0000;SOL29;PAMESA;PAMESA;19/32/02;8429991957650;;8429991773199;M2;2;1.62;32;51.84;33.00;1,081.00;97.00;97.00;86.00;;9.00;26/02/2024;PAMESA;PAMESA;GRES PORCELNICO;0170900023664;;SOLID;SOSPIRO;PIEDRA;;POLIVALENTE;;BASE;MATE RECTIFICADO;VARIACION LEVE;;NO;NO;;;CLASE 1;R9;;GRUPO BIa;GL Esmaltado;;;NO;;1600-2400 N - 35-45 N/mm2;1;017.090.0033.14684;25x70;CATLOGO PAMESA;;;90;90;9;8100;90x90;SOSPIRO;MARFIL;https://www.pamesa.com/ERP/4.0/empresas/151/045/imagenes/t00010602/0170900023664.jpg
17;789;33;14684;0177890023664;SI;REC.GLASS;90x90N(20mm) SOSPIRO MARFIL;A;SI;SI;0.0000;2CM03;PAMESA.C.P;PAMESA;19/30/01;8429991984731;;;M2;1;0.81;30;24.30;33.90;1,042.00;97.00;97.00;86.00;;20.00;16/12/2024;PAMESA;PAMESA;GRES PORCELNICO;0177890023664;;SOLID;SOSPIRO;PIEDRA;;PAVIMENTO;BASE;BASE;MATE RECTIFICADO;VARIACION LEVE;NO;NO;;;;CLASE 3;R11;C;GRUPO BIa;GL Esmaltado;;36 Low;NO;;1600-2400 N - 35-45 N/mm2;1;017.789.0033.14684;60X120(n);CATLOGO PAMESA;;;90;90;20;8100;90x90;SOSPIRO;MARFIL;https://www.pamesa.com/ERP/4.0/empresas/151/045/imagenes/t00010602/0177890023664.jpg
17;90;285;14684;0170900023677;SI;REC.GLASS;90x90(N) SOSPIRO TAUPE;A;SI;SI;0.0000;SOL29;PAMESA;PAMESA;19/32/02;8429991957667;;8429991773199;M2;2;1.62;32;51.84;33.00;1,081.00;97.00;97.00;86.00;;9.00;26/02/2024;PAMESA;PAMESA;GRES PORCELNICO;0170900023677;;SOLID;SOSPIRO;PIEDRA;;POLIVALENTE;;BASE;MATE RECTIFICADO;VARIACION LEVE;;NO;NO;;;CLASE 1;R9;;GRUPO BIa;GL Esmaltado;;;NO;;1600-2400 N - 35-45 N/mm2;1;017.090.0285.14684;33,3x55;CATLOGO PAMESA;;;90;90;9;8100;90x90;SOSPIRO;TAUPE;https://www.pamesa.com/ERP/4.0/empresas/151/045/imagenes/t00010602/0170900023677.jpg
17;789;285;14684;0177890023677;SI;REC.GLASS;90x90N(20mm) SOSPIRO TAUPE;A;SI;SI;0.0000;2CM03;PAMESA.C.P;PAMESA;19/30/01;8429991984748;;;M2;1;0.81;30;24.30;33.90;1,042.00;97.00;97.00;86.00;;20.00;16/12/2024;PAMESA;PAMESA;GRES PORCELNICO;0177890023677;;SOLID;SOSPIRO;PIEDRA;;PAVIMENTO;BASE;BASE;MATE RECTIFICADO;VARIACION LEVE;NO;NO;;;;CLASE 3;R11;C;GRUPO BIa;GL Esmaltado;;36 Low;NO;;1600-2400 N - 35-45 N/mm2;1;017.789.0285.14684;60X120(n);CATLOGO PAMESA;;;90;90;20;8100;90x90;SOSPIRO;TAUPE;https://www.pamesa.com/ERP/4.0/empresas/151/045/imagenes/t00010602/0177890023677.jpg
17;250;12;14847;0172500024450;SI;REC.GLASS;60x120(n) EXT.SOSPIRO BLANCO;A;SI;SI;0.0000;SOL45;PAM-ADZ.PAMESA;PAMESA;L/36/02 RF;8429991970505;;8429991773199;M2;2;1.44;36;51.84;28.62;1,055.32;122.00;84.00;73.50;;;07/10/2024;PAMESA;PAMESA;GRES PORCELNICO;0172500024450;;SOLID;SOSPIRO;PIEDRA;;ANTIDESLIZANTE;;BASE;MATE RECTIFICADO;;NO;SI;;;;CLASE 3;R11;C;GRUPO BIa;GL Esmaltado;;36 Low;NO;0.42;1600-2400 N - 35-45 N/mm2;1;017.250.0012.14847;30x60 (C);CATLOGO PAMESA;;;60;120;9;7200;60x120;EXT.SOSPIRO;BLANCO;https://www.pamesa.com/ERP/4.0/empresas/151/045/imagenes/t00010602/0172500024450.jpg
17;250;33;14847;0172500024452;SI;REC.GLASS;60x120(n) EXT.SOSPIRO MARFIL;A;SI;SI;0.0000;SOL45;PAM-ADZ.PAMESA;PAMESA;L/36/02 RF;8429991970512;;8429991773199;M2;2;1.44;36;51.84;28.62;1,055.32;122.00;84.00;73.50;;;07/10/2024;PAMESA;PAMESA;GRES PORCELNICO;0172500024452;;SOLID;SOSPIRO;PIEDRA;;ANTIDESLIZANTE;;BASE;MATE RECTIFICADO;;NO;SI;;;;CLASE 3;R11;C;GRUPO BIa;GL Esmaltado;;36 Low;NO;0.42;1600-2400 N - 35-45 N/mm2;1;017.250.0033.14847;60X120(n);CATLOGO PAMESA;;;60;120;9;7200;60x120;EXT.SOSPIRO;MARFIL;https://www.pamesa.com/ERP/4.0/empresas/151/045/imagenes/t00010602/0172500024452.jpg
17;250;12;14697;0172500038074;SI;REC.GLASS;60x120(n) RLV.SOSPIRO BLANCO;A;SI;SI;0.0000;;PAMESA;PAMESA;L/36/02 RF;8429991180393;;8429991773199;M2;2;1.44;36;51.84;28.62;1,055.32;122.00;84.00;73.50;;;29/09/2025;PAMESA;PAMESA;GRES PORCELNICO;0172500038074;;SOLID;SOSPIRO;PIEDRA;;POLIVALENTE;DECORADO;RLV DECORADO;MATE RECTIFICADO;VARIACION LEVE;;;;;;;;;GRUPO BIa;GL Esmaltado;;;NO;;1600-2400 N - 35-45 N/mm2;1;017.250.0012.14697;60x60;CATLOGO PAMESA;;;60;120;9;7200;60x120;RLV.SOSPIRO;BLANCO;https://www.pamesa.com/ERP/4.0/empresas/151/045/imagenes/t00010602/0172500038074.jpg
17;250;285;14697;0172500038076;SI;REC.GLASS;60x120(n) RLV.SOSPIRO TAUPE;A;SI;SI;0.0000;;PAMESA;PAMESA;L/36/02 RF;8429991180409;;8429991773199;M2;2;1.44;36;51.84;28.62;1,055.32;122.00;84.00;73.50;;;29/09/2025;PAMESA;PAMESA;GRES PORCELNICO;0172500038076;;SOLID;SOSPIRO;PIEDRA;;POLIVALENTE;DECORADO;RLV DECORADO;MATE RECTIFICADO;VARIACION LEVE;;;;;;;;;GRUPO BIa;GL Esmaltado;;;NO;;1600-2400 N - 35-45 N/mm2;1;017.250.0285.14697;60X120 RF;CATLOGO PAMESA;;;60;120;9;7200;60x120;RLV.SOSPIRO;TAUPE;https://www.pamesa.com/ERP/4.0/empresas/151/045/imagenes/t00010602/0172500038076.jpg
17;250;7;14684;0172500023659;SI;REC.GLASS;60x120(n) SOSPIRO BEIGE;A;SI;SI;0.0000;SOL23;PAMESA;PAMESA;L/36/02 RF;8429991957599;;8429991773199;M2;2;1.44;36;51.84;28.62;1,055.32;122.00;84.00;73.50;;;07/08/2024;PAMESA;PAMESA;GRES PORCELNICO;0172500023659;;SOLID;SOSPIRO;PIEDRA;;POLIVALENTE;;BASE;MATE RECTIFICADO;VARIACION LEVE;;NO;NO;;;CLASE 1;R9;;GRUPO BIa;GL Esmaltado;;;NO;;1600-2400 N - 35-45 N/mm2;1;017.250.0007.14684;60X120 RF;CATLOGO PAMESA;;;60;120;9;7200;60x120;SOSPIRO;BEIGE;https://www.pamesa.com/ERP/4.0/empresas/151/045/imagenes/t00010602/0172500023659.jpg
17;250;12;14684;0172500023663;SI;REC.GLASS;60x120(n) SOSPIRO BLANCO;A;SI;SI;0.0000;SOL23;PAMESA;PAMESA;L/36/02 RF;8429991957605;;8429991773199;M2;2;1.44;36;51.84;28.62;1,055.32;122.00;84.00;73.50;;;07/08/2024;PAMESA;PAMESA;GRES PORCELNICO;0172500023663;;SOLID;SOSPIRO;PIEDRA;;POLIVALENTE;;BASE;MATE RECTIFICADO;VARIACION LEVE;;NO;NO;;;CLASE 1;R9;;GRUPO BIa;GL Esmaltado;;;NO;;1600-2400 N - 35-45 N/mm2;1;017.250.0012.14684;60x60;CATLOGO PAMESA;;;60;120;9;7200;60x120;SOSPIRO;BLANCO;https://www.pamesa.com/ERP/4.0/empresas/151/045/imagenes/t00010602/0172500023663.jpg
17;250;2;14684;0172500023590;SI;REC.GLASS;60x120(n) SOSPIRO GRIS;A;SI;SI;0.0000;SOL23;PAMESA;PAMESA;L/36/02 RF;8429991957582;;8429991773199;M2;2;1.44;36;51.84;28.62;1,055.32;122.00;84.00;73.50;;;07/08/2024;PAMESA;PAMESA;GRES PORCELNICO;0172500023590;;SOLID;SOSPIRO;PIEDRA;;POLIVALENTE;;BASE;MATE RECTIFICADO;VARIACION LEVE;;NO;NO;;;CLASE 1;R9;;GRUPO BIa;GL Esmaltado;;;NO;;1600-2400 N - 35-45 N/mm2;1;017.250.0002.14684;60x60;CATLOGO PAMESA;;;60;120;9;7200;60x120;SOSPIRO;GRIS;https://www.pamesa.com/ERP/4.0/empresas/151/045/imagenes/t00010602/0172500023590.jpg
17;250;33;14684;0172500023664;SI;REC.GLASS;60x120(n) SOSPIRO MARFIL;A;SI;SI;0.0000;SOL23;PAMESA;PAMESA;L/36/02 RF;8429991957612;;8429991773199;M2;2;1.44;36;51.84;28.62;1,055.32;122.00;84.00;73.50;;;07/08/2024;PAMESA;PAMESA;GRES PORCELNICO;0172500023664;;SOLID;SOSPIRO;PIEDRA;;POLIVALENTE;;BASE;MATE RECTIFICADO;VARIACION LEVE;;NO;NO;;;CLASE 1;R9;;GRUPO BIa;GL Esmaltado;;;NO;;1600-2400 N - 35-45 N/mm2;1;017.250.0033.14684;60x120(N)20MM;CATLOGO PAMESA;;;60;120;9;7200;60x120;SOSPIRO;MARFIL;https://www.pamesa.com/ERP/4.0/empresas/151/045/imagenes/t00010602/0172500023664.jpg
17;250;285;14684;0172500023677;SI;REC.GLASS;60x120(n) SOSPIRO TAUPE;A;SI;SI;0.0000;SOL23;PAMESA;PAMESA;L/36/02 RF;8429991957629;;8429991773199;M2;2;1.44;36;51.84;28.62;1,055.32;122.00;84.00;73.50;;;07/08/2024;PAMESA;PAMESA;GRES PORCELNICO;0172500023677;;SOLID;SOSPIRO;PIEDRA;;POLIVALENTE;;BASE;MATE RECTIFICADO;VARIACION LEVE;;NO;NO;;;CLASE 1;R9;;GRUPO BIa;GL Esmaltado;;;NO;;1600-2400 N - 35-45 N/mm2;1;017.250.0285.14684;90X90(N);CATLOGO PAMESA;;;60;120;9;7200;60x120;SOSPIRO;TAUPE;https://www.pamesa.com/ERP/4.0/empresas/151/045/imagenes/t00010602/0172500023677.jpg
17;77;7;14684;0170770029559;SI;REC.GLASS;60x60n(C) SOSPIRO BEIGE;A;SI;SI;0.0000;SOL12;PAMESA;PAMESA;F/30/05;8429991143121;;8429991773199;M2;5;1.80;30;54.00;34.50;1,055.00;120.00;80.00;74.00;;9.00;14/05/2025;PAMESA;PAMESA;GRES PORCELNICO;0170770029559;;SOLID;SOSPIRO;PIEDRA;;POLIVALENTE;BASE;BASE;MATE RECTIFICADO;VARIACION LEVE;;NO;;;;CLASE 1;R9;;GRUPO BIa;GL Esmaltado;;;NO;;1600-2400 N - 35-45 N/mm2;1;017.077.0007.14684;33,3x33,3;CATLOGO PAMESA;;;60;60;9;3600;60x60;SOSPIRO;BEIGE;https://www.pamesa.com/ERP/4.0/empresas/151/045/imagenes/t00010602/0170770029559.jpg
17;840;7;14684;0178400023659;SI;REC.GLASS;60x60 SOSPIRO BEIGE;A;SI;SI;0.0000;SOL12;PAMESA;PAMESA;F/30/04 9MM;8429991962692;;8429991773199;M2;4;1.44;30;43.20;29.75;912.50;120.00;80.00;73.50;;9.00;06/09/2024;PAMESA;PAMESA;GRES PORCELNICO;0178400023659;;SOLID;SOSPIRO;PIEDRA;;POLIVALENTE;BASE;BASE;MATE RECTIFICADO;VARIACION LEVE;;NO;NO;;;CLASE 1;R9;;GRUPO BIa;GL Esmaltado;;;NO;;1600-2400 N - 35-45 N/mm2;1;017.840.0007.14684;60X120 RF;CATLOGO PAMESA;;;60;60;9;3600;60x60;SOSPIRO;BEIGE;https://www.pamesa.com/ERP/4.0/empresas/151/045/imagenes/t00010602/0178400023659.jpg
17;77;12;14684;0170770029560;SI;REC.GLASS;60x60n(C) SOSPIRO BLANCO;A;SI;SI;0.0000;SOL12;PAMESA;PAMESA;F/30/05;8429991143138;;8429991773199;M2;5;1.80;30;54.00;34.50;1,055.00;120.00;80.00;74.00;;9.00;14/05/2025;PAMESA;PAMESA;GRES PORCELNICO;0170770029560;;SOLID;SOSPIRO;PIEDRA;;POLIVALENTE;BASE;BASE;MATE RECTIFICADO;VARIACION LEVE;;NO;;;;CLASE 1;R9;;GRUPO BIa;GL Esmaltado;;;NO;;1600-2400 N - 35-45 N/mm2;1;017.077.0012.14684;60X90(N)20MM;CATLOGO PAMESA;6;;60;60;9;3600;60x60;SOSPIRO;BLANCO;https://www.pamesa.com/ERP/4.0/empresas/151/045/imagenes/t00010602/0170770029560.jpg
17;840;12;14684;0178400023663;SI;REC.GLASS;60x60 SOSPIRO BLANCO;A;SI;SI;0.0000;SOL12;PAMESA;PAMESA;F/30/04 9MM;8429991962708;;8429991773199;M2;4;1.44;30;43.20;29.75;912.50;120.00;80.00;73.50;;9.00;06/09/2024;PAMESA;PAMESA;GRES PORCELNICO;0178400023663;;SOLID;SOSPIRO;PIEDRA;;POLIVALENTE;BASE;BASE;MATE RECTIFICADO;VARIACION LEVE;;NO;NO;;;CLASE 1;R9;;GRUPO BIa;GL Esmaltado;;;NO;;1600-2400 N - 35-45 N/mm2;1;017.840.0012.14684;60x60;CATLOGO PAMESA;;;60;60;9;3600;60x60;SOSPIRO;BLANCO;https://www.pamesa.com/ERP/4.0/empresas/151/045/imagenes/t00010602/0178400023663.jpg
17;77;2;14684;0170770029558;SI;REC.GLASS;60x60n(C) SOSPIRO GRIS;A;SI;SI;0.0000;SOL12;PAMESA;PAMESA;F/30/05;8429991143145;;8429991773199;M2;5;1.80;30;54.00;34.50;1,055.00;120.00;80.00;74.00;;9.00;14/05/2025;PAMESA;PAMESA;GRES PORCELNICO;0170770029558;;SOLID;SOSPIRO;PIEDRA;;POLIVALENTE;BASE;BASE;MATE RECTIFICADO;VARIACION LEVE;;NO;;;;CLASE 1;R9;;GRUPO BIa;GL Esmaltado;;;NO;;1600-2400 N - 35-45 N/mm2;1;017.077.0002.14684;30x30(7)Malla;CATLOGO PAMESA;;;60;60;9;3600;60x60;SOSPIRO;GRIS;https://www.pamesa.com/ERP/4.0/empresas/151/045/imagenes/t00010602/0170770029558.jpg
17;840;2;14684;0178400023590;SI;REC.GLASS;60x60 SOSPIRO GRIS;A;SI;SI;0.0000;SOL12;PAMESA;PAMESA;F/30/04 9MM;8429991962685;;8429991773199;M2;4;1.44;30;43.20;29.75;912.50;120.00;80.00;73.50;;9.00;06/09/2024;PAMESA;PAMESA;GRES PORCELNICO;0178400023590;;SOLID;SOSPIRO;PIEDRA;;POLIVALENTE;BASE;BASE;MATE RECTIFICADO;VARIACION LEVE;;NO;NO;;;CLASE 1;R9;;GRUPO BIa;GL Esmaltado;;;NO;;1600-2400 N - 35-45 N/mm2;1;017.840.0002.14684;60X120 RF;CATLOGO PAMESA;;;60;60;9;3600;60x60;SOSPIRO;GRIS;https://www.pamesa.com/ERP/4.0/empresas/151/045/imagenes/t00010602/0178400023590.jpg
17;77;33;14684;0170770029561;SI;REC.GLASS;60x60n(C) SOSPIRO MARFIL;A;SI;SI;0.0000;SOL12;PAMESA;PAMESA;F/30/05;8429991143152;;8429991773199;M2;5;1.80;30;54.00;34.50;1,055.00;120.00;80.00;74.00;;9.00;14/05/2025;PAMESA;PAMESA;GRES PORCELNICO;0170770029561;;SOLID;SOSPIRO;PIEDRA;;POLIVALENTE;BASE;BASE;MATE RECTIFICADO;VARIACION LEVE;;NO;;;;CLASE 1;R9;;GRUPO BIa;GL Esmaltado;;;NO;;1600-2400 N - 35-45 N/mm2;1;017.077.0033.14684;60X120(n);CATLOGO PAMESA;;;60;60;9;3600;60x60;SOSPIRO;MARFIL;https://www.pamesa.com/ERP/4.0/empresas/151/045/imagenes/t00010602/0170770029561.jpg
17;840;33;14684;0178400023664;SI;REC.GLASS;60x60 SOSPIRO MARFIL;A;SI;SI;0.0000;SOL12;PAMESA;PAMESA;F/30/04 9MM;8429991962715;;8429991773199;M2;4;1.44;30;43.20;29.75;912.50;120.00;80.00;73.50;;9.00;06/09/2024;PAMESA;PAMESA;GRES PORCELNICO;0178400023664;;SOLID;SOSPIRO;PIEDRA;;POLIVALENTE;BASE;BASE;MATE RECTIFICADO;VARIACION LEVE;;NO;NO;;;CLASE 1;R9;;GRUPO BIa;GL Esmaltado;;;NO;;1600-2400 N - 35-45 N/mm2;1;017.840.0033.14684;60x60;CATLOGO PAMESA;;;60;60;9;3600;60x60;SOSPIRO;MARFIL;https://www.pamesa.com/ERP/4.0/empresas/151/045/imagenes/t00010602/0178400023664.jpg
17;77;285;14684;0170770029562;SI;REC.GLASS;60x60n(C) SOSPIRO TAUPE;A;SI;SI;0.0000;SOL12;PAMESA;PAMESA;F/30/05;8429991143169;;8429991773199;M2;5;1.80;30;54.00;34.50;1,055.00;120.00;80.00;74.00;;9.00;14/05/2025;PAMESA;PAMESA;GRES PORCELNICO;0170770029562;;SOLID;SOSPIRO;PIEDRA;;POLIVALENTE;BASE;BASE;MATE RECTIFICADO;VARIACION LEVE;;NO;;;;CLASE 1;R9;;GRUPO BIa;GL Esmaltado;;;NO;;1600-2400 N - 35-45 N/mm2;1;017.077.0285.14684;60X60N(20MM);CATLOGO PAMESA;;;60;60;9;3600;60x60;SOSPIRO;TAUPE;https://www.pamesa.com/ERP/4.0/empresas/151/045/imagenes/t00010602/0170770029562.jpg
17;840;285;14684;0178400023677;SI;REC.GLASS;60x60 SOSPIRO TAUPE;A;SI;SI;0.0000;SOL12;PAMESA;PAMESA;F/30/04 9MM;8429991962722;;8429991773199;M2;4;1.44;30;43.20;29.75;912.50;120.00;80.00;73.50;;9.00;06/09/2024;PAMESA;PAMESA;GRES PORCELNICO;0178400023677;;SOLID;SOSPIRO;PIEDRA;;POLIVALENTE;BASE;BASE;MATE RECTIFICADO;VARIACION LEVE;;NO;NO;;;CLASE 1;R9;;GRUPO BIa;GL Esmaltado;;;NO;;1600-2400 N - 35-45 N/mm2;1;017.840.0285.14684;60X120 RF;CATLOGO PAMESA;;;60;60;9;3600;60x60;SOSPIRO;TAUPE;https://www.pamesa.com/ERP/4.0/empresas/151/045/imagenes/t00010602/0178400023677.jpg
25;281;7;14684;0252810023659;SI;PZ.ESP COM-GLAS;30x30 (5)Malla SOSPIRO BEIGE;A;SI;SI;70.2500;MOS5;PAMESA;PAMESA;E/42/11;8429991962647;;;M2;11;1.00;42;42.00;23.00;986.00;120.00;80.00;;;;06/09/2024;PAMESA;PAMESA;GRES PORCELNICO;0252810023659;;SOLID;SOSPIRO;PIEDRA;;POLIVALENTE;MALLA;MOSAICO;MATE RECTIFICADO;VARIACION LEVE;;NO;NO;;;CLASE 1;;;GRUPO BIa;GL Esmaltado;;;NO;;;1;025.281.0007.14684;60x60;CATLOGO PAMESA;;;30;30;0;900;30x30;SOSPIRO;BEIGE;https://www.pamesa.com/ERP/4.0/empresas/151/045/imagenes/t00010602/0252810023659.jpg
25;281;12;14684;0252810023663;SI;PZ.ESP COM-GLAS;30x30 (5)Malla SOSPIRO BLANCO;A;SI;SI;70.2500;MOS5;PAMESA;PAMESA;E/42/11;8429991962654;;;M2;11;1.00;42;42.00;23.00;986.00;120.00;80.00;;;;06/09/2024;PAMESA;PAMESA;GRES PORCELNICO;0252810023663;;SOLID;SOSPIRO;PIEDRA;;POLIVALENTE;MALLA;MOSAICO;MATE RECTIFICADO;VARIACION LEVE;;NO;NO;;;CLASE 1;;;GRUPO BIa;GL Esmaltado;;;NO;;;1;025.281.0012.14684;30X30 (5)MALLA;CATLOGO PAMESA;;;30;30;0;900;30x30;SOSPIRO;BLANCO;https://www.pamesa.com/ERP/4.0/empresas/151/045/imagenes/t00010602/0252810023663.jpg
25;281;2;14684;0252810023590;SI;PZ.ESP COM-GLAS;30x30 (5)Malla SOSPIRO GRIS;A;SI;SI;70.2500;MOS5;PAMESA;PAMESA;E/42/11;8429991962630;;;M2;11;1.00;42;42.00;23.00;986.00;120.00;80.00;;;;06/09/2024;PAMESA;PAMESA;GRES PORCELNICO;0252810023590;;SOLID;SOSPIRO;PIEDRA;;POLIVALENTE;MALLA;MOSAICO;MATE RECTIFICADO;VARIACION LEVE;;NO;NO;;;CLASE 1;;;GRUPO BIa;GL Esmaltado;;;NO;;;1;025.281.0002.14684;60x60;CATLOGO PAMESA;;;30;30;0;900;30x30;SOSPIRO;GRIS;https://www.pamesa.com/ERP/4.0/empresas/151/045/imagenes/t00010602/0252810023590.jpg
25;281;33;14684;0252810023664;SI;PZ.ESP COM-GLAS;30x30 (5)Malla SOSPIRO MARFIL;A;SI;SI;70.2500;MOS5;PAMESA;PAMESA;E/42/11;8429991962678;;;M2;11;1.00;42;42.00;23.00;986.00;120.00;80.00;;;;06/09/2024;PAMESA;PAMESA;GRES PORCELNICO;0252810023664;;SOLID;SOSPIRO;PIEDRA;;POLIVALENTE;MALLA;MOSAICO;MATE RECTIFICADO;VARIACION LEVE;;NO;NO;;;CLASE 1;;;GRUPO BIa;GL Esmaltado;;;NO;;;1;025.281.0033.14684;60X120(n);CATLOGO PAMESA;;;30;30;0;900;30x30;SOSPIRO;MARFIL;https://www.pamesa.com/ERP/4.0/empresas/151/045/imagenes/t00010602/0252810023664.jpg
25;281;285;14684;0252810023677;SI;PZ.ESP COM-GLAS;30x30 (5)Malla SOSPIRO TAUPE;A;SI;SI;70.2500;MOS5;PAMESA;PAMESA;E/42/11;8429991962661;;;M2;11;1.00;42;42.00;23.00;986.00;120.00;80.00;;;;06/09/2024;PAMESA;PAMESA;GRES PORCELNICO;0252810023677;;SOLID;SOSPIRO;PIEDRA;;POLIVALENTE;MALLA;MOSAICO;MATE RECTIFICADO;VARIACION LEVE;;NO;NO;;;CLASE 1;;;GRUPO BIa;GL Esmaltado;;;NO;;;1;025.281.0285.14684;45X45;CATLOGO PAMESA;;;30;30;0;900;30x30;SOSPIRO;TAUPE;https://www.pamesa.com/ERP/4.0/empresas/151/045/imagenes/t00010602/0252810023677.jpg
17;120;2;14632;0171200023530;SI;REC.GLASS;120x120 SOULAND GRIS;A;SI;SI;0.0000;SOL35;PAMESA;PAMESA;23/36/01;8429991956486;;8429991773199;M2;1;1.44;36;51.84;34.36;1,276.96;126.00;126.00;71.00;;;01/08/2024;PAMESA;PAMESA;GRES PORCELNICO;0171200023530;;SOLID;SOULAND;PIEDRA;;POLIVALENTE;;BASE;MATE RECTIFICADO;VARIACION LEVE;;NO;NO;;;CLASE 1;R9;;GRUPO BIa;GL Esmaltado;;;NO;;1600-2400 N - 35-45 N/mm2;1;017.120.0002.14632;33,3x55;CATLOGO PAMESA;;;120;120;10,2;14400;120x120;SOULAND;GRIS;https://www.pamesa.com/ERP/4.0/empresas/151/045/imagenes/t00010602/0171200023530.jpg
17;120;285;14632;0171200023531;SI;REC.GLASS;120x120 SOULAND TAUPE;A;SI;SI;0.0000;SOL35;PAMESA;PAMESA;23/36/01;8429991956516;;8429991773199;M2;1;1.44;36;51.84;34.36;1,276.96;126.00;126.00;71.00;;;01/08/2024;PAMESA;PAMESA;GRES PORCELNICO;0171200023531;;SOLID;SOULAND;PIEDRA;;POLIVALENTE;;BASE;MATE RECTIFICADO;VARIACION LEVE;;NO;NO;;;CLASE 1;R9;;GRUPO BIa;GL Esmaltado;;;NO;;1600-2400 N - 35-45 N/mm2;1;017.120.0285.14632;33,3x55;CATLOGO PAMESA;;;120;120;10,2;14400;120x120;SOULAND;TAUPE;https://www.pamesa.com/ERP/4.0/empresas/151/045/imagenes/t00010602/0171200023531.jpg
17;90;2;14632;0170900023530;SI;REC.GLASS;90x90(N) SOULAND GRIS;A;SI;SI;0.0000;SOL29;PAMESA;PAMESA;19/32/02;8429991957711;;8429991773199;M2;2;1.62;32;51.84;33.00;1,081.00;97.00;97.00;86.00;;9.00;07/08/2024;PAMESA;PAMESA;GRES PORCELNICO;0170900023530;;SOLID;SOULAND;PIEDRA;;POLIVALENTE;;BASE;MATE RECTIFICADO;VARIACION LEVE;;NO;NO;;;CLASE 1;R9;;GRUPO BIa;GL Esmaltado;;;NO;;1600-2400 N - 35-45 N/mm2;1;017.090.0002.14632;33,3x33,3;CATLOGO PAMESA;;;90;90;9;8100;90x90;SOULAND;GRIS;https://www.pamesa.com/ERP/4.0/empresas/151/045/imagenes/t00010602/0170900023530.jpg
17;90;285;14632;0170900023531;SI;REC.GLASS;90x90(N) SOULAND TAUPE;A;SI;SI;0.0000;SOL29;PAMESA;PAMESA;19/32/02;8429991957742;;8429991773199;M2;2;1.62;32;51.84;33.00;1,081.00;97.00;97.00;86.00;;9.00;07/08/2024;PAMESA;PAMESA;GRES PORCELNICO;0170900023531;;SOLID;SOULAND;PIEDRA;;POLIVALENTE;;BASE;MATE RECTIFICADO;VARIACION LEVE;;NO;NO;;;CLASE 1;R9;;GRUPO BIa;GL Esmaltado;;;NO;;1600-2400 N - 35-45 N/mm2;1;017.090.0285.14632;33,3x55;CATLOGO PAMESA;;;90;90;9;8100;90x90;SOULAND;TAUPE;https://www.pamesa.com/ERP/4.0/empresas/151/045/imagenes/t00010602/0170900023531.jpg
17;250;2;14632;0172500023530;SI;REC.GLASS;60x120(n) SOULAND GRIS;A;SI;SI;0.0000;SOL23;PAMESA;PAMESA;L/36/02 RF;8429991957674;;8429991773199;M2;2;1.44;36;51.84;28.62;1,055.32;122.00;84.00;73.50;;;07/08/2024;PAMESA;PAMESA;GRES PORCELNICO;0172500023530;;SOLID;SOULAND;PIEDRA;;POLIVALENTE;;BASE;MATE RECTIFICADO;VARIACION LEVE;;NO;NO;;;CLASE 1;R9;;GRUPO BIa;GL Esmaltado;;;NO;;1600-2400 N - 35-45 N/mm2;1;017.250.0002.14632;60X120 RF;CATLOGO PAMESA;;;60;120;9;7200;60x120;SOULAND;GRIS;https://www.pamesa.com/ERP/4.0/empresas/151/045/imagenes/t00010602/0172500023530.jpg
17;250;285;14632;0172500023531;SI;REC.GLASS;60x120(n) SOULAND TAUPE;A;SI;SI;0.0000;SOL23;PAMESA;PAMESA;L/36/02 RF;8429991957704;;8429991773199;M2;2;1.44;36;51.84;28.62;1,055.32;122.00;84.00;73.50;;;07/08/2024;PAMESA;PAMESA;GRES PORCELNICO;0172500023531;;SOLID;SOULAND;PIEDRA;;POLIVALENTE;;BASE;MATE RECTIFICADO;VARIACION LEVE;;NO;NO;;;CLASE 1;R9;;GRUPO BIa;GL Esmaltado;;;NO;;1600-2400 N - 35-45 N/mm2;1;017.250.0285.14632;90X90(N);CATLOGO PAMESA;;;60;120;9;7200;60x120;SOULAND;TAUPE;https://www.pamesa.com/ERP/4.0/empresas/151/045/imagenes/t00010602/0172500023531.jpg
17;840;2;14632;0178400023530;SI;REC.GLASS;60x60 SOULAND GRIS;A;SI;SI;0.0000;SOL12;PAMESA;PAMESA;F/30/04 9MM;8429991958718;;8429991773199;M2;4;1.44;30;43.20;29.75;912.50;120.00;80.00;73.50;;9.00;07/08/2024;PAMESA;PAMESA;GRES PORCELNICO;0178400023530;;SOLID;SOULAND;PIEDRA;;POLIVALENTE;;BASE;MATE RECTIFICADO;VARIACION LEVE;;NO;;;;CLASE 1;R9;;GRUPO BIa;GL Esmaltado;;;NO;;1600-2400 N - 35-45 N/mm2;1;017.840.0002.14632;120X120;CATLOGO PAMESA;;;60;60;9;3600;60x60;SOULAND;GRIS;https://www.pamesa.com/ERP/4.0/empresas/151/045/imagenes/t00010602/0178400023530.jpg
17;840;285;14632;0178400023531;SI;REC.GLASS;60x60 SOULAND TAUPE;A;SI;SI;0.0000;SOL12;PAMESA;PAMESA;F/30/04 9MM;8429991958732;;8429991773199;M2;4;1.44;30;43.20;29.75;912.50;120.00;80.00;73.50;;9.00;07/08/2024;PAMESA;PAMESA;GRES PORCELNICO;0178400023531;;SOLID;SOULAND;PIEDRA;;POLIVALENTE;;BASE;MATE RECTIFICADO;VARIACION LEVE;;NO;;;;CLASE 1;R9;;GRUPO BIa;GL Esmaltado;;;NO;;1600-2400 N - 35-45 N/mm2;1;017.840.0285.14632;60X120(n);CATLOGO PAMESA;;;60;60;9;3600;60x60;SOULAND;TAUPE;https://www.pamesa.com/ERP/4.0/empresas/151/045/imagenes/t00010602/0178400023531.jpg
25;590;2;14632;0255900023530;SI;PZ.ESP COM-GLAS;30x30(7)Malla SOULAND GRIS;A;SI;SI;57.7500;MOS7;PAMESA;PAMESA;E/42/11;8429991962746;;;M2;11;1.00;42;42.00;23.10;990.20;120.00;80.00;;;;06/09/2024;PAMESA;PAMESA;GRES PORCELNICO;0255900023530;;SOLID;SOULAND;PIEDRA;;POLIVALENTE;MALLA;MOSAICO;MATE RECTIFICADO;VARIACION LEVE;;NO;NO;;;;;;GRUPO BIa;GL Esmaltado;;;NO;;;1;025.590.0002.14632;60x60 Ind;CATLOGO PAMESA;;;30;30;0;900;30x30;SOULAND;GRIS;https://www.pamesa.com/ERP/4.0/empresas/151/045/imagenes/t00010602/0255900023530.jpg
25;590;285;14632;0255900023531;SI;PZ.ESP COM-GLAS;30x30(7)Malla SOULAND TAUPE;A;SI;SI;57.7500;MOS7;PAMESA;PAMESA;E/42/11;8429991962760;;;M2;11;1.00;42;42.00;23.10;990.20;120.00;80.00;;;;06/09/2024;PAMESA;PAMESA;GRES PORCELNICO;0255900023531;;SOLID;SOULAND;PIEDRA;;POLIVALENTE;MALLA;MOSAICO;MATE RECTIFICADO;VARIACION LEVE;;NO;NO;;;;;;GRUPO BIa;GL Esmaltado;;;NO;;;1;025.590.0285.14632;120X120(T);CATLOGO PAMESA;;;30;30;0;900;30x30;SOULAND;TAUPE;https://www.pamesa.com/ERP/4.0/empresas/151/045/imagenes/t00010602/0255900023531.jpg
15;440;12;2755;0154400122755;SI;COM.GL;60,8x60,8 STYLE BLANCO;A;SI;SI;19.0000;SOL10;PAMESA;PAMESA;F/30/04 9MM;8429991380809;;8429991773182;M2;4;1.48;30;44.40;29.70;911.00;120.00;80.00;74.00;;9.00;30/05/2018;PAMESA;SERIE 52 PAM PORCELANICOS;GRES PORCELNICO;0154400122755;;SOLID;STYLE;CEMENTO;;PAVIMENTO;BASE;BASE;MATE;VARIACION LEVE;;NO;;8;;CLASE 1;R10;B;GRUPO BIa;GL Esmaltado;60 Low;30 Moderate;NO;;1600-2400 N - 35-45 N/mm2;1;015.440.0012.02755;60X120(n);CATLOGO PAMESA;;;60,8;60,8;9;3696,64;60,8x60,8;STYLE;BLANCO;https://www.pamesa.com/ERP/4.0/empresas/151/045/imagenes/t00010602/0154400122755.jpg
15;440;19;2755;0154400192755;SI;COM.GL;60,8x60,8 STYLE CENIZA;A;SI;SI;19.0000;SOL10;PAMESA;PAMESA;F/30/04 9MM;8429991380854;;8429991773182;M2;4;1.48;30;44.40;29.70;911.00;120.00;80.00;74.00;;9.00;30/05/2018;PAMESA;SERIE 52 PAM PORCELANICOS;GRES PORCELNICO;0154400192755;;SOLID;STYLE;CEMENTO;;PAVIMENTO;;BASE;MATE;VARIACION LEVE;;NO;;9;;CLASE 1;R10;B;GRUPO BIa;GL Esmaltado;60 Low;30 Moderate;NO;;1600-2400 N - 35-45 N/mm2;1;015.440.0019.02755;40X60;CATLOGO PAMESA;;;60,8;60,8;9;3696,64;60,8x60,8;STYLE;CENIZA;https://www.pamesa.com/ERP/4.0/empresas/151/045/imagenes/t00010602/0154400192755.jpg
15;440;28;2755;0154400282755;SI;COM.GL;60,8x60,8 STYLE MARENGO;A;SI;SI;19.0000;SOL10;PAMESA;PAMESA;F/30/04 9MM;8429991380861;;8429991773182;M2;4;1.48;30;44.40;29.70;911.00;120.00;80.00;74.00;;9.00;30/05/2018;PAMESA;SERIE 52 PAM PORCELANICOS;GRES PORCELNICO;0154400282755;;SOLID;STYLE;CEMENTO;;PAVIMENTO;;BASE;MATE;VARIACION LEVE;;NO;;8;;CLASE 1;R10;B;GRUPO BIa;GL Esmaltado;60 Low;30 Moderate;NO;;1600-2400 N - 35-45 N/mm2;1;015.440.0028.02755;90X90(N);CATLOGO PAMESA;;;60,8;60,8;9;3696,64;60,8x60,8;STYLE;MARENGO;https://www.pamesa.com/ERP/4.0/empresas/151/045/imagenes/t00010602/0154400282755.jpg
15;440;33;2755;0154400332755;SI;COM.GL;60,8x60,8 STYLE MARFIL;A;SI;SI;19.0000;SOL10;PAMESA;PAMESA;F/30/04;8429991380878;;8429991773182;M2;4;1.48;30;44.40;31.35;960.50;120.00;80.00;74.00;5;9.50;30/05/2018;PAMESA;SERIE 52 PAM PORCELANICOS;GRES PORCELNICO;0154400332755;;SOLID;STYLE;CEMENTO;;PAVIMENTO;;BASE;MATE;VARIACION LEVE;;NO;;9;;CLASE 1;R10;B;GRUPO BIa;GL Esmaltado;60 Low;30 Moderate;NO;;1600-2400 N - 35-45 N/mm2;1;015.440.0033.02755;90X90(N);CATLOGO PAMESA;;;60,8;60,8;9;3696,64;60,8x60,8;STYLE;MARFIL;https://www.pamesa.com/ERP/4.0/empresas/151/045/imagenes/t00010602/0154400332755.jpg
15;440;37;2755;0154400372755;SI;COM.GL;60,8x60,8 STYLE PERLA;A;SI;SI;19.0000;SOL10;PAMESA;PAMESA;F/30/04 9MM;8429991380885;;8429991773182;M2;4;1.48;30;44.40;29.70;911.00;120.00;80.00;74.00;;9.00;30/05/2018;PAMESA;SERIE 52 PAM PORCELANICOS;GRES PORCELNICO;0154400372755;;SOLID;STYLE;CEMENTO;;PAVIMENTO;;BASE;MATE;VARIACION LEVE;;NO;;9;;CLASE 1;R10;B;GRUPO BIa;GL Esmaltado;60 Low;30 Moderate;NO;;1600-2400 N - 35-45 N/mm2;1;015.440.0037.02755;60X120(n);CATLOGO PAMESA;;;60,8;60,8;9;3696,64;60,8x60,8;STYLE;PERLA;https://www.pamesa.com/ERP/4.0/empresas/151/045/imagenes/t00010602/0154400372755.jpg
15;440;285;2755;0154402852755;SI;COM.GL;60,8x60,8 STYLE TAUPE;A;SI;SI;19.0000;SOL10;PAMESA;PAMESA;F/30/04;8429991380892;;8429991773182;M2;4;1.48;30;44.40;31.35;960.50;120.00;80.00;74.00;5;9.50;30/05/2018;PAMESA;SERIE 52 PAM PORCELANICOS;GRES PORCELNICO;0154402852755;;SOLID;STYLE;CEMENTO;;PAVIMENTO;BASE;BASE;MATE;VARIACION LEVE;;NO;;9;;CLASE 1;R10;B;GRUPO BIa;GL Esmaltado;60 Low;30 Moderate;NO;;1600-2400 N - 35-45 N/mm2;1;015.440.0285.02755;60X120(n);CATLOGO PAMESA;;;60,8;60,8;9;3696,64;60,8x60,8;STYLE;TAUPE;https://www.pamesa.com/ERP/4.0/empresas/151/045/imagenes/t00010602/0154402852755.jpg
15;302;19;13421;0153020019822;SI;COM.GL;45x45 EXT.STYLE CENIZA;A;SI;SI;18.0000;SOL03;PAM-ADZ.PAMESA;PAMESA;F/52/06;8429991821524;;8429991773182;M2;6;1.22;52;63.44;26.20;1,382.40;120.00;80.00;105.00;;;05/05/2023;PAMESA;SERIE 52 PAM PORCELANICOS;GRES PORCELNICO;0153020019822;;SOLID;STYLE;CEMENTO;;ANTIDESLIZANTE;;BASE;MATE;;NO;NO;;;;CLASE 3;R11;C;GRUPO BIa;GL Esmaltado;;36 Low;NO;0.42;1600-2400 N - 35-45 N/mm2;1;015.302.0019.13421;90X90(N);CATLOGO PAMESA;;;45;45;9,5;2025;45x45;EXT.STYLE;CENIZA;https://www.pamesa.com/ERP/4.0/empresas/151/045/imagenes/t00010602/0153020019822.jpg
15;302;33;13421;0153020019823;SI;COM.GL;45x45 EXT.STYLE MARFIL;A;SI;SI;18.0000;SOL03;PAM-ADZ.PAMESA;PAMESA;F/52/06;8429991821531;;8429991773182;M2;6;1.22;52;63.44;26.20;1,382.40;120.00;80.00;105.00;;;05/05/2023;PAMESA;SERIE 52 PAM PORCELANICOS;GRES PORCELNICO;0153020019823;;SOLID;STYLE;CEMENTO;;ANTIDESLIZANTE;;BASE;MATE;;NO;NO;;;;CLASE 3;R11;C;GRUPO BIa;GL Esmaltado;;36 Low;NO;0.42;1600-2400 N - 35-45 N/mm2;1;015.302.0033.13421;45X90C(N);CATLOGO PAMESA;;;45;45;9,5;2025;45x45;EXT.STYLE;MARFIL;https://www.pamesa.com/ERP/4.0/empresas/151/045/imagenes/t00010602/0153020019823.jpg
15;302;37;13421;0153020019824;SI;COM.GL;45x45 EXT.STYLE PERLA;A;SI;SI;18.0000;SOL03;PAM-ADZ.PAMESA;PAMESA;F/52/06;8429991821548;;8429991773182;M2;6;1.22;52;63.44;26.20;1,382.40;120.00;80.00;105.00;;;05/05/2023;PAMESA;SERIE 52 PAM PORCELANICOS;GRES PORCELNICO;0153020019824;;SOLID;STYLE;CEMENTO;;ANTIDESLIZANTE;;BASE;MATE;;NO;NO;;;;CLASE 3;R11;C;GRUPO BIa;GL Esmaltado;;36 Low;NO;0.42;1600-2400 N - 35-45 N/mm2;1;015.302.0037.13421;30X60 (C);CATLOGO PAMESA;;;45;45;9,5;2025;45x45;EXT.STYLE;PERLA;https://www.pamesa.com/ERP/4.0/empresas/151/045/imagenes/t00010602/0153020019824.jpg
15;302;285;13421;0153020019826;SI;COM.GL;45x45 EXT.STYLE TAUPE;A;SI;SI;18.0000;SOL03;PAM-ADZ.PAMESA;PAMESA;F/52/06;8429991821555;;8429991773182;M2;6;1.22;52;63.44;26.20;1,382.40;120.00;80.00;105.00;;;05/05/2023;PAMESA;SERIE 52 PAM PORCELANICOS;GRES PORCELNICO;0153020019826;;SOLID;STYLE;CEMENTO;;ANTIDESLIZANTE;;BASE;MATE;;NO;NO;;;;CLASE 3;R11;C;GRUPO BIa;GL Esmaltado;;36 Low;NO;0.42;1600-2400 N - 35-45 N/mm2;1;015.302.0285.13421;61X91(N)20MM;CATLOGO PAMESA;;;45;45;9,5;2025;45x45;EXT.STYLE;TAUPE;https://www.pamesa.com/ERP/4.0/empresas/151/045/imagenes/t00010602/0153020019826.jpg
15;302;12;2755;0153020122755;SI;COM.GL;45x45 STYLE BLANCO;A;SI;SI;17.7500;SOL02;PAMESA;PAMESA;F/52/06;8429991041861;;8429991773182;M2;6;1.22;52;63.44;26.20;1,382.40;120.00;80.00;105.00;;;22/07/2013;PAMESA;SERIE 52 PAM PORCELANICOS;GRES PORCELNICO;0153020122755;;SOLID;STYLE;CEMENTO;;POLIVALENTE;BASE;BASE;MATE;VARIACION LEVE;;NO;;16;;CLASE 1;R10;B;GRUPO BIa;GL Esmaltado;60 Low;30 Moderate;SI;;1600-2400 N - 35-45 N/mm2;1;015.302.0012.02755;30X30 (5)MALLA;CATLOGO PAMESA;;;45;45;9,5;2025;45x45;STYLE;BLANCO;https://www.pamesa.com/ERP/4.0/empresas/151/045/imagenes/t00010602/0153020122755.jpg
15;302;19;2755;0153020192755;SI;COM.GL;45x45 STYLE CENIZA;A;SI;SI;17.7500;SOL02;PAMESA;PAMESA;F/52/06;8429991041878;;8429991773182;M2;6;1.22;52;63.44;26.20;1,382.40;120.00;80.00;105.00;;;22/07/2013;PAMESA;SERIE 52 PAM PORCELANICOS;GRES PORCELNICO;0153020192755;;SOLID;STYLE;CEMENTO;;POLIVALENTE;BASE;BASE;MATE;VARIACION LEVE;;NO;;18;;CLASE 1;R10;B;GRUPO BIa;GL Esmaltado;60 Low;30 Moderate;SI;;1600-2400 N - 35-45 N/mm2;1;015.302.0019.02755;30X30 (5)MALLA;CATLOGO PAMESA;;;45;45;9,5;2025;45x45;STYLE;CENIZA;https://www.pamesa.com/ERP/4.0/empresas/151/045/imagenes/t00010602/0153020192755.jpg
15;302;28;2755;0153020282755;SI;COM.GL;45x45 STYLE MARENGO;A;SI;SI;17.7500;SOL02;PAMESA;PAMESA;F/52/06;8429991041885;;8429991773182;M2;6;1.22;52;63.44;26.20;1,382.40;120.00;80.00;105.00;;;22/07/2013;PAMESA;SERIE 52 PAM PORCELANICOS;GRES PORCELNICO;0153020282755;;SOLID;STYLE;CEMENTO;;POLIVALENTE;BASE;BASE;MATE;VARIACION LEVE;;NO;;16;;CLASE 1;R10;B;GRUPO BIa;GL Esmaltado;60 Low;30 Moderate;SI;;1600-2400 N - 35-45 N/mm2;1;015.302.0028.02755;90X90(N);CATLOGO PAMESA;;;45;45;9,5;2025;45x45;STYLE;MARENGO;https://www.pamesa.com/ERP/4.0/empresas/151/045/imagenes/t00010602/0153020282755.jpg
15;302;33;2755;0153020332755;SI;COM.GL;45x45 STYLE MARFIL;A;SI;SI;17.7500;SOL02;PAMESA;PAMESA;F/52/06;8429991041892;;8429991773182;M2;6;1.22;52;63.44;26.20;1,382.40;120.00;80.00;105.00;;;22/07/2013;PAMESA;SERIE 52 PAM PORCELANICOS;GRES PORCELNICO;0153020332755;;SOLID;STYLE;CEMENTO;;POLIVALENTE;BASE;BASE;MATE;VARIACION LEVE;;NO;;18;;CLASE 1;R10;B;GRUPO BIa;GL Esmaltado;60 Low;30 Moderate;SI;;1600-2400 N - 35-45 N/mm2;1;015.302.0033.02755;60X120 RF;CATLOGO PAMESA;;;45;45;9,5;2025;45x45;STYLE;MARFIL;https://www.pamesa.com/ERP/4.0/empresas/151/045/imagenes/t00010602/0153020332755.jpg
15;302;37;2755;0153020372755;SI;COM.GL;45x45 STYLE PERLA;A;SI;SI;17.7500;SOL02;PAMESA;PAMESA;F/52/06;8429991041908;;8429991773182;M2;6;1.22;52;63.44;26.20;1,382.40;120.00;80.00;105.00;;;22/07/2013;PAMESA;SERIE 52 PAM PORCELANICOS;GRES PORCELNICO;0153020372755;;SOLID;STYLE;CEMENTO;;POLIVALENTE;BASE;BASE;MATE;VARIACION LEVE;;NO;;18;;CLASE 1;R10;B;GRUPO BIa;GL Esmaltado;60 Low;30 Moderate;SI;;1600-2400 N - 35-45 N/mm2;1;015.302.0037.02755;45X90C(N);CATLOGO PAMESA;;;45;45;9,5;2025;45x45;STYLE;PERLA;https://www.pamesa.com/ERP/4.0/empresas/151/045/imagenes/t00010602/0153020372755.jpg
15;302;285;2755;0153022852755;SI;COM.GL;45x45 STYLE TAUPE;A;SI;SI;17.7500;SOL02;PAMESA;PAMESA;F/52/06;8429991041915;;8429991773182;M2;6;1.22;52;63.44;26.20;1,382.40;120.00;80.00;105.00;;;22/07/2013;PAMESA;SERIE 52 PAM PORCELANICOS;GRES PORCELNICO;0153022852755;;SOLID;STYLE;CEMENTO;;POLIVALENTE;BASE;BASE;MATE;VARIACION LEVE;;NO;;18;;CLASE 1;R10;B;GRUPO BIa;GL Esmaltado;60 Low;30 Moderate;SI;;1600-2400 N - 35-45 N/mm2;1;015.302.0285.02755;30x30(7)Malla;CATLOGO PAMESA;;;45;45;9,5;2025;45x45;STYLE;TAUPE;https://www.pamesa.com/ERP/4.0/empresas/151/045/imagenes/t00010602/0153022852755.jpg
15;722;12;2755;0157220122755;SI;COM.GL;30,3x61,3 STYLE BLANCO;A;SI;SI;18.7500;SOL04;PAMESA;PAMESA;F/40/07;8429991041922;;8429991773182;M2;7;1.30;40;52.00;25.00;1,020.00;120.00;80.00;74.50;5;9.00;01/08/2013;PAMESA;SERIE 52 PAM PORCELANICOS;GRES PORCELNICO;0157220122755;;SOLID;STYLE;CEMENTO;;POLIVALENTE;BASE;BASE;MATE;VARIACION LEVE;;NO;;16;;CLASE 1;R10;B;GRUPO BIa;GL Esmaltado;60 Low;30 Moderate;NO;;1600-2400 N - 35-45 N/mm2;1;015.722.0012.02755;60x60;CATLOGO PAMESA;;;30,3;61,3;9;1857,39;30,3x61,3;STYLE;BLANCO;https://www.pamesa.com/ERP/4.0/empresas/151/045/imagenes/t00010602/0157220122755.jpg
15;722;19;2755;0157220192755;SI;COM.GL;30,3x61,3 STYLE CENIZA;A;SI;SI;18.7500;SOL04;PAMESA;PAMESA;F/40/07;8429991041939;;8429991773182;M2;7;1.30;40;52.00;25.00;1,020.00;120.00;80.00;74.50;5;9.00;01/08/2013;PAMESA;SERIE 52 PAM PORCELANICOS;GRES PORCELNICO;0157220192755;;SOLID;STYLE;CEMENTO;;POLIVALENTE;BASE;BASE;MATE;VARIACION LEVE;;NO;;17;;CLASE 1;R10;B;GRUPO BIa;GL Esmaltado;60 Low;30 Moderate;NO;;1600-2400 N - 35-45 N/mm2;1;015.722.0019.02755;60x60;CATLOGO PAMESA;;;30,3;61,3;9;1857,39;30,3x61,3;STYLE;CENIZA;https://www.pamesa.com/ERP/4.0/empresas/151/045/imagenes/t00010602/0157220192755.jpg
15;722;28;2755;0157220282755;SI;COM.GL;30,3x61,3 STYLE MARENGO;A;SI;SI;18.7500;SOL04;PAMESA;PAMESA;F/40/07;8429991041946;;8429991773182;M2;7;1.30;40;52.00;25.00;1,020.00;120.00;80.00;74.50;5;9.00;01/08/2013;PAMESA;SERIE 52 PAM PORCELANICOS;GRES PORCELNICO;0157220282755;;SOLID;STYLE;CEMENTO;;POLIVALENTE;BASE;BASE;MATE;VARIACION LEVE;;NO;;16;;CLASE 1;R10;B;GRUPO BIa;GL Esmaltado;60 Low;30 Moderate;NO;;1600-2400 N - 35-45 N/mm2;1;015.722.0028.02755;30,3X61,3;CATLOGO PAMESA;;;30,3;61,3;9;1857,39;30,3x61,3;STYLE;MARENGO;https://www.pamesa.com/ERP/4.0/empresas/151/045/imagenes/t00010602/0157220282755.jpg
15;722;33;2755;0157220332755;SI;COM.GL;30,3x61,3 STYLE MARFIL;A;SI;SI;18.7500;SOL04;PAMESA;PAMESA;F/40/07;8429991041953;;8429991773182;M2;7;1.30;40;52.00;25.00;1,020.00;120.00;80.00;74.50;5;9.00;01/08/2013;PAMESA;SERIE 52 PAM PORCELANICOS;GRES PORCELNICO;0157220332755;;SOLID;STYLE;CEMENTO;;POLIVALENTE;BASE;BASE;MATE;VARIACION LEVE;;NO;;18;;CLASE 1;R10;B;GRUPO BIa;GL Esmaltado;60 Low;30 Moderate;NO;;1600-2400 N - 35-45 N/mm2;1;015.722.0033.02755;30,3X61,3;CATLOGO PAMESA;;;30,3;61,3;9;1857,39;30,3x61,3;STYLE;MARFIL;https://www.pamesa.com/ERP/4.0/empresas/151/045/imagenes/t00010602/0157220332755.jpg
15;722;37;2755;0157220372755;SI;COM.GL;30,3x61,3 STYLE PERLA;A;SI;SI;18.7500;SOL04;PAMESA;PAMESA;F/40/07;8429991041960;;8429991773182;M2;7;1.30;40;52.00;25.00;1,020.00;120.00;80.00;74.50;5;9.00;01/08/2013;PAMESA;SERIE 52 PAM PORCELANICOS;GRES PORCELNICO;0157220372755;;SOLID;STYLE;CEMENTO;;POLIVALENTE;BASE;BASE;MATE;VARIACION LEVE;;NO;;18;;CLASE 1;R10;B;GRUPO BIa;GL Esmaltado;60 Low;30 Moderate;NO;;1600-2400 N - 35-45 N/mm2;1;015.722.0037.02755;60X120(n);CATLOGO PAMESA;;;30,3;61,3;9;1857,39;30,3x61,3;STYLE;PERLA;https://www.pamesa.com/ERP/4.0/empresas/151/045/imagenes/t00010602/0157220372755.jpg
15;722;285;2755;0157222852755;SI;COM.GL;30,3x61,3 STYLE TAUPE;A;SI;SI;18.7500;SOL04;PAMESA;PAMESA;F/40/07;8429991041977;;8429991773182;M2;7;1.30;40;52.00;25.00;1,020.00;120.00;80.00;74.50;5;9.00;01/08/2013;PAMESA;SERIE 52 PAM PORCELANICOS;GRES PORCELNICO;0157222852755;;SOLID;STYLE;CEMENTO;;POLIVALENTE;BASE;BASE;MATE;VARIACION LEVE;;NO;;18;;CLASE 1;R10;B;GRUPO BIa;GL Esmaltado;60 Low;30 Moderate;NO;;1600-2400 N - 35-45 N/mm2;1;015.722.0285.02755;60x60;CATLOGO PAMESA;;;30,3;61,3;9;1857,39;30,3x61,3;STYLE;TAUPE;https://www.pamesa.com/ERP/4.0/empresas/151/045/imagenes/t00010602/0157222852755.jpg
25;281;12;2755;0252810122755;SI;PZ.ESP COM-GLAS;30x30 (5)Malla STYLE BLANCO;A;SI;SI;70.2500;MOS5;PAMESA;PAMESA;E/48/11;8429991548537;;;M2;11;1.00;48;48.00;18.30;898.40;120.00;80.00;;;;05/05/2017;PAMESA;PAMESA;GRES PORCELNICO;0252810122755;;SOLID;STYLE;CEMENTO;;POLIVALENTE;MALLA;;MATE RECTIFICADO;VARIACION LEVE;;SIN INFORMAR;;;;;;;GRUPO BIa;GL Esmaltado;;;NO;;1600-2400 N - 35-45 N/mm2;1;025.281.0012.02755;30X30 (5)MALLA;CATLOGO PAMESA;;;30;30;0;900;30x30;STYLE;BLANCO;https://www.pamesa.com/ERP/4.0/empresas/151/045/imagenes/t00010602/0252810122755.jpg
25;590;12;2755;0255900122755;SI;PZ.ESP COM-GLAS;30x30(7)Malla STYLE BLANCO;A;SI;SI;57.7500;MOS7;PAMESA;PAMESA;E/42/11;8429991450502;;;M2;11;1.00;42;42.00;23.10;990.20;120.00;80.00;;;;18/06/2018;PAMESA;PAMESA;GRES PORCELNICO;0255900122755;;SOLID;STYLE;CEMENTO;;POLIVALENTE;MALLA;;MATE RECTIFICADO;VARIACION LEVE;;SIN INFORMAR;;;;;;;GRUPO BIa;GL Esmaltado;;;NO;;1600-2400 N - 35-45 N/mm2;1;025.590.0012.02755;120X120;CATLOGO PAMESA;;;30;30;0;900;30x30;STYLE;BLANCO;https://www.pamesa.com/ERP/4.0/empresas/151/045/imagenes/t00010602/0255900122755.jpg
25;281;19;2755;0252810192755;SI;PZ.ESP COM-GLAS;30x30 (5)Malla STYLE CENIZA;A;SI;SI;70.2500;MOS5;PAMESA;PAMESA;E/48/11;8429991548544;;;M2;11;1.00;48;48.00;18.30;898.40;120.00;80.00;;;;18/07/2017;PAMESA;PAMESA;GRES PORCELNICO;0252810192755;;SOLID;STYLE;CEMENTO;;POLIVALENTE;MALLA;;MATE RECTIFICADO;VARIACION LEVE;;SIN INFORMAR;;;;;;;GRUPO BIa;GL Esmaltado;;;NO;;1600-2400 N - 35-45 N/mm2;1;025.281.0019.02755;30X30 (5)MALLA;CATLOGO PAMESA;;;30;30;0;900;30x30;STYLE;CENIZA;https://www.pamesa.com/ERP/4.0/empresas/151/045/imagenes/t00010602/0252810192755.jpg
25;590;19;2755;0255900192755;SI;PZ.ESP COM-GLAS;30x30(7)Malla STYLE CENIZA;A;SI;SI;57.7500;MOS7;PAMESA;PAMESA;E/42/11;8429991563196;;;M2;11;1.00;42;42.00;23.10;990.20;120.00;80.00;;;;18/06/2018;PAMESA;PAMESA;GRES PORCELNICO;0255900192755;;SOLID;STYLE;CEMENTO;;POLIVALENTE;MALLA;;MATE RECTIFICADO;VARIACION LEVE;;SIN INFORMAR;;;;;;;GRUPO BIa;GL Esmaltado;;;NO;;1600-2400 N - 35-45 N/mm2;1;025.590.0019.02755;90X90(N);CATLOGO PAMESA;;;30;30;0;900;30x30;STYLE;CENIZA;https://www.pamesa.com/ERP/4.0/empresas/151/045/imagenes/t00010602/0255900192755.jpg
25;281;28;2755;0252810282755;SI;PZ.ESP COM-GLAS;30x30 (5)Malla STYLE MARENGO;A;SI;SI;70.2500;MOS5;PAMESA;PAMESA;E/48/11;8429991548551;;;M2;11;1.00;48;48.00;18.30;898.40;120.00;80.00;;;;30/05/2017;PAMESA;PAMESA;GRES PORCELNICO;0252810282755;;SOLID;STYLE;CEMENTO;;POLIVALENTE;MALLA;;MATE RECTIFICADO;VARIACION LEVE;;SIN INFORMAR;;;;;;;GRUPO BIa;GL Esmaltado;;;NO;;1600-2400 N - 35-45 N/mm2;1;025.281.0028.02755;120X120;CATLOGO PAMESA;;;30;30;0;900;30x30;STYLE;MARENGO;https://www.pamesa.com/ERP/4.0/empresas/151/045/imagenes/t00010602/0252810282755.jpg
25;590;28;2755;0255900282755;SI;PZ.ESP COM-GLAS;30x30(7)Malla STYLE MARENGO;A;SI;SI;57.7500;MOS7;PAMESA;PAMESA;E/42/11;8429991450526;;;M2;11;1.00;42;42.00;23.10;990.20;120.00;80.00;;;;18/06/2018;PAMESA;PAMESA;GRES PORCELNICO;0255900282755;;SOLID;STYLE;CEMENTO;;POLIVALENTE;MALLA;;MATE RECTIFICADO;VARIACION LEVE;;SIN INFORMAR;;;;;;;GRUPO BIa;GL Esmaltado;;;NO;;1600-2400 N - 35-45 N/mm2;1;025.590.0028.02755;90X90N(20MM);CATLOGO PAMESA;;;30;30;0;900;30x30;STYLE;MARENGO;https://www.pamesa.com/ERP/4.0/empresas/151/045/imagenes/t00010602/0255900282755.jpg
25;281;33;2755;0252810332755;SI;PZ.ESP COM-GLAS;30x30 (5)Malla STYLE MARFIL;A;SI;SI;70.2500;MOS5;PAMESA;PAMESA;E/48/11;8429991548575;;;M2;11;1.00;48;48.00;18.30;898.40;120.00;80.00;;;;16/02/2018;PAMESA;PAMESA;GRES PORCELNICO;0252810332755;;SOLID;STYLE;CEMENTO;;POLIVALENTE;MALLA;;MATE RECTIFICADO;VARIACION LEVE;;SIN INFORMAR;;;;;;;GRUPO BIa;GL Esmaltado;;;NO;;1600-2400 N - 35-45 N/mm2;1;025.281.0033.02755;90X90(N);CATLOGO PAMESA;;;30;30;0;900;30x30;STYLE;MARFIL;https://www.pamesa.com/ERP/4.0/empresas/151/045/imagenes/t00010602/0252810332755.jpg
25;590;33;2755;0255900332755;SI;PZ.ESP COM-GLAS;30x30(7)Malla STYLE MARFIL;A;SI;SI;57.7500;MOS7;PAMESA;PAMESA;E/42/11;8429991563202;;;M2;11;1.00;42;42.00;23.10;990.20;120.00;80.00;;;;18/06/2018;PAMESA;PAMESA;GRES PORCELNICO;0255900332755;;SOLID;STYLE;CEMENTO;;POLIVALENTE;MALLA;;MATE RECTIFICADO;VARIACION LEVE;;SIN INFORMAR;;;;;;;GRUPO BIa;GL Esmaltado;;;NO;;1600-2400 N - 35-45 N/mm2;1;025.590.0033.02755;60x120(N)20MM;CATLOGO PAMESA;;;30;30;0;900;30x30;STYLE;MARFIL;https://www.pamesa.com/ERP/4.0/empresas/151/045/imagenes/t00010602/0255900332755.jpg
25;281;37;2755;0252810372755;SI;PZ.ESP COM-GLAS;30x30 (5)Malla STYLE PERLA;A;SI;SI;70.2500;MOS5;PAMESA;PAMESA;E/48/11;8429991548582;;;M2;11;1.00;48;48.00;18.30;898.40;120.00;80.00;;;;12/09/2017;PAMESA;PAMESA;GRES PORCELNICO;0252810372755;;SOLID;STYLE;CEMENTO;;POLIVALENTE;MALLA;;MATE RECTIFICADO;VARIACION LEVE;;SIN INFORMAR;;;;;;;GRUPO BIa;GL Esmaltado;;;NO;;1600-2400 N - 35-45 N/mm2;1;025.281.0037.02755;60x60;CATLOGO PAMESA;;;30;30;0;900;30x30;STYLE;PERLA;https://www.pamesa.com/ERP/4.0/empresas/151/045/imagenes/t00010602/0252810372755.jpg
25;590;37;2755;0255900372755;SI;PZ.ESP COM-GLAS;30x30(7)Malla STYLE PERLA;A;SI;SI;57.7500;MOS7;PAMESA;PAMESA;E/42/11;8429991450519;;;M2;11;1.00;42;42.00;23.10;990.20;120.00;80.00;;;;18/06/2018;PAMESA;PAMESA;GRES PORCELNICO;0255900372755;;SOLID;STYLE;CEMENTO;;POLIVALENTE;MALLA;;MATE RECTIFICADO;VARIACION LEVE;;SIN INFORMAR;;;;;;;GRUPO BIa;GL Esmaltado;;;NO;;1600-2400 N - 35-45 N/mm2;1;025.590.0037.02755;60x60;CATLOGO PAMESA;;;30;30;0;900;30x30;STYLE;PERLA;https://www.pamesa.com/ERP/4.0/empresas/151/045/imagenes/t00010602/0255900372755.jpg
25;281;285;2755;0252812852755;SI;PZ.ESP COM-GLAS;30x30 (5)Malla STYLE TAUPE;A;SI;SI;70.2500;MOS5;PAMESA;PAMESA;E/48/11;8429991548599;;;M2;11;1.00;48;48.00;18.30;898.40;120.00;80.00;;;;18/05/2017;PAMESA;PAMESA;GRES PORCELNICO;0252812852755;;SOLID;STYLE;CEMENTO;;POLIVALENTE;MALLA;;MATE RECTIFICADO;VARIACION LEVE;;SIN INFORMAR;;;;;;;GRUPO BIa;GL Esmaltado;;;NO;;1600-2400 N - 35-45 N/mm2;1;025.281.0285.02755;45X45;CATLOGO PAMESA;;;30;30;0;900;30x30;STYLE;TAUPE;https://www.pamesa.com/ERP/4.0/empresas/151/045/imagenes/t00010602/0252812852755.jpg
25;590;285;2755;0255902852755;SI;PZ.ESP COM-GLAS;30x30(7)Malla STYLE TAUPE;A;SI;SI;57.7500;MOS7;PAMESA;PAMESA;E/42/11;8429991563219;;;M2;11;1.00;42;42.00;23.10;990.20;120.00;80.00;;;;18/06/2018;PAMESA;PAMESA;GRES PORCELNICO;0255902852755;;SOLID;STYLE;CEMENTO;;POLIVALENTE;MALLA;;MATE RECTIFICADO;VARIACION LEVE;;SIN INFORMAR;;;;;;;GRUPO BIa;GL Esmaltado;;;NO;;1600-2400 N - 35-45 N/mm2;1;025.590.0285.02755;30X30 (5)MALLA;CATLOGO PAMESA;;;30;30;0;900;30x30;STYLE;TAUPE;https://www.pamesa.com/ERP/4.0/empresas/151/045/imagenes/t00010602/0255902852755.jpg
48;840;1;1020;0488400011020;SI;REC.INDUSTRIAL;60x60 SV.ADZ.HIERRO 1.;A;SI;SI;44.7500;SOL41;PAMESA;PAMESA;F/30/03 Ind;8429991331733;;8429991773236;M2;3;1.08;30;32.40;32.90;1,007.00;120.00;80.00;73.50;5;14.00;25/09/2017;PAMESA;PAMESA;GRES PORCELNICO;0488400011020;;SOLID;SV.HIERRO;BASICO;;ANTIDESLIZANTE;;BASE;MATE RECTIFICADO;ASPECTO UNIFORME;NO;NO;;;;CLASE 3;;;GRUPO BIa;UGL No esmaltado;;36 Low;NO;;1600-2400 N - 35-45 N/mm2;1;048.840.0001.01020;23X120(N);CATLOGO PAMESA;;;60;60;9;3600;60x60;SV.ADZ.HIERRO;1.;https://www.pamesa.com/ERP/4.0/empresas/151/045/imagenes/t00010602/0488400011020.jpg
48;840;1;1018;0488400011018;SI;REC.INDUSTRIAL;60x60 SV.HIERRO 1.;A;SI;SI;43.7500;SOL16;PAMESA;PAMESA;F/30/03 Ind;8429991331726;;8429991773236;M2;3;1.08;30;32.40;32.90;1,007.00;120.00;80.00;73.50;5;14.00;25/09/2017;PAMESA;PAMESA;GRES PORCELNICO;0488400011018;;SOLID;SV.HIERRO;BASICO;;POLIVALENTE;;BASE;MATE RECTIFICADO;ASPECTO UNIFORME;NO;;;;;CLASE 1;;;GRUPO BIa;UGL No esmaltado;;;NO;;1600-2400 N - 35-45 N/mm2;1;048.840.0001.01018;23X120(N);CATLOGO PAMESA;;;60;60;9;3600;60x60;SV.HIERRO;1.;https://www.pamesa.com/ERP/4.0/empresas/151/045/imagenes/t00010602/0488400011018.jpg
17;120;103;10106;0171200010387;SI;REC.GLASS;120x120 CR.TORANO M DORADO;A;SI;SI;42.2500;SOL35;PAMESA;PAMESA;23/36/01;8429991634872;;8429991773199;M2;1;1.44;36;51.84;34.36;1,276.96;126.00;126.00;71.00;;;15/04/2021;PAMESA;PAMESA;GRES PORCELNICO ESMALTADO;0171200010387;;SOLID;TORANO;MARMOL;;POLIVALENTE;BASE;BASE;MATE RECTIFICADO;VARIACION MODERADA;;NO;NO;;PEI IV;;R10;B;GRUPO BIa;GL Esmaltado;;36 Low;NO;;1600-2400 N - 35-45 N/mm2;1;017.120.0103.10106;33,3x55;CATLOGO PAMESA;;;120;120;10,2;14400;120x120;CR.TORANO M;DORADO;https://www.pamesa.com/ERP/4.0/empresas/151/045/imagenes/t00010602/0171200010387.jpg
17;90;103;10106;0170900010387;SI;REC.GLASS;90x90(N) CR.TORANO M DORADO;A;SI;SI;32.2500;SOL29;PAMESA;PAMESA;19/32/02;8429991929688;;8429991773199;M2;2;1.62;32;51.84;33.00;1,081.00;97.00;97.00;86.00;;9.00;09/05/2024;PAMESA;PAMESA;GRES PORCELNICO ESMALTADO;0170900010387;;SOLID;TORANO;MARMOL;;POLIVALENTE;BASE;BASE;MATE RECTIFICADO;VARIACION MODERADA;;NO;NO;11;PEI IV;;R10;B;GRUPO BIa;GL Esmaltado;;36 Low;NO;;1600-2400 N - 35-45 N/mm2;1;017.090.0103.10106;31,6x60;CATLOGO PAMESA;;;90;90;9;8100;90x90;CR.TORANO M;DORADO;https://www.pamesa.com/ERP/4.0/empresas/151/045/imagenes/t00010602/0170900010387.jpg
17;250;103;10106;0172500034462;SI;REC.GLASS;60x120(n) CR.TORANO M DORADO;A;SI;SI;0.0000;SOL25;PAMESA;PAMESA;L/36/02 RF;8429991161422;;8429991773199;M2;2;1.44;36;51.84;28.62;1,055.32;122.00;84.00;73.50;;;17/07/2025;PAMESA;PAMESA;GRES PORCELNICO ESMALTADO;0172500034462;;SOLID;TORANO;MARMOL;;POLIVALENTE;BASE;BASE;MATE;VARIACION MODERADA;;;;;;;;;GRUPO BIa;GL Esmaltado;;;NO;;1600-2400 N - 35-45 N/mm2;1;017.250.0103.10106;60X120(n);CATLOGO PAMESA;;;60;120;9;7200;60x120;CR.TORANO M;DORADO;https://www.pamesa.com/ERP/4.0/empresas/151/045/imagenes/t00010602/0172500034462.jpg
17;840;103;10106;0178400010387;SI;REC.GLASS;60x60 CR.TORANO M DORADO;A;SI;SI;22.5000;SOL12;PAMESA;PAMESA;F/30/04 9MM;8429991634919;;8429991773199;M2;4;1.44;30;43.20;29.75;912.50;120.00;80.00;73.50;;9.00;15/04/2021;PAMESA;PAMESA;GRES PORCELNICO ESMALTADO;0178400010387;;SOLID;TORANO;MARMOL;;POLIVALENTE;BASE;BASE;MATE RECTIFICADO;VARIACION MODERADA;;NO;NO;;PEI IV;;R10;B;GRUPO BIa;GL Esmaltado;;36 Low;NO;;1600-2400 N - 35-45 N/mm2;1;017.840.0103.10106;60X120 RF;CATLOGO PAMESA;;;60;60;9;3600;60x60;CR.TORANO M;DORADO;https://www.pamesa.com/ERP/4.0/empresas/151/045/imagenes/t00010602/0178400010387.jpg
17;450;103;10106;0174500010387;SI;REC.GLASS;30x60 (C) CR.TORANO M DORADO;A;SI;SI;22.5000;SOL06;PAMESA;PAMESA;F/48/06 9MM;8429991678074;;8429991773199;M2;6;1.08;48;51.84;22.63;1,106.24;120.00;80.00;74.00;;9.00;09/11/2021;PAMESA;PAMESA;GRES PORCELNICO ESMALTADO;0174500010387;;SOLID;TORANO;MARMOL;;POLIVALENTE;BASE;BASE;MATE RECTIFICADO;VARIACION MODERADA;;NO;NO;;PEI IV;;R10;B;GRUPO BIa;GL Esmaltado;;36 Low;NO;;1600-2400 N - 35-45 N/mm2;1;017.450.0103.10106;120X120;CATLOGO PAMESA;;;30;60;9,5;1800;30x60;CR.TORANO M;DORADO;https://www.pamesa.com/ERP/4.0/empresas/151/045/imagenes/t00010602/0174500010387.jpg
25;281;103;10106;0252810010387;SI;PZ.ESP COM-GLAS;30x30 (5)Malla CR.TORANO M DORADO;A;SI;SI;70.2500;MOS5;PAMESA;PAMESA;E/42/11;8429991633677;;;M2;11;1.00;42;42.00;23.00;986.00;120.00;80.00;;;;12/04/2021;PAMESA;PAMESA;GRES PORCELNICO ESMALTADO;0252810010387;;SOLID;TORANO;MARMOL;;POLIVALENTE;;;MATE RECTIFICADO;VARIACION MODERADA;;NO;;;PEI IV;CLASE 3;R10;;GRUPO BIa;GL Esmaltado;55 Low;36 Low;NO;0.42;;1;025.281.0103.10106;30x30(7)Malla;CATLOGO PAMESA;;;30;30;0;900;30x30;CR.TORANO M;DORADO;https://www.pamesa.com/ERP/4.0/empresas/151/045/imagenes/t00010602/0252810010387.jpg
15;302;157;9165;0153021579165;SI;COM.GL;45x45 VINTAGE BLACK;A;SI;SI;19.7500;SOL02;PAMESA;PAMESA;F/52/06;8429991735494;;8429991773182;M2;6;1.22;52;63.44;26.20;1,382.40;120.00;80.00;105.00;;;26/05/2022;PAMESA;PAMESA;GRES PORCELNICO ESMALTADO;0153021579165;;SOLID;VINTAGE;DECORADOS;;POLIVALENTE;;BASE;MATE;VARIACION ALTA;;;;;PEI IV;;R10;B;GRUPO BIa;GL Esmaltado;;37 Low;NO;;1600-2400 N - 35-45 N/mm2;1;015.302.0157.09165;30X60 (C);CATLOGO PAMESA;;;45;45;9,5;2025;45x45;VINTAGE;BLACK;https://www.pamesa.com/ERP/4.0/empresas/151/045/imagenes/t00010602/0153021579165.jpg
15;302;37;9165;0153020379165;SI;COM.GL;45x45 VINTAGE PERLA;A;SI;SI;19.7500;SOL02;PAMESA;PAMESA;F/52/06;8429991735562;;8429991773182;M2;6;1.22;52;63.44;26.20;1,382.40;120.00;80.00;105.00;;;26/05/2022;PAMESA;PAMESA;GRES PORCELNICO ESMALTADO;0153020379165;;SOLID;VINTAGE;DECORADOS;;POLIVALENTE;;BASE;MATE;VARIACION ALTA;;;;;PEI IV;;R10;B;GRUPO BIa;GL Esmaltado;;37 Low;NO;;1600-2400 N - 35-45 N/mm2;1;015.302.0037.09165;60X60;CATLOGO PAMESA;;;45;45;9,5;2025;45x45;VINTAGE;PERLA;https://www.pamesa.com/ERP/4.0/empresas/151/045/imagenes/t00010602/0153020379165.jpg
17;120;17;14857;0171200027246;SI;REC.GLASS;120x120 EXT.VITA ARENA;A;SI;SI;0.0000;SOL36;PAM-ADZ.PAMESA;PAMESA;23/36/01;8429991117719;;8429991773199;M2;1;1.44;36;51.84;34.36;1,276.96;126.00;126.00;71.00;;;01/04/2025;PAMESA;PAMESA;GRES PORCELNICO;0171200027246;;SOLID;VITA;PIEDRA;;ANTIDESLIZANTE;BASE;BASE;MATE RECTIFICADO;VARIACION LEVE;NO;NO;;;;CLASE 3;R11;C;GRUPO BIa;GL Esmaltado;;36 Low;NO;0.42;1600-2400 N - 35-45 N/mm2;1;017.120.0017.14857;33,3x55;CATLOGO PAMESA;;;120;120;10,2;14400;120x120;EXT.VITA;ARENA;https://www.pamesa.com/ERP/4.0/empresas/151/045/imagenes/t00010602/0171200027246.jpg
17;120;37;14857;0171200027247;SI;REC.GLASS;120x120 EXT.VITA PERLA;A;SI;SI;0.0000;SOL36;PAM-ADZ.PAMESA;PAMESA;23/36/01;8429991117726;;8429991773199;M2;1;1.44;36;51.84;34.36;1,276.96;126.00;126.00;71.00;;;01/04/2025;PAMESA;PAMESA;GRES PORCELNICO;0171200027247;;SOLID;VITA;PIEDRA;;ANTIDESLIZANTE;BASE;BASE;MATE RECTIFICADO;VARIACION LEVE;NO;NO;;;;CLASE 3;R11;C;GRUPO BIa;GL Esmaltado;;36 Low;NO;0.42;1600-2400 N - 35-45 N/mm2;1;017.120.0037.14857;33,3x55;CATLOGO PAMESA;;;120;120;10,2;14400;120x120;EXT.VITA;PERLA;https://www.pamesa.com/ERP/4.0/empresas/151/045/imagenes/t00010602/0171200027247.jpg
17;120;17;1227;0171200027249;SI;REC.GLASS;120x120 VITA ARENA;A;SI;SI;0.0000;SOL35;PAMESA;PAMESA;23/36/01;8429991117733;;8429991773199;M2;1;1.44;36;51.84;34.36;1,276.96;126.00;126.00;71.00;;;01/04/2025;PAMESA;PAMESA;GRES PORCELNICO;0171200027249;;SOLID;VITA;PIEDRA;;POLIVALENTE;BASE;BASE;MATE RECTIFICADO;VARIACION LEVE;NO;NO;;;;CLASE 1;R9;;GRUPO BIa;GL Esmaltado;;;NO;;1600-2400 N - 35-45 N/mm2;1;017.120.0017.01227;33,3x55;CATLOGO PAMESA;;;120;120;10,2;14400;120x120;VITA;ARENA;https://www.pamesa.com/ERP/4.0/empresas/151/045/imagenes/t00010602/0171200027249.jpg
17;120;2;1227;0171200027250;SI;REC.GLASS;120x120 VITA GRIS;A;SI;SI;0.0000;SOL35;PAMESA;PAMESA;23/36/01;8429991117740;;8429991773199;M2;1;1.44;36;51.84;34.36;1,276.96;126.00;126.00;71.00;;;01/04/2025;PAMESA;PAMESA;GRES PORCELNICO;0171200027250;;SOLID;VITA;PIEDRA;;POLIVALENTE;BASE;BASE;MATE RECTIFICADO;VARIACION LEVE;NO;NO;;;;CLASE 1;R9;;GRUPO BIa;GL Esmaltado;;;NO;;1600-2400 N - 35-45 N/mm2;1;017.120.0002.01227;33,3x55;CATLOGO PAMESA;;;120;120;10,2;14400;120x120;VITA;GRIS;https://www.pamesa.com/ERP/4.0/empresas/151/045/imagenes/t00010602/0171200027250.jpg
17;120;28;1227;0171200027251;SI;REC.GLASS;120x120 VITA MARENGO;A;SI;SI;0.0000;SOL35;PAMESA;PAMESA;23/36/01;8429991117757;;8429991773199;M2;1;1.44;36;51.84;34.36;1,276.96;126.00;126.00;71.00;;;01/04/2025;PAMESA;PAMESA;GRES PORCELNICO;0171200027251;;SOLID;VITA;PIEDRA;;POLIVALENTE;BASE;BASE;MATE RECTIFICADO;VARIACION LEVE;NO;NO;;;;CLASE 1;R9;;GRUPO BIa;GL Esmaltado;;;NO;;1600-2400 N - 35-45 N/mm2;1;017.120.0028.01227;33,3x55;CATLOGO PAMESA;;;120;120;10,2;14400;120x120;VITA;MARENGO;https://www.pamesa.com/ERP/4.0/empresas/151/045/imagenes/t00010602/0171200027251.jpg
17;120;37;1227;0171200027252;SI;REC.GLASS;120x120 VITA PERLA;A;SI;SI;0.0000;SOL35;PAMESA;PAMESA;23/36/01;8429991117764;;8429991773199;M2;1;1.44;36;51.84;34.36;1,276.96;126.00;126.00;71.00;;;01/04/2025;PAMESA;PAMESA;GRES PORCELNICO;0171200027252;;SOLID;VITA;PIEDRA;;POLIVALENTE;BASE;BASE;MATE RECTIFICADO;VARIACION LEVE;NO;NO;;;;CLASE 1;R9;;GRUPO BIa;GL Esmaltado;;;NO;;1600-2400 N - 35-45 N/mm2;1;017.120.0037.01227;33,3x55;CATLOGO PAMESA;;;120;120;10,2;14400;120x120;VITA;PERLA;https://www.pamesa.com/ERP/4.0/empresas/151/045/imagenes/t00010602/0171200027252.jpg
17;769;17;1227;0177690041855;SI;REC.GLASS;100x100(N)20MM VITA ARENA;A;SI;SI;16.5000;2CM07;PAMESA.C.P;PAMESA;27/28/01 S/C;8429991193782;;;M2;1;1.00;28;28.00;42.86;1,222.08;107.00;107.00;;;20.00;11/11/2025;PAMESA;PAMESA;GRES PORCELNICO;0177690041855;;SOLID;VITA;PIEDRA;;PAVIMENTO;BASE;BASE;MATE RECTIFICADO;VARIACION LEVE;;NO;;;;CLASE 3;R11;C;GRUPO BIa;GL Esmaltado;;36 Low;NO;;>8000 N - 35-45 N/mm2;1;017.769.0017.01227;60X120 RF;CATLOGO PAMESA;;;100;100;20;10000;100x100;VITA;ARENA;https://www.pamesa.com/ERP/4.0/empresas/151/045/imagenes/t00010602/0177690041855.jpg
17;769;2;1227;0177690041839;SI;REC.GLASS;100x100(N)20MM VITA GRIS;A;SI;SI;16.5000;2CM07;PAMESA.C.P;PAMESA;27/28/01 S/C;8429991193775;;;M2;1;1.00;28;28.00;42.86;1,222.08;107.00;107.00;;;20.00;11/11/2025;PAMESA;PAMESA;GRES PORCELNICO;0177690041839;;SOLID;VITA;PIEDRA;;PAVIMENTO;BASE;BASE;MATE RECTIFICADO;VARIACION LEVE;;NO;;;;CLASE 3;R11;C;GRUPO BIa;GL Esmaltado;;36 Low;NO;;>8000 N - 35-45 N/mm2;1;017.769.0002.01227;120X120;CATLOGO PAMESA;;;100;100;20;10000;100x100;VITA;GRIS;https://www.pamesa.com/ERP/4.0/empresas/151/045/imagenes/t00010602/0177690041839.jpg
17;90;17;14857;0170900024277;SI;REC.GLASS;90x90(N) EXT.VITA ARENA;A;SI;SI;0.0000;SOL30;PAM-ADZ.PAMESA;PAMESA;19/32/02;8429991973407;;8429991773199;M2;2;1.62;32;51.84;33.00;1,081.00;97.00;97.00;86.00;;9.00;22/10/2024;PAMESA;PAMESA;GRES PORCELNICO;0170900024277;;SOLID;VITA;PIEDRA;;ANTIDESLIZANTE;BASE;BASE;MATE RECTIFICADO;VARIACION LEVE;NO;NO;;;;CLASE 3;R11;C;GRUPO BIa;GL Esmaltado;;36 Low;NO;0.42;1600-2400 N - 35-45 N/mm2;1;017.090.0017.14857;25x70;CATLOGO PAMESA;;;90;90;9;8100;90x90;EXT.VITA;ARENA;https://www.pamesa.com/ERP/4.0/empresas/151/045/imagenes/t00010602/0170900024277.jpg
17;90;37;14857;0170900024280;SI;REC.GLASS;90x90(N) EXT.VITA PERLA;A;SI;SI;0.0000;SOL30;PAM-ADZ.PAMESA;PAMESA;19/32/02;8429991973414;;8429991773199;M2;2;1.62;32;51.84;33.00;1,081.00;97.00;97.00;86.00;;9.00;22/10/2024;PAMESA;PAMESA;GRES PORCELNICO;0170900024280;;SOLID;VITA;PIEDRA;;ANTIDESLIZANTE;BASE;BASE;MATE RECTIFICADO;VARIACION LEVE;NO;NO;;;;CLASE 3;R11;C;GRUPO BIa;GL Esmaltado;;36 Low;NO;0.42;1600-2400 N - 35-45 N/mm2;1;017.090.0037.14857;31,6x60;CATLOGO PAMESA;;;90;90;9;8100;90x90;EXT.VITA;PERLA;https://www.pamesa.com/ERP/4.0/empresas/151/045/imagenes/t00010602/0170900024280.jpg
17;90;17;1227;0170900171227;SI;REC.GLASS;90x90(N) VITA ARENA;A;SI;SI;30.2500;SOL29;PAMESA;PAMESA;19/32/02;8429991885670;;8429991773199;M2;2;1.62;32;51.84;33.00;1,081.00;97.00;97.00;86.00;;9.00;14/02/2024;PAMESA;PAMESA;GRES PORCELNICO;0170900171227;;SOLID;VITA;PIEDRA;;POLIVALENTE;BASE;BASE;MATE RECTIFICADO;VARIACION LEVE;NO;NO;NO;;;CLASE 1;R9;;GRUPO BIa;GL Esmaltado;;;NO;;1600-2400 N - 35-45 N/mm2;1;017.090.0017.01227;25x70;CATLOGO PAMESA;;;90;90;9;8100;90x90;VITA;ARENA;https://www.pamesa.com/ERP/4.0/empresas/151/045/imagenes/t00010602/0170900171227.jpg
17;789;17;1227;0177890171227;SI;REC.GLASS;90x90N(20mm) VITA ARENA;A;SI;SI;0.0000;2CM03;PAMESA.C.P;PAMESA;19/30/01;8429991955113;;;M2;1;0.81;30;24.30;33.90;1,042.00;97.00;97.00;86.00;;20.00;29/07/2024;PAMESA;PAMESA;GRES PORCELNICO;0177890171227;;SOLID;VITA;PIEDRA;;PAVIMENTO;BASE;BASE;MATE RECTIFICADO;VARIACION LEVE;NO;NO;NO;;;CLASE 3;R11;C;GRUPO BIa;GL Esmaltado;;36 Low;NO;0.42;>8000 N - 35-45 N/mm2;1;017.789.0017.01227;90X90(N);CATLOGO PAMESA;;;90;90;20;8100;90x90;VITA;ARENA;https://www.pamesa.com/ERP/4.0/empresas/151/045/imagenes/t00010602/0177890171227.jpg
17;90;2;1227;0170900021227;SI;REC.GLASS;90x90(N) VITA GRIS;A;SI;SI;30.2500;SOL29;PAMESA;PAMESA;19/32/02;8429991885663;;8429991773199;M2;2;1.62;32;51.84;33.00;1,081.00;97.00;97.00;86.00;;9.00;14/02/2024;PAMESA;PAMESA;GRES PORCELNICO;0170900021227;;SOLID;VITA;PIEDRA;;POLIVALENTE;BASE;BASE;MATE RECTIFICADO;VARIACION LEVE;NO;NO;NO;;;CLASE 1;R9;;GRUPO BIa;GL Esmaltado;;;NO;;1600-2400 N - 35-45 N/mm2;1;017.090.0002.01227;60X60n(C);CATLOGO PAMESA;;;90;90;9;8100;90x90;VITA;GRIS;https://www.pamesa.com/ERP/4.0/empresas/151/045/imagenes/t00010602/0170900021227.jpg
17;789;2;1227;0177890021227;SI;REC.GLASS;90x90N(20mm) VITA GRIS;A;SI;SI;0.0000;2CM03;PAMESA.C.P;PAMESA;19/30/01;8429991955106;;;M2;1;0.81;30;24.30;33.90;1,042.00;97.00;97.00;86.00;;20.00;29/07/2024;PAMESA;PAMESA;GRES PORCELNICO;0177890021227;;SOLID;VITA;PIEDRA;;PAVIMENTO;BASE;BASE;MATE RECTIFICADO;VARIACION LEVE;NO;NO;NO;;;CLASE 3;R11;C;GRUPO BIa;GL Esmaltado;;36 Low;NO;0.42;>8000 N - 35-45 N/mm2;1;017.789.0002.01227;90X90(N);CATLOGO PAMESA;;;90;90;20;8100;90x90;VITA;GRIS;https://www.pamesa.com/ERP/4.0/empresas/151/045/imagenes/t00010602/0177890021227.jpg
17;90;28;1227;0170900281227;SI;REC.GLASS;90x90(N) VITA MARENGO;A;SI;SI;30.2500;SOL29;PAMESA;PAMESA;19/32/02;8429991885687;;8429991773199;M2;2;1.62;32;51.84;33.00;1,081.00;97.00;97.00;86.00;;9.00;14/02/2024;PAMESA;PAMESA;GRES PORCELNICO;0170900281227;;SOLID;VITA;PIEDRA;;POLIVALENTE;BASE;BASE;MATE RECTIFICADO;VARIACION LEVE;NO;NO;NO;;;CLASE 1;R9;;GRUPO BIa;GL Esmaltado;;;NO;;1600-2400 N - 35-45 N/mm2;1;017.090.0028.01227;25x70;CATLOGO PAMESA;;;90;90;9;8100;90x90;VITA;MARENGO;https://www.pamesa.com/ERP/4.0/empresas/151/045/imagenes/t00010602/0170900281227.jpg
17;90;37;1227;0170900371227;SI;REC.GLASS;90x90(N) VITA PERLA;A;SI;SI;30.2500;SOL29;PAMESA;PAMESA;19/32/02;8429991885694;;8429991773199;M2;2;1.62;32;51.84;33.00;1,081.00;97.00;97.00;86.00;;9.00;14/02/2024;PAMESA;PAMESA;GRES PORCELNICO;0170900371227;;SOLID;VITA;PIEDRA;;POLIVALENTE;BASE;BASE;MATE RECTIFICADO;VARIACION LEVE;NO;NO;NO;;;CLASE 1;R9;;GRUPO BIa;GL Esmaltado;;;NO;;1600-2400 N - 35-45 N/mm2;1;017.090.0037.01227;25x70;CATLOGO PAMESA;;;90;90;9;8100;90x90;VITA;PERLA;https://www.pamesa.com/ERP/4.0/empresas/151/045/imagenes/t00010602/0170900371227.jpg
17;789;37;1227;0177890371227;SI;REC.GLASS;90x90N(20mm) VITA PERLA;A;SI;SI;0.0000;2CM03;PAMESA.C.P;PAMESA;19/30/01;8429991955120;;;M2;1;0.81;30;24.30;33.90;1,042.00;97.00;97.00;86.00;;20.00;29/07/2024;PAMESA;PAMESA;GRES PORCELNICO;0177890371227;;SOLID;VITA;PIEDRA;;PAVIMENTO;BASE;BASE;MATE RECTIFICADO;VARIACION LEVE;NO;NO;NO;;;CLASE 3;R11;C;GRUPO BIa;GL Esmaltado;;36 Low;NO;0.42;>8000 N - 35-45 N/mm2;1;017.789.0037.01227;60X120 RF;CATLOGO PAMESA;;;90;90;20;8100;90x90;VITA;PERLA;https://www.pamesa.com/ERP/4.0/empresas/151/045/imagenes/t00010602/0177890371227.jpg
17;869;17;12129;0178690022929;SI;REC.GLASS;60x120 ADZ.VITA ARENA;A;SI;SI;32.2500;SOL26;PAM-ADZ.PAMESA;PAMESA;L/32/02;8429991919085;;8429991773199;M2;2;1.44;32;46.08;34.25;1,121.00;122.00;84.00;75.00;;10.50;12/04/2024;PAMESA;PAMESA;GRES PORCELNICO;0178690022929;;SOLID;VITA;PIEDRA;;ANTIDESLIZANTE;BASE;BASE;MATE RECTIFICADO;VARIACION LEVE;NO;NO;NO;;;CLASE 3;R11;C;GRUPO BIa;GL Esmaltado;;36 Low;NO;;1600-2400 N - 35-45 N/mm2;1;017.869.0017.12129;120X120;CATLOGO PAMESA;;;60;120;10,5;7200;60x120;ADZ.VITA;ARENA;https://www.pamesa.com/ERP/4.0/empresas/151/045/imagenes/t00010602/0178690022929.jpg
17;869;37;12129;0178690016275;SI;REC.GLASS;60x120 ADZ.VITA PERLA;A;SI;SI;32.2500;SOL26;PAM-ADZ.PAMESA;PAMESA;L/32/02;8429991919078;;8429991773199;M2;2;1.44;32;46.08;34.25;1,121.00;122.00;84.00;75.00;;10.50;12/04/2024;PAMESA;PAMESA;GRES PORCELNICO;0178690016275;;SOLID;VITA;PIEDRA;;ANTIDESLIZANTE;BASE;BASE;MATE RECTIFICADO;VARIACION LEVE;NO;NO;NO;;;CLASE 3;R11;C;GRUPO BIa;GL Esmaltado;;36 Low;NO;;1600-2400 N - 35-45 N/mm2;1;017.869.0037.12129;100X100;CATLOGO PAMESA;;;60;120;10,5;7200;60x120;ADZ.VITA;PERLA;https://www.pamesa.com/ERP/4.0/empresas/151/045/imagenes/t00010602/0178690016275.jpg
17;250;17;14857;0172500029963;SI;REC.GLASS;60x120(n) EXT.VITA ARENA;A;SI;SI;0.0000;SOL26;PAM-ADZ.PAMESA;PAMESA;L/36/02 RF;8429991144777;;8429991773199;M2;2;1.44;36;51.84;28.62;1,055.32;122.00;84.00;73.50;;;22/05/2025;PAMESA;PAMESA;GRES PORCELNICO;0172500029963;;SOLID;VITA;PIEDRA;;ANTIDESLIZANTE;BASE;BASE;MATE RECTIFICADO;VARIACION LEVE;;NO;;;;CLASE 3;R11;C;GRUPO BIa;GL Esmaltado;;36 Low;NO;;1600-2400 N - 35-45 N/mm2;1;017.250.0017.14857;30x30(7)Malla;CATLOGO PAMESA;;;60;120;9;7200;60x120;EXT.VITA;ARENA;https://www.pamesa.com/ERP/4.0/empresas/151/045/imagenes/t00010602/0172500029963.jpg
17;250;37;14857;0172500029964;SI;REC.GLASS;60x120(n) EXT.VITA PERLA;A;SI;SI;0.0000;SOL26;PAM-ADZ.PAMESA;PAMESA;L/36/02 RF;8429991144784;;8429991773199;M2;2;1.44;36;51.84;28.62;1,055.32;122.00;84.00;73.50;;;22/05/2025;PAMESA;PAMESA;GRES PORCELNICO;0172500029964;;SOLID;VITA;PIEDRA;;ANTIDESLIZANTE;BASE;BASE;MATE RECTIFICADO;VARIACION LEVE;;NO;;;;CLASE 3;R11;C;GRUPO BIa;GL Esmaltado;;36 Low;NO;;1600-2400 N - 35-45 N/mm2;1;017.250.0037.14857;30x30(7)Malla;CATLOGO PAMESA;;;60;120;9;7200;60x120;EXT.VITA;PERLA;https://www.pamesa.com/ERP/4.0/empresas/151/045/imagenes/t00010602/0172500029964.jpg
17;250;17;1227;0172500029960;SI;REC.GLASS;60x120(n) VITA ARENA;A;SI;SI;0.0000;SOL25;PAMESA;PAMESA;L/36/02 RF;8429991144746;;8429991773199;M2;2;1.44;36;51.84;28.62;1,055.32;122.00;84.00;73.50;;;22/05/2025;PAMESA;PAMESA;GRES PORCELNICO;0172500029960;;SOLID;VITA;PIEDRA;;POLIVALENTE;BASE;BASE;MATE RECTIFICADO;VARIACION LEVE;;NO;;;;CLASE 1;R9;;GRUPO BIa;GL Esmaltado;;;NO;;1600-2400 N - 35-45 N/mm2;1;017.250.0017.01227;30x30(7)Malla;CATLOGO PAMESA;;;60;120;9;7200;60x120;VITA;ARENA;https://www.pamesa.com/ERP/4.0/empresas/151/045/imagenes/t00010602/0172500029960.jpg
17;696;17;1227;0176960171227;SI;REC.GLASS;60x120(N)20MM VITA ARENA;A;SI;SI;0.0000;2CM04;PAMESA.C.P;PAMESA;30/22/01 S/C;8429991955144;;;M2;1;0.72;33;23.76;29.30;991.90;126.00;70.00;75.00;;20.00;29/07/2024;PAMESA;PAMESA;GRES PORCELNICO;0176960171227;;SOLID;VITA;PIEDRA;;PAVIMENTO;;BASE;;;NO;NO;;;;CLASE 3;R11;C;GRUPO BIa;GL Esmaltado;;36 Low;NO;0.42;>8000 N - 35-45 N/mm2;1;017.696.0017.01227;30X30 (5)MALLA;CATLOGO PAMESA;;;60;120;20;7200;60x120;VITA;ARENA;https://www.pamesa.com/ERP/4.0/empresas/151/045/imagenes/t00010602/0176960171227.jpg
17;250;2;1227;0172500029959;SI;REC.GLASS;60x120(n) VITA GRIS;A;SI;SI;0.0000;SOL25;PAMESA;PAMESA;L/36/02 RF;8429991144739;;8429991773199;M2;2;1.44;36;51.84;28.62;1,055.32;122.00;84.00;73.50;;;22/05/2025;PAMESA;PAMESA;GRES PORCELNICO;0172500029959;;SOLID;VITA;PIEDRA;;POLIVALENTE;BASE;BASE;MATE RECTIFICADO;VARIACION LEVE;;NO;;;;CLASE 1;R9;;GRUPO BIa;GL Esmaltado;;;NO;;1600-2400 N - 35-45 N/mm2;1;017.250.0002.01227;60x60;CATLOGO PAMESA;;;60;120;9;7200;60x120;VITA;GRIS;https://www.pamesa.com/ERP/4.0/empresas/151/045/imagenes/t00010602/0172500029959.jpg
17;696;2;1227;0176960021227;SI;REC.GLASS;60x120(N)20MM VITA GRIS;A;SI;SI;0.0000;2CM04;PAMESA.C.P;PAMESA;30/22/01 S/C;8429991955137;;;M2;1;0.72;33;23.76;29.30;991.90;126.00;70.00;75.00;;20.00;29/07/2024;PAMESA;PAMESA;GRES PORCELNICO;0176960021227;;SOLID;VITA;PIEDRA;;PAVIMENTO;;BASE;;;NO;NO;;;;CLASE 3;R11;C;GRUPO BIa;GL Esmaltado;;36 Low;NO;0.42;>8000 N - 35-45 N/mm2;1;017.696.0002.01227;60x60;CATLOGO PAMESA;;;60;120;20;7200;60x120;VITA;GRIS;https://www.pamesa.com/ERP/4.0/empresas/151/045/imagenes/t00010602/0176960021227.jpg
17;250;28;1227;0172500029962;SI;REC.GLASS;60x120(n) VITA MARENGO;A;SI;SI;0.0000;SOL25;PAMESA;PAMESA;L/36/02 RF;8429991144760;;8429991773199;M2;2;1.44;36;51.84;28.62;1,055.32;122.00;84.00;73.50;;;22/05/2025;PAMESA;PAMESA;GRES PORCELNICO;0172500029962;;SOLID;VITA;PIEDRA;;POLIVALENTE;BASE;BASE;MATE RECTIFICADO;VARIACION LEVE;;NO;;;;CLASE 1;R9;;GRUPO BIa;GL Esmaltado;;;NO;;1600-2400 N - 35-45 N/mm2;1;017.250.0028.01227;120X280(6MM);CATLOGO PAMESA;;;60;120;9;7200;60x120;VITA;MARENGO;https://www.pamesa.com/ERP/4.0/empresas/151/045/imagenes/t00010602/0172500029962.jpg
17;250;37;1227;0172500029961;SI;REC.GLASS;60x120(n) VITA PERLA;A;SI;SI;0.0000;SOL25;PAMESA;PAMESA;L/36/02 RF;8429991144753;;8429991773199;M2;2;1.44;36;51.84;28.62;1,055.32;122.00;84.00;73.50;;;22/05/2025;PAMESA;PAMESA;GRES PORCELNICO;0172500029961;;SOLID;VITA;PIEDRA;;POLIVALENTE;BASE;BASE;MATE RECTIFICADO;VARIACION LEVE;;NO;;;;CLASE 1;R9;;GRUPO BIa;GL Esmaltado;;;NO;;1600-2400 N - 35-45 N/mm2;1;017.250.0037.01227;60X60N(20MM);CATLOGO PAMESA;;;60;120;9;7200;60x120;VITA;PERLA;https://www.pamesa.com/ERP/4.0/empresas/151/045/imagenes/t00010602/0172500029961.jpg
17;696;37;1227;0176960371227;SI;REC.GLASS;60x120(N)20MM VITA PERLA;A;SI;SI;0.0000;2CM04;PAMESA.C.P;PAMESA;30/22/01 S/C;8429991955151;;;M2;1;0.72;33;23.76;29.30;991.90;126.00;70.00;75.00;;20.00;29/07/2024;PAMESA;PAMESA;GRES PORCELNICO;0176960371227;;SOLID;VITA;PIEDRA;;PAVIMENTO;;BASE;;;NO;NO;;;;CLASE 3;R11;C;GRUPO BIa;GL Esmaltado;;36 Low;NO;0.42;>8000 N - 35-45 N/mm2;1;017.696.0037.01227;30X30 (5)MALLA;CATLOGO PAMESA;;;60;120;20;7200;60x120;VITA;PERLA;https://www.pamesa.com/ERP/4.0/empresas/151/045/imagenes/t00010602/0176960371227.jpg
17;840;17;14857;0178400024277;SI;REC.GLASS;60x60 EXT.VITA ARENA;A;SI;SI;0.0000;SOL13;PAM-ADZ.PAMESA;PAMESA;F/30/04 9MM;8429991960872;;8429991773199;M2;4;1.44;30;43.20;29.75;912.50;120.00;80.00;73.50;;9.00;04/09/2024;PAMESA;PAMESA;GRES PORCELNICO;0178400024277;;SOLID;VITA;PIEDRA;;ANTIDESLIZANTE;BASE;BASE;MATE RECTIFICADO;VARIACION LEVE;NO;NO;;;;CLASE 3;R11;C;GRUPO BIa;GL Esmaltado;;36 Low;NO;0.42;1600-2400 N - 35-45 N/mm2;1;017.840.0017.14857;120X120;CATLOGO PAMESA;;;60;60;9;3600;60x60;EXT.VITA;ARENA;https://www.pamesa.com/ERP/4.0/empresas/151/045/imagenes/t00010602/0178400024277.jpg
17;840;37;14857;0178400024280;SI;REC.GLASS;60x60 EXT.VITA PERLA;A;SI;SI;0.0000;SOL13;PAM-ADZ.PAMESA;PAMESA;F/30/04 9MM;8429991960889;;8429991773199;M2;4;1.44;30;43.20;29.75;912.50;120.00;80.00;73.50;;9.00;04/09/2024;PAMESA;PAMESA;GRES PORCELNICO;0178400024280;;SOLID;VITA;PIEDRA;;ANTIDESLIZANTE;BASE;BASE;MATE RECTIFICADO;VARIACION LEVE;NO;NO;;;;CLASE 3;R11;C;GRUPO BIa;GL Esmaltado;;36 Low;NO;0.42;1600-2400 N - 35-45 N/mm2;1;017.840.0037.14857;90X90(N);CATLOGO PAMESA;;;60;60;9;3600;60x60;EXT.VITA;PERLA;https://www.pamesa.com/ERP/4.0/empresas/151/045/imagenes/t00010602/0178400024280.jpg
17;785;17;1227;0177850171227;SI;REC.GLASS;60x60N(20mm) VITA ARENA;A;SI;SI;0.0000;2CM01;PAMESA;PAMESA;F/30/02;8429991955083;;8429991773199;M2;2;0.72;30;21.60;28.50;875.00;120.00;80.00;73.50;;20.00;29/07/2024;PAMESA;PAMESA;GRES PORCELNICO;0177850171227;;SOLID;VITA;PIEDRA;;PAVIMENTO;BASE;BASE;MATE RECTIFICADO;VARIACION LEVE;NO;NO;NO;;;CLASE 3;R11;C;GRUPO BIa;GL Esmaltado;;36 Low;NO;0.42;>8000 N - 35-45 N/mm2;1;017.785.0017.01227;30x60 (C);CATLOGO PAMESA;;;60;60;20;3600;60x60;VITA;ARENA;https://www.pamesa.com/ERP/4.0/empresas/151/045/imagenes/t00010602/0177850171227.jpg
17;840;17;1227;0178400171227;SI;REC.GLASS;60x60 VITA ARENA;A;SI;SI;21.2500;SOL12;PAMESA;PAMESA;F/30/04 9MM;8429991627966;;8429991773199;M2;4;1.44;30;43.20;29.75;912.50;120.00;80.00;73.50;;9.00;17/03/2021;PAMESA;PAMESA;GRES PORCELNICO;0178400171227;;SOLID;VITA;PIEDRA;;POLIVALENTE;BASE;BASE;MATE RECTIFICADO;VARIACION LEVE;NO;NO;;;;CLASE 1;R9;;GRUPO BIa;GL Esmaltado;;;NO;;1600-2400 N - 35-45 N/mm2;1;017.840.0017.01227;120X120;CATLOGO PAMESA;;;60;60;9;3600;60x60;VITA;ARENA;https://www.pamesa.com/ERP/4.0/empresas/151/045/imagenes/t00010602/0178400171227.jpg
17;785;2;1227;0177850021227;SI;REC.GLASS;60x60N(20mm) VITA GRIS;A;SI;SI;0.0000;2CM01;PAMESA;PAMESA;F/30/02;8429991955076;;8429991773199;M2;2;0.72;30;21.60;28.50;875.00;120.00;80.00;73.50;;20.00;29/07/2024;PAMESA;PAMESA;GRES PORCELNICO;0177850021227;;SOLID;VITA;PIEDRA;;PAVIMENTO;BASE;BASE;MATE RECTIFICADO;VARIACION LEVE;NO;NO;NO;;;CLASE 3;R11;C;GRUPO BIa;GL Esmaltado;;36 Low;NO;0.42;>8000 N - 35-45 N/mm2;1;017.785.0002.01227;60x60;CATLOGO PAMESA;;;60;60;20;3600;60x60;VITA;GRIS;https://www.pamesa.com/ERP/4.0/empresas/151/045/imagenes/t00010602/0177850021227.jpg
17;840;2;1227;0178400021227;SI;REC.GLASS;60x60 VITA GRIS;A;SI;SI;21.2500;SOL12;PAMESA;PAMESA;F/30/04 9MM;8429991627942;;8429991773199;M2;4;1.44;30;43.20;29.75;912.50;120.00;80.00;73.50;;9.00;17/03/2021;PAMESA;PAMESA;GRES PORCELNICO;0178400021227;;SOLID;VITA;PIEDRA;;POLIVALENTE;BASE;BASE;MATE RECTIFICADO;VARIACION LEVE;NO;NO;;;;CLASE 1;R9;;GRUPO BIa;GL Esmaltado;;;NO;;1600-2400 N - 35-45 N/mm2;1;017.840.0002.01227;30x30(7)Malla;CATLOGO PAMESA;;;60;60;9;3600;60x60;VITA;GRIS;https://www.pamesa.com/ERP/4.0/empresas/151/045/imagenes/t00010602/0178400021227.jpg
17;840;28;1227;0178400281227;SI;REC.GLASS;60x60 VITA MARENGO;A;SI;SI;21.2500;SOL12;PAMESA;PAMESA;F/30/04 9MM;8429991657710;;8429991773199;M2;4;1.44;30;43.20;29.75;912.50;120.00;80.00;73.50;;9.00;06/08/2021;PAMESA;PAMESA;GRES PORCELNICO;0178400281227;;SOLID;VITA;PIEDRA;;POLIVALENTE;BASE;BASE;MATE RECTIFICADO;VARIACION LEVE;NO;NO;;;;CLASE 1;R9;;GRUPO BIa;GL Esmaltado;;;NO;;1600-2400 N - 35-45 N/mm2;1;017.840.0028.01227;90X90(N);CATLOGO PAMESA;;;60;60;9;3600;60x60;VITA;MARENGO;https://www.pamesa.com/ERP/4.0/empresas/151/045/imagenes/t00010602/0178400281227.jpg
17;785;37;1227;0177850371227;SI;REC.GLASS;60x60N(20mm) VITA PERLA;A;SI;SI;0.0000;2CM01;PAMESA;PAMESA;F/30/02;8429991955090;;8429991773199;M2;2;0.72;30;21.60;28.50;875.00;120.00;80.00;73.50;;20.00;29/07/2024;PAMESA;PAMESA;GRES PORCELNICO;0177850371227;;SOLID;VITA;PIEDRA;;PAVIMENTO;BASE;BASE;MATE RECTIFICADO;VARIACION LEVE;NO;NO;NO;;;CLASE 3;R11;C;GRUPO BIa;GL Esmaltado;;36 Low;NO;0.42;>8000 N - 35-45 N/mm2;1;017.785.0037.01227;30x30(7)Malla;CATLOGO PAMESA;;;60;60;20;3600;60x60;VITA;PERLA;https://www.pamesa.com/ERP/4.0/empresas/151/045/imagenes/t00010602/0177850371227.jpg
17;840;37;1227;0178400371227;SI;REC.GLASS;60x60 VITA PERLA;A;SI;SI;21.2500;SOL12;PAMESA;PAMESA;F/30/04 9MM;8429991627959;;8429991773199;M2;4;1.44;30;43.20;29.75;912.50;120.00;80.00;73.50;;9.00;17/03/2021;PAMESA;PAMESA;GRES PORCELNICO;0178400371227;;SOLID;VITA;PIEDRA;;POLIVALENTE;BASE;BASE;MATE RECTIFICADO;VARIACION LEVE;NO;NO;;;;CLASE 1;R9;;GRUPO BIa;GL Esmaltado;;;NO;;1600-2400 N - 35-45 N/mm2;1;017.840.0037.01227;60x60;CATLOGO PAMESA;;;60;60;9;3600;60x60;VITA;PERLA;https://www.pamesa.com/ERP/4.0/empresas/151/045/imagenes/t00010602/0178400371227.jpg
17;450;17;1227;0174500171227;SI;REC.GLASS;30x60 (C) VITA ARENA;A;SI;SI;21.2500;SOL06;PAMESA;PAMESA;F/48/06 9MM;8429991627935;;8429991773199;M2;6;1.08;48;51.84;22.63;1,106.24;120.00;80.00;74.00;;9.00;17/03/2021;PAMESA;PAMESA;GRES PORCELNICO;0174500171227;;SOLID;VITA;PIEDRA;;POLIVALENTE;BASE;BASE;MATE RECTIFICADO;VARIACION LEVE;NO;NO;;;;CLASE 1;R9;;GRUPO BIa;GL Esmaltado;;;NO;;1600-2400 N - 35-45 N/mm2;1;017.450.0017.01227;120X120;CATLOGO PAMESA;;;30;60;9,5;1800;30x60;VITA;ARENA;https://www.pamesa.com/ERP/4.0/empresas/151/045/imagenes/t00010602/0174500171227.jpg
17;450;2;1227;0174500021227;SI;REC.GLASS;30x60 (C) VITA GRIS;A;SI;SI;21.2500;SOL06;PAMESA;PAMESA;F/48/06 9MM;8429991627911;;8429991773199;M2;6;1.08;48;51.84;22.63;1,106.24;120.00;80.00;74.00;;9.00;17/03/2021;PAMESA;PAMESA;GRES PORCELNICO;0174500021227;;SOLID;VITA;PIEDRA;;POLIVALENTE;BASE;BASE;MATE RECTIFICADO;VARIACION LEVE;NO;NO;;;;CLASE 1;R9;;GRUPO BIa;GL Esmaltado;;;NO;;1600-2400 N - 35-45 N/mm2;1;017.450.0002.01227;120X120;CATLOGO PAMESA;;;30;60;9,5;1800;30x60;VITA;GRIS;https://www.pamesa.com/ERP/4.0/empresas/151/045/imagenes/t00010602/0174500021227.jpg
17;450;28;1227;0174500281227;SI;REC.GLASS;30x60 (C) VITA MARENGO;A;SI;SI;21.2500;SOL06;PAMESA;PAMESA;F/48/06 9MM;8429991658960;;8429991773199;M2;6;1.08;48;51.84;22.63;1,106.24;120.00;80.00;74.00;;9.00;06/08/2021;PAMESA;PAMESA;GRES PORCELNICO;0174500281227;;SOLID;VITA;PIEDRA;;POLIVALENTE;BASE;BASE;MATE RECTIFICADO;VARIACION LEVE;NO;NO;;;;CLASE 1;R9;;GRUPO BIa;GL Esmaltado;;;NO;;1600-2400 N - 35-45 N/mm2;1;017.450.0028.01227;120X120;CATLOGO PAMESA;;;30;60;9,5;1800;30x60;VITA;MARENGO;https://www.pamesa.com/ERP/4.0/empresas/151/045/imagenes/t00010602/0174500281227.jpg
17;450;37;1227;0174500371227;SI;REC.GLASS;30x60 (C) VITA PERLA;A;SI;SI;21.2500;SOL06;PAMESA;PAMESA;F/48/06 9MM;8429991627928;;8429991773199;M2;6;1.08;48;51.84;22.63;1,106.24;120.00;80.00;74.00;;9.00;17/03/2021;PAMESA;PAMESA;GRES PORCELNICO;0174500371227;;SOLID;VITA;PIEDRA;;POLIVALENTE;BASE;BASE;MATE RECTIFICADO;VARIACION LEVE;NO;NO;;;;CLASE 1;R9;;GRUPO BIa;GL Esmaltado;;;NO;;1600-2400 N - 35-45 N/mm2;1;017.450.0037.01227;120X120;CATLOGO PAMESA;;;30;60;9,5;1800;30x60;VITA;PERLA;https://www.pamesa.com/ERP/4.0/empresas/151/045/imagenes/t00010602/0174500371227.jpg
25;590;17;1227;0255900171227;SI;PZ.ESP COM-GLAS;30x30(7)Malla VITA ARENA;A;SI;SI;57.7500;MOS7;PAMESA;PAMESA;E/42/11;8429991643836;;;M2;11;1.00;42;42.00;23.10;990.20;120.00;80.00;;;;01/06/2021;PAMESA;PAMESA;GRES PORCELNICO;0255900171227;;SOLID;VITA;PIEDRA;;POLIVALENTE;MALLA;MOSAICO;MATE RECTIFICADO;VARIACION LEVE;NO;NO;;;;CLASE 1;R9;;GRUPO BIa;GL Esmaltado;;;NO;;1600-2400 N - 35-45 N/mm2;1;025.590.0017.01227;90X90N(20MM);CATLOGO PAMESA;;;30;30;0;900;30x30;VITA;ARENA;https://www.pamesa.com/ERP/4.0/empresas/151/045/imagenes/t00010602/0255900171227.jpg
25;590;2;1227;0255900021227;SI;PZ.ESP COM-GLAS;30x30(7)Malla VITA GRIS;A;SI;SI;57.7500;MOS7;PAMESA;PAMESA;E/42/11;8429991643829;;;M2;11;1.00;42;42.00;23.10;990.20;120.00;80.00;;;;01/06/2021;PAMESA;PAMESA;GRES PORCELNICO;0255900021227;;SOLID;VITA;PIEDRA;;POLIVALENTE;MALLA;MOSAICO;MATE RECTIFICADO;VARIACION LEVE;NO;NO;;;;CLASE 1;R9;;GRUPO BIa;GL Esmaltado;;;NO;;1600-2400 N - 35-45 N/mm2;1;025.590.0002.01227;30x30 (5)Malla;CATLOGO PAMESA;;;30;30;0;900;30x30;VITA;GRIS;https://www.pamesa.com/ERP/4.0/empresas/151/045/imagenes/t00010602/0255900021227.jpg
25;590;28;1227;0255900281227;SI;PZ.ESP COM-GLAS;30x30(7)Malla VITA MARENGO;A;SI;SI;57.7500;MOS7;PAMESA;PAMESA;E/42/11;8429991711115;;;M2;11;1.00;42;42.00;23.10;990.20;120.00;80.00;;;;11/02/2022;PAMESA;PAMESA;GRES PORCELNICO;0255900281227;;SOLID;VITA;PIEDRA;;POLIVALENTE;MALLA;MOSAICO;MATE RECTIFICADO;VARIACION LEVE;NO;NO;;;;CLASE 1;R9;;GRUPO BIa;GL Esmaltado;;;NO;;1600-2400 N - 35-45 N/mm2;1;025.590.0028.01227;90X90(N);CATLOGO PAMESA;;;30;30;0;900;30x30;VITA;MARENGO;https://www.pamesa.com/ERP/4.0/empresas/151/045/imagenes/t00010602/0255900281227.jpg
25;590;37;1227;0255900371227;SI;PZ.ESP COM-GLAS;30x30(7)Malla VITA PERLA;A;SI;SI;57.7500;MOS7;PAMESA;PAMESA;E/42/11;8429991643843;;;M2;11;1.00;42;42.00;23.10;990.20;120.00;80.00;;;;01/06/2021;PAMESA;PAMESA;GRES PORCELNICO;0255900371227;;SOLID;VITA;PIEDRA;;POLIVALENTE;MALLA;MOSAICO;MATE RECTIFICADO;VARIACION LEVE;NO;NO;;;;CLASE 1;R9;;GRUPO BIa;GL Esmaltado;;;NO;;1600-2400 N - 35-45 N/mm2;1;025.590.0037.01227;60x60;CATLOGO PAMESA;;;30;30;0;900;30x30;VITA;PERLA;https://www.pamesa.com/ERP/4.0/empresas/151/045/imagenes/t00010602/0255900371227.jpg
17;120;344;9871;0171203449871;SI;REC.GLASS;120x120 CR.WELLS M ASH;A;SI;SI;42.2500;SOL35;PAMESA;PAMESA;23/36/01;8429991606947;;8429991773199;M2;1;1.44;36;51.84;34.36;1,276.96;126.00;126.00;71.00;;;08/01/2021;PAMESA;PAMESA;GRES PORCELNICO;0171203449871;;SOLID;WELLS;MARMOL;;POLIVALENTE;;BASE;MATE RECTIFICADO;VARIACION MODERADA;;NO;;;;CLASE 1;R9;;GRUPO BIa;GL Esmaltado;;;NO;0.42;1600-2400 N - 35-45 N/mm2;1;017.120.0344.09871;25x70;CATLOGO PAMESA;;;120;120;10,2;14400;120x120;CR.WELLS M;ASH;https://www.pamesa.com/ERP/4.0/empresas/151/045/imagenes/t00010602/0171203449871.jpg
17;120;163;9871;0171201639871;SI;REC.GLASS;120x120 CR.WELLS M CREAM;A;SI;SI;42.2500;SOL35;PAMESA;PAMESA;23/36/01;8429991606923;;8429991773199;M2;1;1.44;36;51.84;34.36;1,276.96;126.00;126.00;71.00;;;08/01/2021;PAMESA;PAMESA;GRES PORCELNICO;0171201639871;;SOLID;WELLS;MARMOL;;POLIVALENTE;;BASE;MATE RECTIFICADO;VARIACION MODERADA;;NO;;;;CLASE 1;R9;;GRUPO BIa;GL Esmaltado;;;NO;0.42;1600-2400 N - 35-45 N/mm2;1;017.120.0163.09871;33,3x55;CATLOGO PAMESA;;;120;120;10,2;14400;120x120;CR.WELLS M;CREAM;https://www.pamesa.com/ERP/4.0/empresas/151/045/imagenes/t00010602/0171201639871.jpg
17;120;164;9871;0171201649871;SI;REC.GLASS;120x120 CR.WELLS M IVORY;A;SI;SI;42.2500;SOL35;PAMESA;PAMESA;23/36/01;8429991606916;;8429991773199;M2;1;1.44;36;51.84;34.36;1,276.96;126.00;126.00;71.00;;;08/01/2021;PAMESA;PAMESA;GRES PORCELNICO;0171201649871;;SOLID;WELLS;MARMOL;;POLIVALENTE;;BASE;MATE RECTIFICADO;VARIACION MODERADA;;NO;;;;CLASE 1;R9;;GRUPO BIa;GL Esmaltado;;;NO;0.42;1600-2400 N - 35-45 N/mm2;1;017.120.0164.09871;45X45;CATLOGO PAMESA;;;120;120;10,2;14400;120x120;CR.WELLS M;IVORY;https://www.pamesa.com/ERP/4.0/empresas/151/045/imagenes/t00010602/0171201649871.jpg
17;120;240;9871;0171202409871;SI;REC.GLASS;120x120 CR.WELLS M MOKA;A;SI;SI;42.2500;SOL35;PAMESA;PAMESA;23/36/01;8429991606954;;8429991773199;M2;1;1.44;36;51.84;34.36;1,276.96;126.00;126.00;71.00;;;08/01/2021;PAMESA;PAMESA;GRES PORCELNICO;0171202409871;;SOLID;WELLS;MARMOL;;POLIVALENTE;;BASE;MATE RECTIFICADO;VARIACION MODERADA;;NO;;;;CLASE 1;R9;;GRUPO BIa;GL Esmaltado;;;NO;0.42;1600-2400 N - 35-45 N/mm2;1;017.120.0240.09871;33,3x55;CATLOGO PAMESA;;;120;120;10,2;14400;120x120;CR.WELLS M;MOKA;https://www.pamesa.com/ERP/4.0/empresas/151/045/imagenes/t00010602/0171202409871.jpg
17;120;169;9871;0171201699871;SI;REC.GLASS;120x120 CR.WELLS M PEARL;A;SI;SI;42.2500;SOL35;PAMESA;PAMESA;23/36/01;8429991606930;;8429991773199;M2;1;1.44;36;51.84;34.36;1,276.96;126.00;126.00;71.00;;;08/01/2021;PAMESA;PAMESA;GRES PORCELNICO;0171201699871;;SOLID;WELLS;MARMOL;;POLIVALENTE;;BASE;MATE RECTIFICADO;VARIACION MODERADA;;NO;;;;CLASE 1;R9;;GRUPO BIa;GL Esmaltado;;;NO;0.42;1600-2400 N - 35-45 N/mm2;1;017.120.0169.09871;45X45;CATLOGO PAMESA;;;120;120;10,2;14400;120x120;CR.WELLS M;PEARL;https://www.pamesa.com/ERP/4.0/empresas/151/045/imagenes/t00010602/0171201699871.jpg
17;120;119;9871;0171201199871;SI;REC.GLASS;120x120 CR.WELLS M SAND;A;SI;SI;42.2500;SOL35;PAMESA;PAMESA;23/36/01;8429991606909;;8429991773199;M2;1;1.44;36;51.84;34.36;1,276.96;126.00;126.00;71.00;;;08/01/2021;PAMESA;PAMESA;GRES PORCELNICO;0171201199871;;SOLID;WELLS;MARMOL;;POLIVALENTE;;BASE;MATE RECTIFICADO;VARIACION MODERADA;;NO;;;;CLASE 1;R9;;GRUPO BIa;GL Esmaltado;;;NO;0.42;1600-2400 N - 35-45 N/mm2;1;017.120.0119.09871;33,3x55;CATLOGO PAMESA;;;120;120;10,2;14400;120x120;CR.WELLS M;SAND;https://www.pamesa.com/ERP/4.0/empresas/151/045/imagenes/t00010602/0171201199871.jpg
17;90;344;9871;0170903449871;SI;REC.GLASS;90x90(N) CR.WELLS M ASH;A;SI;SI;29.0000;SOL29;PAMESA;PAMESA;19/32/02;8429991890346;;8429991773199;M2;2;1.62;32;51.84;33.00;1,081.00;97.00;97.00;86.00;;9.00;27/02/2024;PAMESA;PAMESA;GRES PORCELNICO;0170903449871;;SOLID;WELLS;MARMOL;;POLIVALENTE;BASE;BASE;MATE RECTIFICADO;VARIACION MODERADA;;NO;NO;;;CLASE 1;R9;;GRUPO BIa;GL Esmaltado;;;NO;0.42;1600-2400 N - 35-45 N/mm2;1;017.090.0344.09871;25x70;CATLOGO PAMESA;;;90;90;9;8100;90x90;CR.WELLS M;ASH;https://www.pamesa.com/ERP/4.0/empresas/151/045/imagenes/t00010602/0170903449871.jpg
17;90;163;9871;0170901639871;SI;REC.GLASS;90x90(N) CR.WELLS M CREAM;A;SI;SI;29.0000;SOL29;PAMESA;PAMESA;19/32/02;8429991890308;;8429991773199;M2;2;1.62;32;51.84;33.00;1,081.00;97.00;97.00;86.00;;9.00;27/02/2024;PAMESA;PAMESA;GRES PORCELNICO;0170901639871;;SOLID;WELLS;MARMOL;;POLIVALENTE;BASE;BASE;MATE RECTIFICADO;VARIACION MODERADA;;NO;NO;;;CLASE 1;R9;;GRUPO BIa;GL Esmaltado;;;NO;0.42;1600-2400 N - 35-45 N/mm2;1;017.090.0163.09871;33,3x55;CATLOGO PAMESA;;;90;90;9;8100;90x90;CR.WELLS M;CREAM;https://www.pamesa.com/ERP/4.0/empresas/151/045/imagenes/t00010602/0170901639871.jpg
17;90;164;9871;0170901649871;SI;REC.GLASS;90x90(N) CR.WELLS M IVORY;A;SI;SI;29.0000;SOL29;PAMESA;PAMESA;19/32/02;8429991890315;;8429991773199;M2;2;1.62;32;51.84;33.00;1,081.00;97.00;97.00;86.00;;9.00;27/02/2024;PAMESA;PAMESA;GRES PORCELNICO;0170901649871;;SOLID;WELLS;MARMOL;;POLIVALENTE;BASE;BASE;MATE RECTIFICADO;VARIACION MODERADA;;NO;NO;;;CLASE 1;R9;;GRUPO BIa;GL Esmaltado;;;NO;0.42;1600-2400 N - 35-45 N/mm2;1;017.090.0164.09871;33,3x55;CATLOGO PAMESA;;;90;90;9;8100;90x90;CR.WELLS M;IVORY;https://www.pamesa.com/ERP/4.0/empresas/151/045/imagenes/t00010602/0170901649871.jpg
17;90;240;9871;0170902409871;SI;REC.GLASS;90x90(N) CR.WELLS M MOKA;A;SI;SI;29.0000;SOL29;PAMESA;PAMESA;19/32/02;8429991890339;;8429991773199;M2;2;1.62;32;51.84;33.00;1,081.00;97.00;97.00;86.00;;9.00;27/02/2024;PAMESA;PAMESA;GRES PORCELNICO;0170902409871;;SOLID;WELLS;MARMOL;;POLIVALENTE;BASE;BASE;MATE RECTIFICADO;VARIACION MODERADA;;NO;NO;;;CLASE 1;R9;;GRUPO BIa;GL Esmaltado;;;NO;0.42;1600-2400 N - 35-45 N/mm2;1;017.090.0240.09871;45X45;CATLOGO PAMESA;;;90;90;9;8100;90x90;CR.WELLS M;MOKA;https://www.pamesa.com/ERP/4.0/empresas/151/045/imagenes/t00010602/0170902409871.jpg
17;90;169;9871;0170901699871;SI;REC.GLASS;90x90(N) CR.WELLS M PEARL;A;SI;SI;29.0000;SOL29;PAMESA;PAMESA;19/32/02;8429991890322;;8429991773199;M2;2;1.62;32;51.84;33.00;1,081.00;97.00;97.00;86.00;;9.00;27/02/2024;PAMESA;PAMESA;GRES PORCELNICO;0170901699871;;SOLID;WELLS;MARMOL;;POLIVALENTE;BASE;BASE;MATE RECTIFICADO;VARIACION MODERADA;;NO;NO;;;CLASE 1;R9;;GRUPO BIa;GL Esmaltado;;;NO;0.42;1600-2400 N - 35-45 N/mm2;1;017.090.0169.09871;33,3x55;CATLOGO PAMESA;;;90;90;9;8100;90x90;CR.WELLS M;PEARL;https://www.pamesa.com/ERP/4.0/empresas/151/045/imagenes/t00010602/0170901699871.jpg
17;90;119;9871;0170901199871;SI;REC.GLASS;90x90(N) CR.WELLS M SAND;A;SI;SI;29.0000;SOL29;PAMESA;PAMESA;19/32/02;8429991890292;;8429991773199;M2;2;1.62;32;51.84;33.00;1,081.00;97.00;97.00;86.00;;9.00;27/02/2024;PAMESA;PAMESA;GRES PORCELNICO;0170901199871;;SOLID;WELLS;MARMOL;;POLIVALENTE;BASE;BASE;MATE RECTIFICADO;VARIACION MODERADA;;NO;NO;;;CLASE 1;R9;;GRUPO BIa;GL Esmaltado;;;NO;0.42;1600-2400 N - 35-45 N/mm2;1;017.090.0119.09871;31,6x60;CATLOGO PAMESA;;;90;90;9;8100;90x90;CR.WELLS M;SAND;https://www.pamesa.com/ERP/4.0/empresas/151/045/imagenes/t00010602/0170901199871.jpg
17;250;344;9871;0172500029475;SI;REC.GLASS;60x120(n) CR.WELLS M ASH;A;SI;SI;0.0000;SOL25;PAMESA;PAMESA;L/36/02 RF;8429991142445;;8429991773199;M2;2;1.44;36;51.84;28.62;1,055.32;122.00;84.00;73.50;;;13/05/2025;PAMESA;PAMESA;GRES PORCELNICO ESMALTADO;0172500029475;;SOLID;WELLS;MARMOL;;POLIVALENTE;BASE;BASE;MATE RECTIFICADO;VARIACION MODERADA;;NO;;;;CLASE 1;R9;;GRUPO BIa;GL Esmaltado;;;NO;;1600-2400 N - 35-45 N/mm2;1;017.250.0344.09871;60,8x60,8;CATLOGO PAMESA;;;60;120;9;7200;60x120;CR.WELLS M;ASH;https://www.pamesa.com/ERP/4.0/empresas/151/045/imagenes/t00010602/0172500029475.jpg
17;869;344;9871;0178693449871;SI;REC.GLASS;60x120 CR.WELLS M ASH;A;SI;SI;32.2500;SOL25;PAMESA;PAMESA;L/32/02;8429991604387;;8429991773199;M2;2;1.44;32;46.08;34.25;1,121.00;122.00;84.00;75.00;;10.50;16/12/2020;PAMESA;PAMESA;GRES PORCELNICO ESMALTADO;0178693449871;;SOLID;WELLS;MARMOL;;POLIVALENTE;BASE;BASE;MATE RECTIFICADO;VARIACION MODERADA;;NO;;;;CLASE 1;R9;;GRUPO BIa;GL Esmaltado;;;NO;0.42;1600-2400 N - 35-45 N/mm2;1;017.869.0344.09871;60X120 RF;CATLOGO PAMESA;;;60;120;10,5;7200;60x120;CR.WELLS M;ASH;https://www.pamesa.com/ERP/4.0/empresas/151/045/imagenes/t00010602/0178693449871.jpg
17;250;163;9871;0172500029471;SI;REC.GLASS;60x120(n) CR.WELLS M CREAM;A;SI;SI;0.0000;SOL25;PAMESA;PAMESA;L/36/02 RF;8429991142407;;8429991773199;M2;2;1.44;36;51.84;28.62;1,055.32;122.00;84.00;73.50;;;13/05/2025;PAMESA;PAMESA;GRES PORCELNICO ESMALTADO;0172500029471;;SOLID;WELLS;MARMOL;;POLIVALENTE;BASE;BASE;MATE RECTIFICADO;VARIACION MODERADA;;NO;;;;CLASE 1;R9;;GRUPO BIa;GL Esmaltado;;;NO;;1600-2400 N - 35-45 N/mm2;1;017.250.0163.09871;60x60;CATLOGO PAMESA;;;60;120;9;7200;60x120;CR.WELLS M;CREAM;https://www.pamesa.com/ERP/4.0/empresas/151/045/imagenes/t00010602/0172500029471.jpg
17;869;163;9871;0178691639871;SI;REC.GLASS;60x120 CR.WELLS M CREAM;A;SI;SI;32.2500;SOL25;PAMESA;PAMESA;L/32/02;8429991604370;;8429991773199;M2;2;1.44;32;46.08;34.25;1,121.00;122.00;84.00;75.00;;10.50;16/12/2020;PAMESA;PAMESA;GRES PORCELNICO ESMALTADO;0178691639871;;SOLID;WELLS;MARMOL;;POLIVALENTE;BASE;BASE;MATE RECTIFICADO;VARIACION MODERADA;;NO;;;;CLASE 1;R9;;GRUPO BIa;GL Esmaltado;;;NO;0.42;1600-2400 N - 35-45 N/mm2;1;017.869.0163.09871;30x30(7)Malla;CATLOGO PAMESA;;;60;120;10,5;7200;60x120;CR.WELLS M;CREAM;https://www.pamesa.com/ERP/4.0/empresas/151/045/imagenes/t00010602/0178691639871.jpg
17;250;164;9871;0172500029472;SI;REC.GLASS;60x120(n) CR.WELLS M IVORY;A;SI;SI;0.0000;SOL25;PAMESA;PAMESA;L/36/02 RF;8429991142414;;8429991773199;M2;2;1.44;36;51.84;28.62;1,055.32;122.00;84.00;73.50;;;13/05/2025;PAMESA;PAMESA;GRES PORCELNICO ESMALTADO;0172500029472;;SOLID;WELLS;MARMOL;;POLIVALENTE;BASE;BASE;MATE RECTIFICADO;VARIACION MODERADA;;NO;;;;CLASE 1;R9;;GRUPO BIa;GL Esmaltado;;;NO;;1600-2400 N - 35-45 N/mm2;1;017.250.0164.09871;60x60;CATLOGO PAMESA;;;60;120;9;7200;60x120;CR.WELLS M;IVORY;https://www.pamesa.com/ERP/4.0/empresas/151/045/imagenes/t00010602/0172500029472.jpg
17;869;164;9871;0178691649871;SI;REC.GLASS;60x120 CR.WELLS M IVORY;A;SI;SI;32.2500;SOL25;PAMESA;PAMESA;L/32/02;8429991604363;;8429991773199;M2;2;1.44;32;46.08;34.25;1,121.00;122.00;84.00;75.00;;10.50;16/12/2020;PAMESA;PAMESA;GRES PORCELNICO ESMALTADO;0178691649871;;SOLID;WELLS;MARMOL;;POLIVALENTE;BASE;BASE;MATE RECTIFICADO;VARIACION MODERADA;;NO;;;;CLASE 1;R9;;GRUPO BIa;GL Esmaltado;;;NO;0.42;1600-2400 N - 35-45 N/mm2;1;017.869.0164.09871;60X120 RF;CATLOGO PAMESA;;;60;120;10,5;7200;60x120;CR.WELLS M;IVORY;https://www.pamesa.com/ERP/4.0/empresas/151/045/imagenes/t00010602/0178691649871.jpg
17;250;240;9871;0172500029474;SI;REC.GLASS;60x120(n) CR.WELLS M MOKA;A;SI;SI;0.0000;SOL25;PAMESA;PAMESA;L/36/02 RF;8429991142438;;8429991773199;M2;2;1.44;36;51.84;28.62;1,055.32;122.00;84.00;73.50;;;13/05/2025;PAMESA;PAMESA;GRES PORCELNICO ESMALTADO;0172500029474;;SOLID;WELLS;MARMOL;;POLIVALENTE;BASE;BASE;MATE RECTIFICADO;VARIACION MODERADA;;NO;;;;CLASE 1;R9;;GRUPO BIa;GL Esmaltado;;;NO;;1600-2400 N - 35-45 N/mm2;1;017.250.0240.09871;60x60;CATLOGO PAMESA;;;60;120;9;7200;60x120;CR.WELLS M;MOKA;https://www.pamesa.com/ERP/4.0/empresas/151/045/imagenes/t00010602/0172500029474.jpg
17;869;240;9871;0178692409871;SI;REC.GLASS;60x120 CR.WELLS M MOKA;A;SI;SI;32.2500;SOL25;PAMESA;PAMESA;L/32/02;8429991604394;;8429991773199;M2;2;1.44;32;46.08;34.25;1,121.00;122.00;84.00;75.00;;10.50;16/12/2020;PAMESA;PAMESA;GRES PORCELNICO ESMALTADO;0178692409871;;SOLID;WELLS;MARMOL;;POLIVALENTE;BASE;BASE;MATE RECTIFICADO;VARIACION MODERADA;;NO;;;;CLASE 1;R9;;GRUPO BIa;GL Esmaltado;;;NO;0.42;1600-2400 N - 35-45 N/mm2;1;017.869.0240.09871;30X30 (5)MALLA;CATLOGO PAMESA;;;60;120;10,5;7200;60x120;CR.WELLS M;MOKA;https://www.pamesa.com/ERP/4.0/empresas/151/045/imagenes/t00010602/0178692409871.jpg
17;250;169;9871;0172500029473;SI;REC.GLASS;60x120(n) CR.WELLS M PEARL;A;SI;SI;0.0000;SOL25;PAMESA;PAMESA;L/36/02 RF;8429991142421;;8429991773199;M2;2;1.44;36;51.84;28.62;1,055.32;122.00;84.00;73.50;;;13/05/2025;PAMESA;PAMESA;GRES PORCELNICO ESMALTADO;0172500029473;;SOLID;WELLS;MARMOL;;POLIVALENTE;BASE;BASE;MATE RECTIFICADO;VARIACION MODERADA;;NO;;;;CLASE 1;R9;;GRUPO BIa;GL Esmaltado;;;NO;;1600-2400 N - 35-45 N/mm2;1;017.250.0169.09871;9X60(M2);CATLOGO PAMESA;;;60;120;9;7200;60x120;CR.WELLS M;PEARL;https://www.pamesa.com/ERP/4.0/empresas/151/045/imagenes/t00010602/0172500029473.jpg
17;869;169;9871;0178691699871;SI;REC.GLASS;60x120 CR.WELLS M PEARL;A;SI;SI;32.2500;SOL25;PAMESA;PAMESA;L/32/02;8429991604226;;8429991773199;M2;2;1.44;32;46.08;34.25;1,121.00;122.00;84.00;75.00;;10.50;16/12/2020;PAMESA;PAMESA;GRES PORCELNICO ESMALTADO;0178691699871;;SOLID;WELLS;MARMOL;;POLIVALENTE;BASE;BASE;MATE RECTIFICADO;VARIACION MODERADA;;NO;;;;CLASE 1;R9;;GRUPO BIa;GL Esmaltado;;;NO;0.42;1600-2400 N - 35-45 N/mm2;1;017.869.0169.09871;120X120;CATLOGO PAMESA;;;60;120;10,5;7200;60x120;CR.WELLS M;PEARL;https://www.pamesa.com/ERP/4.0/empresas/151/045/imagenes/t00010602/0178691699871.jpg
17;250;119;9871;0172500035641;SI;REC.GLASS;60x120(n) CR.WELLS M SAND;A;SI;SI;0.0000;SOL25;PAMESA;PAMESA;L/36/02 RF;8429991168070;;8429991773199;M2;2;1.44;36;51.84;28.62;1,055.32;122.00;84.00;73.50;;;04/08/2025;PAMESA;PAMESA;GRES PORCELNICO ESMALTADO;0172500035641;;SOLID;WELLS;MARMOL;;POLIVALENTE;BASE;BASE;MATE RECTIFICADO;VARIACION MODERADA;;NO;;;;CLASE 1;R9;;GRUPO BIa;GL Esmaltado;;;NO;;1600-2400 N - 35-45 N/mm2;1;017.250.0119.09871;30,3X61,3;CATLOGO PAMESA;;;60;120;9;7200;60x120;CR.WELLS M;SAND;https://www.pamesa.com/ERP/4.0/empresas/151/045/imagenes/t00010602/0172500035641.jpg
17;869;119;9871;0178691199871;SI;REC.GLASS;60x120 CR.WELLS M SAND;A;SI;SI;32.2500;SOL25;PAMESA;PAMESA;L/32/02;8429991604356;;8429991773199;M2;2;1.44;32;46.08;34.25;1,121.00;122.00;84.00;75.00;;10.50;16/12/2020;PAMESA;PAMESA;GRES PORCELNICO ESMALTADO;0178691199871;;SOLID;WELLS;MARMOL;;POLIVALENTE;BASE;BASE;MATE RECTIFICADO;VARIACION MODERADA;;NO;;;;CLASE 1;R9;;GRUPO BIa;GL Esmaltado;;;NO;0.42;1600-2400 N - 35-45 N/mm2;1;017.869.0119.09871;60x120(N)20MM;CATLOGO PAMESA;;;60;120;10,5;7200;60x120;CR.WELLS M;SAND;https://www.pamesa.com/ERP/4.0/empresas/151/045/imagenes/t00010602/0178691199871.jpg
17;840;344;9871;0178403449871;SI;REC.GLASS;60x60 CR.WELLS M ASH;A;SI;SI;22.5000;SOL12;PAMESA;PAMESA;F/30/04 9MM;8429991604332;;8429991773199;M2;4;1.44;30;43.20;29.75;912.50;120.00;80.00;73.50;;9.00;16/12/2020;PAMESA;PAMESA;GRES PORCELNICO;0178403449871;;SOLID;WELLS;MARMOL;;POLIVALENTE;;BASE;MATE RECTIFICADO;VARIACION MODERADA;;NO;;;;CLASE 1;R9;;GRUPO BIa;GL Esmaltado;;;NO;0.42;1600-2400 N - 35-45 N/mm2;1;017.840.0344.09871;60x60;CATLOGO PAMESA;;;60;60;9;3600;60x60;CR.WELLS M;ASH;https://www.pamesa.com/ERP/4.0/empresas/151/045/imagenes/t00010602/0178403449871.jpg
17;840;163;9871;0178401639871;SI;REC.GLASS;60x60 CR.WELLS M CREAM;A;SI;SI;22.5000;SOL12;PAMESA;PAMESA;F/30/04 9MM;8429991604301;;8429991773199;M2;4;1.44;30;43.20;29.75;912.50;120.00;80.00;73.50;;9.00;16/12/2020;PAMESA;PAMESA;GRES PORCELNICO;0178401639871;;SOLID;WELLS;MARMOL;;POLIVALENTE;;BASE;MATE RECTIFICADO;VARIACION MODERADA;;NO;;;;CLASE 1;R9;;GRUPO BIa;GL Esmaltado;;;NO;0.42;1600-2400 N - 35-45 N/mm2;1;017.840.0163.09871;120X120;CATLOGO PAMESA;;;60;60;9;3600;60x60;CR.WELLS M;CREAM;https://www.pamesa.com/ERP/4.0/empresas/151/045/imagenes/t00010602/0178401639871.jpg
17;840;164;9871;0178401649871;SI;REC.GLASS;60x60 CR.WELLS M IVORY;A;SI;SI;22.5000;SOL12;PAMESA;PAMESA;F/30/04 9MM;8429991604318;;8429991773199;M2;4;1.44;30;43.20;29.75;912.50;120.00;80.00;73.50;;9.00;16/12/2020;PAMESA;PAMESA;GRES PORCELNICO;0178401649871;;SOLID;WELLS;MARMOL;;POLIVALENTE;;BASE;MATE RECTIFICADO;VARIACION MODERADA;;NO;;;;CLASE 1;R9;;GRUPO BIa;GL Esmaltado;;;NO;0.42;1600-2400 N - 35-45 N/mm2;1;017.840.0164.09871;120X120;CATLOGO PAMESA;;;60;60;9;3600;60x60;CR.WELLS M;IVORY;https://www.pamesa.com/ERP/4.0/empresas/151/045/imagenes/t00010602/0178401649871.jpg
17;840;240;9871;0178402409871;SI;REC.GLASS;60x60 CR.WELLS M MOKA;A;SI;SI;22.5000;SOL12;PAMESA;PAMESA;F/30/04 9MM;8429991604349;;8429991773199;M2;4;1.44;30;43.20;29.75;912.50;120.00;80.00;73.50;;9.00;16/12/2020;PAMESA;PAMESA;GRES PORCELNICO;0178402409871;;SOLID;WELLS;MARMOL;;POLIVALENTE;;BASE;MATE RECTIFICADO;VARIACION MODERADA;;NO;;;;CLASE 1;R9;;GRUPO BIa;GL Esmaltado;;;NO;0.42;1600-2400 N - 35-45 N/mm2;1;017.840.0240.09871;60X120 RF;CATLOGO PAMESA;;;60;60;9;3600;60x60;CR.WELLS M;MOKA;https://www.pamesa.com/ERP/4.0/empresas/151/045/imagenes/t00010602/0178402409871.jpg
17;840;169;9871;0178401699871;SI;REC.GLASS;60x60 CR.WELLS M PEARL;A;SI;SI;22.5000;SOL12;PAMESA;PAMESA;F/30/04 9MM;8429991604233;;8429991773199;M2;4;1.44;30;43.20;29.75;912.50;120.00;80.00;73.50;;9.00;16/12/2020;PAMESA;PAMESA;GRES PORCELNICO;0178401699871;;SOLID;WELLS;MARMOL;;POLIVALENTE;;BASE;MATE RECTIFICADO;VARIACION MODERADA;;NO;;;;CLASE 1;R9;;GRUPO BIa;GL Esmaltado;;;NO;0.42;1600-2400 N - 35-45 N/mm2;1;017.840.0169.09871;60X120 RF;CATLOGO PAMESA;;;60;60;9;3600;60x60;CR.WELLS M;PEARL;https://www.pamesa.com/ERP/4.0/empresas/151/045/imagenes/t00010602/0178401699871.jpg
17;840;119;9871;0178401199871;SI;REC.GLASS;60x60 CR.WELLS M SAND;A;SI;SI;22.5000;SOL12;PAMESA;PAMESA;F/30/04 9MM;8429991604325;;8429991773199;M2;4;1.44;30;43.20;29.75;912.50;120.00;80.00;73.50;;9.00;16/12/2020;PAMESA;PAMESA;GRES PORCELNICO;0178401199871;;SOLID;WELLS;MARMOL;;POLIVALENTE;;BASE;MATE RECTIFICADO;VARIACION MODERADA;;NO;;;;CLASE 1;R9;;GRUPO BIa;GL Esmaltado;;;NO;0.42;1600-2400 N - 35-45 N/mm2;1;017.840.0119.09871;30x60 (C);CATLOGO PAMESA;;;60;60;9;3600;60x60;CR.WELLS M;SAND;https://www.pamesa.com/ERP/4.0/empresas/151/045/imagenes/t00010602/0178401199871.jpg
17;450;344;9871;0174503449871;SI;REC.GLASS;30x60 (C) CR.WELLS M ASH;A;SI;SI;22.5000;SOL06;PAMESA;PAMESA;F/48/06 9MM;8429991604288;;8429991773199;M2;6;1.08;48;51.84;22.63;1,106.24;120.00;80.00;74.00;;9.00;16/12/2020;PAMESA;PAMESA;GRES PORCELNICO;0174503449871;;SOLID;WELLS;MARMOL;;POLIVALENTE;;BASE;MATE RECTIFICADO;VARIACION MODERADA;;NO;;;;CLASE 1;R9;;GRUPO BIa;GL Esmaltado;;;NO;0.42;1600-2400 N - 35-45 N/mm2;1;017.450.0344.09871;60x60;CATLOGO PAMESA;;;30;60;9,5;1800;30x60;CR.WELLS M;ASH;https://www.pamesa.com/ERP/4.0/empresas/151/045/imagenes/t00010602/0174503449871.jpg
17;450;163;9871;0174501639871;SI;REC.GLASS;30x60 (C) CR.WELLS M CREAM;A;SI;SI;22.5000;SOL06;PAMESA;PAMESA;F/48/06 9MM;8429991604257;;8429991773199;M2;6;1.08;48;51.84;22.63;1,106.24;120.00;80.00;74.00;;9.00;16/12/2020;PAMESA;PAMESA;GRES PORCELNICO;0174501639871;;SOLID;WELLS;MARMOL;;POLIVALENTE;;BASE;MATE RECTIFICADO;VARIACION MODERADA;;NO;;;;CLASE 1;R9;;GRUPO BIa;GL Esmaltado;;;NO;0.42;1600-2400 N - 35-45 N/mm2;1;017.450.0163.09871;90X90(N);CATLOGO PAMESA;;;30;60;9,5;1800;30x60;CR.WELLS M;CREAM;https://www.pamesa.com/ERP/4.0/empresas/151/045/imagenes/t00010602/0174501639871.jpg
17;450;164;9871;0174501649871;SI;REC.GLASS;30x60 (C) CR.WELLS M IVORY;A;SI;SI;22.5000;SOL06;PAMESA;PAMESA;F/48/06 9MM;8429991604264;;8429991773199;M2;6;1.08;48;51.84;22.63;1,106.24;120.00;80.00;74.00;;9.00;16/12/2020;PAMESA;PAMESA;GRES PORCELNICO;0174501649871;;SOLID;WELLS;MARMOL;;POLIVALENTE;;BASE;MATE RECTIFICADO;VARIACION MODERADA;;NO;;;;CLASE 1;R9;;GRUPO BIa;GL Esmaltado;;;NO;0.42;1600-2400 N - 35-45 N/mm2;1;017.450.0164.09871;60X120(n);CATLOGO PAMESA;;;30;60;9,5;1800;30x60;CR.WELLS M;IVORY;https://www.pamesa.com/ERP/4.0/empresas/151/045/imagenes/t00010602/0174501649871.jpg
17;450;240;9871;0174502409871;SI;REC.GLASS;30x60 (C) CR.WELLS M MOKA;A;SI;SI;22.5000;SOL06;PAMESA;PAMESA;F/48/06 9MM;8429991604295;;8429991773199;M2;6;1.08;48;51.84;22.63;1,106.24;120.00;80.00;74.00;;9.00;16/12/2020;PAMESA;PAMESA;GRES PORCELNICO;0174502409871;;SOLID;WELLS;MARMOL;;POLIVALENTE;;BASE;MATE RECTIFICADO;VARIACION MODERADA;;NO;;;;CLASE 1;R9;;GRUPO BIa;GL Esmaltado;;;NO;0.42;1600-2400 N - 35-45 N/mm2;1;017.450.0240.09871;60X120(n);CATLOGO PAMESA;;;30;60;9,5;1800;30x60;CR.WELLS M;MOKA;https://www.pamesa.com/ERP/4.0/empresas/151/045/imagenes/t00010602/0174502409871.jpg
17;450;169;9871;0174501699871;SI;REC.GLASS;30x60 (C) CR.WELLS M PEARL;A;SI;SI;22.5000;SOL06;PAMESA;PAMESA;F/48/06 9MM;8429991604240;;8429991773199;M2;6;1.08;48;51.84;22.63;1,106.24;120.00;80.00;74.00;;9.00;16/12/2020;PAMESA;PAMESA;GRES PORCELNICO;0174501699871;;SOLID;WELLS;MARMOL;;POLIVALENTE;;BASE;MATE RECTIFICADO;VARIACION MODERADA;;NO;;;;CLASE 1;R9;;GRUPO BIa;GL Esmaltado;;;NO;0.42;1600-2400 N - 35-45 N/mm2;1;017.450.0169.09871;60X120(n);CATLOGO PAMESA;;;30;60;9,5;1800;30x60;CR.WELLS M;PEARL;https://www.pamesa.com/ERP/4.0/empresas/151/045/imagenes/t00010602/0174501699871.jpg
17;450;119;9871;0174501199871;SI;REC.GLASS;30x60 (C) CR.WELLS M SAND;A;SI;SI;22.5000;SOL06;PAMESA;PAMESA;F/48/06 9MM;8429991604271;;8429991773199;M2;6;1.08;48;51.84;22.63;1,106.24;120.00;80.00;74.00;;9.00;16/12/2020;PAMESA;PAMESA;GRES PORCELNICO;0174501199871;;SOLID;WELLS;MARMOL;;POLIVALENTE;;BASE;MATE RECTIFICADO;VARIACION MODERADA;;NO;;;;CLASE 1;R9;;GRUPO BIa;GL Esmaltado;;;NO;0.42;1600-2400 N - 35-45 N/mm2;1;017.450.0119.09871;90X90(N);CATLOGO PAMESA;;;30;60;9,5;1800;30x60;CR.WELLS M;SAND;https://www.pamesa.com/ERP/4.0/empresas/151/045/imagenes/t00010602/0174501199871.jpg
25;281;344;9871;0252813449871;SI;PZ.ESP COM-GLAS;30x30 (5)Malla CR.WELLS M ASH;A;SI;SI;70.2500;MOS5;PAMESA;PAMESA;E/42/11;8429991618421;;;M2;11;1.00;42;42.00;23.00;986.00;120.00;80.00;;;;17/02/2021;PAMESA;PAMESA;GRES PORCELNICO;0252813449871;;SOLID;WELLS;MARMOL;;POLIVALENTE;;;MATE RECTIFICADO;VARIACION MODERADA;;NO;;;;CLASE 1;;;GRUPO BIa;GL Esmaltado;;;NO;;1600-2400 N - 35-45 N/mm2;1;025.281.0344.09871;45X45;CATLOGO PAMESA;;;30;30;0;900;30x30;CR.WELLS M;ASH;https://www.pamesa.com/ERP/4.0/empresas/151/045/imagenes/t00010602/0252813449871.jpg
25;281;163;9871;0252811639871;SI;PZ.ESP COM-GLAS;30x30 (5)Malla CR.WELLS M CREAM;A;SI;SI;70.2500;MOS5;PAMESA;PAMESA;E/42/11;8429991618384;;;M2;11;1.00;42;42.00;23.00;986.00;120.00;80.00;;;;17/02/2021;PAMESA;PAMESA;GRES PORCELNICO;0252811639871;;SOLID;WELLS;MARMOL;;POLIVALENTE;;;MATE RECTIFICADO;VARIACION MODERADA;;NO;;;;CLASE 1;;;GRUPO BIa;GL Esmaltado;;;NO;;1600-2400 N - 35-45 N/mm2;1;025.281.0163.09871;60,8x60,8;CATLOGO PAMESA;;;30;30;0;900;30x30;CR.WELLS M;CREAM;https://www.pamesa.com/ERP/4.0/empresas/151/045/imagenes/t00010602/0252811639871.jpg
25;281;164;9871;0252811649871;SI;PZ.ESP COM-GLAS;30x30 (5)Malla CR.WELLS M IVORY;A;SI;SI;70.2500;MOS5;PAMESA;PAMESA;E/42/11;8429991618391;;;M2;11;1.00;42;42.00;23.00;986.00;120.00;80.00;;;;17/02/2021;PAMESA;PAMESA;GRES PORCELNICO;0252811649871;;SOLID;WELLS;MARMOL;;POLIVALENTE;;;MATE RECTIFICADO;VARIACION MODERADA;;NO;;;;CLASE 1;;;GRUPO BIa;GL Esmaltado;;;NO;;1600-2400 N - 35-45 N/mm2;1;025.281.0164.09871;60,8x60,8;CATLOGO PAMESA;;;30;30;0;900;30x30;CR.WELLS M;IVORY;https://www.pamesa.com/ERP/4.0/empresas/151/045/imagenes/t00010602/0252811649871.jpg
25;281;240;9871;0252812409871;SI;PZ.ESP COM-GLAS;30x30 (5)Malla CR.WELLS M MOKA;A;SI;SI;70.2500;MOS5;PAMESA;PAMESA;E/42/11;8429991618414;;;M2;11;1.00;42;42.00;23.00;986.00;120.00;80.00;;;;17/02/2021;PAMESA;PAMESA;GRES PORCELNICO;0252812409871;;SOLID;WELLS;MARMOL;;POLIVALENTE;;;MATE RECTIFICADO;VARIACION MODERADA;;NO;;;;CLASE 1;;;GRUPO BIa;GL Esmaltado;;;NO;;1600-2400 N - 35-45 N/mm2;1;025.281.0240.09871;45X45;CATLOGO PAMESA;;;30;30;0;900;30x30;CR.WELLS M;MOKA;https://www.pamesa.com/ERP/4.0/empresas/151/045/imagenes/t00010602/0252812409871.jpg
25;281;169;9871;0252811699871;SI;PZ.ESP COM-GLAS;30x30 (5)Malla CR.WELLS M PEARL;A;SI;SI;70.2500;MOS5;PAMESA;PAMESA;E/42/11;8429991618407;;;M2;11;1.00;42;42.00;23.00;986.00;120.00;80.00;;;;17/02/2021;PAMESA;PAMESA;GRES PORCELNICO;0252811699871;;SOLID;WELLS;MARMOL;;POLIVALENTE;;;MATE RECTIFICADO;VARIACION MODERADA;;NO;;;;CLASE 1;;;GRUPO BIa;GL Esmaltado;;;NO;;1600-2400 N - 35-45 N/mm2;1;025.281.0169.09871;45X45;CATLOGO PAMESA;;;30;30;0;900;30x30;CR.WELLS M;PEARL;https://www.pamesa.com/ERP/4.0/empresas/151/045/imagenes/t00010602/0252811699871.jpg
25;281;119;9871;0252811199871;SI;PZ.ESP COM-GLAS;30x30 (5)Malla CR.WELLS M SAND;A;SI;SI;70.2500;MOS5;PAMESA;PAMESA;E/42/11;8429991618377;;;M2;11;1.00;42;42.00;23.00;986.00;120.00;80.00;;;;17/02/2021;PAMESA;PAMESA;GRES PORCELNICO;0252811199871;;SOLID;WELLS;MARMOL;;POLIVALENTE;;;MATE RECTIFICADO;VARIACION MODERADA;;NO;;;;CLASE 1;;;GRUPO BIa;GL Esmaltado;;;NO;;1600-2400 N - 35-45 N/mm2;1;025.281.0119.09871;60,8x60,8;CATLOGO PAMESA;;;30;30;0;900;30x30;CR.WELLS M;SAND;https://www.pamesa.com/ERP/4.0/empresas/151/045/imagenes/t00010602/0252811199871.jpg
102;2;169;15626;1020020039140;SI;REC.GRANILLA NATURAL;120x120(T) AINA STONE PEARL;A;SI;SI;0.0000;TECH08;PAMESA;PAMESA;23/24/02;8429991177416;;8429991773199;M2;2;2.88;24;69.12;49.00;1,216.00;126.00;126.00;70.00;;7.80;18/09/2025;PAMESA;PAMESA;GRES PORCELNICO;1020020039140;;TECH;AINA STONE;PIEDRA;;POLIVALENTE;BASE;BASE;MATE RECTIFICADO;VARIACION LEVE;;ESTRUCTURANTE;;;;CLASE 1;;;GRUPO BIa;GL Esmaltado;;;NO;;;1;102.002.0169.15626;60X120(n);;;;120;120;7,8;14400;120x120;AINA STONE;PEARL;https://www.pamesa.com/ERP/4.0/empresas/151/045/imagenes/t00010602/1020020039140.jpg
106;2;169;15626;1060020037360;SI;GRANILLA SEMIPUL.;120x120(T) AINA STONE PEARL;A;SI;SI;0.0000;TECH28;PAMESA;PAMESA;23/24/02;8429991165529;;8429991773199;M2;2;2.88;24;69.12;49.00;1,216.00;126.00;126.00;70.00;;7.80;18/09/2025;PAMESA;PAMESA;GRES PORCELNICO;1060020037360;;TECH;AINA STONE;PIEDRA;;POLIVALENTE;BASE;BASE;MATE RECTIFICADO;VARIACION LEVE;;ESTRUCTURANTE;;;;CLASE 1;R9;;GRUPO BIa;GL Esmaltado;;;NO;;1600-2400 N - 35-45 N/mm2;1;106.002.0169.15626;30X60 (C);;;;120;120;7,8;14400;120x120;AINA STONE;PEARL;https://www.pamesa.com/ERP/4.0/empresas/151/045/imagenes/t00010602/1060020037360.jpg
102;2;119;15626;1020020039139;SI;REC.GRANILLA NATURAL;120x120(T) AINA STONE SAND;A;SI;SI;0.0000;TECH08;PAMESA;PAMESA;23/24/02;8429991177409;;8429991773199;M2;2;2.88;24;69.12;49.00;1,216.00;126.00;126.00;70.00;;7.80;18/09/2025;PAMESA;PAMESA;GRES PORCELNICO;1020020039139;;TECH;AINA STONE;PIEDRA;;POLIVALENTE;BASE;BASE;MATE RECTIFICADO;VARIACION LEVE;;ESTRUCTURANTE;;;;CLASE 1;;;GRUPO BIa;GL Esmaltado;;;NO;;;1;102.002.0119.15626;60X120(T)C;;;;120;120;7,8;14400;120x120;AINA STONE;SAND;https://www.pamesa.com/ERP/4.0/empresas/151/045/imagenes/t00010602/1020020039139.jpg
106;2;119;15626;1060020037359;SI;GRANILLA SEMIPUL.;120x120(T) AINA STONE SAND;A;SI;SI;0.0000;TECH28;PAMESA;PAMESA;23/24/02;8429991169305;;8429991773199;M2;2;2.88;24;69.12;49.00;1,216.00;126.00;126.00;70.00;;7.80;18/09/2025;PAMESA;PAMESA;GRES PORCELNICO;1060020037359;;TECH;AINA STONE;PIEDRA;;POLIVALENTE;BASE;BASE;MATE RECTIFICADO;VARIACION LEVE;;ESTRUCTURANTE;;;;CLASE 1;R9;;GRUPO BIa;GL Esmaltado;;;NO;;1600-2400 N - 35-45 N/mm2;1;106.002.0119.15626;30X60 (C);;;;120;120;7,8;14400;120x120;AINA STONE;SAND;https://www.pamesa.com/ERP/4.0/empresas/151/045/imagenes/t00010602/1060020037359.jpg
102;2;108;15626;1020020039138;SI;REC.GRANILLA NATURAL;120x120(T) AINA STONE WHITE;A;SI;SI;0.0000;TECH08;PAMESA;PAMESA;23/24/02;8429991177393;;8429991773199;M2;2;2.88;24;69.12;49.00;1,216.00;126.00;126.00;70.00;;7.80;18/09/2025;PAMESA;PAMESA;GRES PORCELNICO;1020020039138;;TECH;AINA STONE;PIEDRA;;POLIVALENTE;BASE;BASE;MATE RECTIFICADO;VARIACION LEVE;;ESTRUCTURANTE;;;;CLASE 1;;;GRUPO BIa;GL Esmaltado;;;NO;;;1;102.002.0108.15626;60X120(n);;;;120;120;7,8;14400;120x120;AINA STONE;WHITE;https://www.pamesa.com/ERP/4.0/empresas/151/045/imagenes/t00010602/1020020039138.jpg
106;2;108;15626;1060020037357;SI;GRANILLA SEMIPUL.;120x120(T) AINA STONE WHITE;A;SI;SI;0.0000;TECH28;PAMESA;PAMESA;23/24/02;8429991169312;;8429991773199;M2;2;2.88;24;69.12;49.00;1,216.00;126.00;126.00;70.00;;7.80;18/09/2025;PAMESA;PAMESA;GRES PORCELNICO;1060020037357;;TECH;AINA STONE;PIEDRA;;POLIVALENTE;BASE;BASE;MATE RECTIFICADO;VARIACION LEVE;;ESTRUCTURANTE;;;;CLASE 1;R9;;GRUPO BIa;GL Esmaltado;;;NO;;1600-2400 N - 35-45 N/mm2;1;106.002.0108.15626;30X60 (C);;;;120;120;7,8;14400;120x120;AINA STONE;WHITE;https://www.pamesa.com/ERP/4.0/empresas/151/045/imagenes/t00010602/1060020037357.jpg
102;2;169;15761;1020020037330;SI;REC.GRANILLA NATURAL;120x120(T) EXT.AINA STONE PEARL;A;SI;SI;0.0000;TECH16;PAM-ADZ.PAMESA;PAMESA;23/24/02;8429991165697;;8429991773199;M2;2;2.88;24;69.12;49.00;1,216.00;126.00;126.00;70.00;;7.80;18/09/2025;PAMESA;PAMESA;GRES PORCELNICO;1020020037330;;TECH;AINA STONE;PIEDRA;;ANTIDESLIZANTE;BASE;BASE;MATE RECTIFICADO;VARIACION LEVE;;ESTRUCTURANTE;;;;CLASE 3;R11;C;GRUPO BIa;GL Esmaltado;;36 Low;NO;;;1;102.002.0169.15761;60X120(n);;;;120;120;7,8;14400;120x120;EXT.AINA STONE;PEARL;https://www.pamesa.com/ERP/4.0/empresas/151/045/imagenes/t00010602/1020020037330.jpg
102;2;119;15761;1020020037329;SI;REC.GRANILLA NATURAL;120x120(T) EXT.AINA STONE SAND;A;SI;SI;0.0000;TECH16;PAM-ADZ.PAMESA;PAMESA;23/24/02;8429991165680;;8429991773199;M2;2;2.88;24;69.12;49.00;1,216.00;126.00;126.00;70.00;;7.80;18/09/2025;PAMESA;PAMESA;GRES PORCELNICO;1020020037329;;TECH;AINA STONE;PIEDRA;;ANTIDESLIZANTE;BASE;BASE;MATE RECTIFICADO;VARIACION LEVE;;ESTRUCTURANTE;;;;CLASE 3;R11;C;GRUPO BIa;GL Esmaltado;;36 Low;NO;;;1;102.002.0119.15761;60X120(n);;;;120;120;7,8;14400;120x120;EXT.AINA STONE;SAND;https://www.pamesa.com/ERP/4.0/empresas/151/045/imagenes/t00010602/1020020037329.jpg
102;2;108;15761;1020020037328;SI;REC.GRANILLA NATURAL;120x120(T) EXT.AINA STONE WHITE;A;SI;SI;0.0000;TECH16;PAM-ADZ.PAMESA;PAMESA;23/24/02;8429991165673;;8429991773199;M2;2;2.88;24;69.12;49.00;1,216.00;126.00;126.00;70.00;;7.80;18/09/2025;PAMESA;PAMESA;GRES PORCELNICO;1020020037328;;TECH;AINA STONE;PIEDRA;;ANTIDESLIZANTE;BASE;BASE;MATE RECTIFICADO;VARIACION LEVE;;ESTRUCTURANTE;;;;CLASE 3;R11;C;GRUPO BIa;GL Esmaltado;;36 Low;NO;;;1;102.002.0108.15761;60X120 RF;;;;120;120;7,8;14400;120x120;EXT.AINA STONE;WHITE;https://www.pamesa.com/ERP/4.0/empresas/151/045/imagenes/t00010602/1020020037328.jpg
102;22;169;15626;1020220039149;SI;REC.GRANILLA NATURAL;60X120(T)C AINA STONE PEARL;A;SI;SI;0.0000;TECH07;PAMESA;PAMESA;24/40/02;8429991177447;;8429991773199;M2;2;1.44;40;57.60;27.00;1,110.00;122.00;84.00;73.50;;7.80;18/09/2025;PAMESA;PAMESA;GRES PORCELNICO;1020220039149;;TECH;AINA STONE;PIEDRA;;POLIVALENTE;BASE;BASE;MATE RECTIFICADO;VARIACION LEVE;;ESTRUCTURANTE;;;;CLASE 1;;;GRUPO BIa;GL Esmaltado;;;NO;;;1;102.022.0169.15626;60X60;;;;60;120;7,8;7200;60x120;AINA STONE;PEARL;https://www.pamesa.com/ERP/4.0/empresas/151/045/imagenes/t00010602/1020220039149.jpg
106;22;169;15626;1060220037370;SI;GRANILLA SEMIPUL.;60X120(T)C AINA STONE PEARL;A;SI;SI;0.0000;TECH27;PAMESA;PAMESA;24/40/02;8429991165574;;8429991773199;M2;2;1.44;40;57.60;27.00;1,110.00;122.00;84.00;73.50;;7.80;18/09/2025;PAMESA;PAMESA;GRES PORCELNICO;1060220037370;;TECH;AINA STONE;PIEDRA;;POLIVALENTE;BASE;BASE;MATE RECTIFICADO;VARIACION LEVE;;ESTRUCTURANTE;;;;CLASE 1;R9;;GRUPO BIa;GL Esmaltado;;;NO;;1600-2400 N - 35-45 N/mm2;1;106.022.0169.15626;30x30(7)Malla;;;;60;120;7,8;7200;60x120;AINA STONE;PEARL;https://www.pamesa.com/ERP/4.0/empresas/151/045/imagenes/t00010602/1060220037370.jpg
102;22;119;15626;1020220039148;SI;REC.GRANILLA NATURAL;60X120(T)C AINA STONE SAND;A;SI;SI;0.0000;TECH07;PAMESA;PAMESA;24/40/02;8429991177430;;8429991773199;M2;2;1.44;40;57.60;27.00;1,110.00;122.00;84.00;73.50;;7.80;18/09/2025;PAMESA;PAMESA;GRES PORCELNICO;1020220039148;;TECH;AINA STONE;PIEDRA;;POLIVALENTE;BASE;BASE;MATE RECTIFICADO;VARIACION LEVE;;ESTRUCTURANTE;;;;CLASE 1;;;GRUPO BIa;GL Esmaltado;;;NO;;;1;102.022.0119.15626;60X60;;;;60;120;7,8;7200;60x120;AINA STONE;SAND;https://www.pamesa.com/ERP/4.0/empresas/151/045/imagenes/t00010602/1020220039148.jpg
106;22;119;15626;1060220037369;SI;GRANILLA SEMIPUL.;60X120(T)C AINA STONE SAND;A;SI;SI;0.0000;TECH27;PAMESA;PAMESA;24/40/02;8429991165567;;8429991773199;M2;2;1.44;40;57.60;27.00;1,110.00;122.00;84.00;73.50;;7.80;18/09/2025;PAMESA;PAMESA;GRES PORCELNICO;1060220037369;;TECH;AINA STONE;PIEDRA;;POLIVALENTE;BASE;BASE;MATE RECTIFICADO;VARIACION LEVE;;ESTRUCTURANTE;;;;CLASE 1;R9;;GRUPO BIa;GL Esmaltado;;;NO;;1600-2400 N - 35-45 N/mm2;1;106.022.0119.15626;30X60 (C);;;;60;120;7,8;7200;60x120;AINA STONE;SAND;https://www.pamesa.com/ERP/4.0/empresas/151/045/imagenes/t00010602/1060220037369.jpg
102;22;108;15626;1020220039147;SI;REC.GRANILLA NATURAL;60X120(T)C AINA STONE WHITE;A;SI;SI;0.0000;TECH07;PAMESA;PAMESA;24/40/02;8429991177423;;8429991773199;M2;2;1.44;40;57.60;27.00;1,110.00;122.00;84.00;73.50;;7.80;18/09/2025;PAMESA;PAMESA;GRES PORCELNICO;1020220039147;;TECH;AINA STONE;PIEDRA;;POLIVALENTE;BASE;BASE;MATE RECTIFICADO;VARIACION LEVE;;ESTRUCTURANTE;;;;CLASE 1;;;GRUPO BIa;GL Esmaltado;;;NO;;;1;102.022.0108.15626;60X120 RF;;;;60;120;7,8;7200;60x120;AINA STONE;WHITE;https://www.pamesa.com/ERP/4.0/empresas/151/045/imagenes/t00010602/1020220039147.jpg
106;22;108;15626;1060220037368;SI;GRANILLA SEMIPUL.;60X120(T)C AINA STONE WHITE;A;SI;SI;0.0000;TECH27;PAMESA;PAMESA;24/40/02;8429991165543;;8429991773199;M2;2;1.44;40;57.60;27.00;1,110.00;122.00;84.00;73.50;;7.80;18/09/2025;PAMESA;PAMESA;GRES PORCELNICO;1060220037368;;TECH;AINA STONE;PIEDRA;;POLIVALENTE;BASE;BASE;MATE RECTIFICADO;VARIACION LEVE;;ESTRUCTURANTE;;;;CLASE 1;R9;;GRUPO BIa;GL Esmaltado;;;NO;;1600-2400 N - 35-45 N/mm2;1;106.022.0108.15626;30X60 (C);;;;60;120;7,8;7200;60x120;AINA STONE;WHITE;https://www.pamesa.com/ERP/4.0/empresas/151/045/imagenes/t00010602/1060220037368.jpg
102;22;169;15761;1020220037340;SI;REC.GRANILLA NATURAL;60X120(T)C EXT.AINA STONE PEARL;A;SI;SI;0.0000;TECH15;PAM-ADZ.PAMESA;PAMESA;24/40/02;8429991165727;;8429991773199;M2;2;1.44;40;57.60;27.00;1,110.00;122.00;84.00;73.50;;7.80;18/09/2025;PAMESA;PAMESA;GRES PORCELNICO;1020220037340;;TECH;AINA STONE;PIEDRA;;ANTIDESLIZANTE;BASE;BASE;MATE RECTIFICADO;VARIACION LEVE;;ESTRUCTURANTE;;;;CLASE 3;R11;C;GRUPO BIa;GL Esmaltado;;36 Low;NO;;;1;102.022.0169.15761;60X60;;;;60;120;7,8;7200;60x120;EXT.AINA STONE;PEARL;https://www.pamesa.com/ERP/4.0/empresas/151/045/imagenes/t00010602/1020220037340.jpg
102;22;119;15761;1020220037339;SI;REC.GRANILLA NATURAL;60X120(T)C EXT.AINA STONE SAND;A;SI;SI;0.0000;TECH15;PAM-ADZ.PAMESA;PAMESA;24/40/02;8429991165710;;8429991773199;M2;2;1.44;40;57.60;27.00;1,110.00;122.00;84.00;73.50;;7.80;18/09/2025;PAMESA;PAMESA;GRES PORCELNICO;1020220037339;;TECH;AINA STONE;PIEDRA;;ANTIDESLIZANTE;BASE;BASE;MATE RECTIFICADO;VARIACION LEVE;;ESTRUCTURANTE;;;;CLASE 3;R11;C;GRUPO BIa;GL Esmaltado;;36 Low;NO;;;1;102.022.0119.15761;60X60;;;;60;120;7,8;7200;60x120;EXT.AINA STONE;SAND;https://www.pamesa.com/ERP/4.0/empresas/151/045/imagenes/t00010602/1020220037339.jpg
102;22;108;15761;1020220037338;SI;REC.GRANILLA NATURAL;60X120(T)C EXT.AINA STONE WHITE;A;SI;SI;0.0000;TECH15;PAM-ADZ.PAMESA;PAMESA;24/40/02;8429991165703;;8429991773199;M2;2;1.44;40;57.60;27.00;1,110.00;122.00;84.00;73.50;;7.80;18/09/2025;PAMESA;PAMESA;GRES PORCELNICO;1020220037338;;TECH;AINA STONE;PIEDRA;;ANTIDESLIZANTE;BASE;BASE;MATE RECTIFICADO;VARIACION LEVE;;ESTRUCTURANTE;;;;CLASE 3;R11;C;GRUPO BIa;GL Esmaltado;;36 Low;NO;;;1;102.022.0108.15761;60X120(n);;;;60;120;7,8;7200;60x120;EXT.AINA STONE;WHITE;https://www.pamesa.com/ERP/4.0/empresas/151/045/imagenes/t00010602/1020220037338.jpg
102;17;169;15626;1020170039143;SI;REC.GRANILLA NATURAL;60X60(T)C AINA STONE PEARL;A;SI;SI;0.0000;TECH06;PAMESA;PAMESA;F/40/04;8429991177478;;8429991773199;M2;4;1.44;40;57.60;27.00;1,100.00;120.00;80.00;73.50;;7.80;18/09/2025;PAMESA;PAMESA;GRES PORCELNICO;1020170039143;;TECH;AINA STONE;PIEDRA;;POLIVALENTE;BASE;BASE;MATE RECTIFICADO;VARIACION LEVE;;ESTRUCTURANTE;;;;CLASE 1;;;GRUPO BIa;GL Esmaltado;;;NO;;;1;102.017.0169.15626;60X120(n);;;;60;60;7,8;3600;60x60;AINA STONE;PEARL;https://www.pamesa.com/ERP/4.0/empresas/151/045/imagenes/t00010602/1020170039143.jpg
106;17;169;15626;1060170037364;SI;GRANILLA SEMIPUL.;60X60(T)C AINA STONE PEARL;A;SI;SI;0.0000;TECH26;PAMESA;PAMESA;F/40/04;8429991165611;;8429991773199;M2;4;1.44;40;57.60;27.00;1,100.00;120.00;80.00;73.50;;7.80;18/09/2025;PAMESA;PAMESA;GRES PORCELNICO;1060170037364;;TECH;AINA STONE;PIEDRA;;POLIVALENTE;BASE;BASE;MATE RECTIFICADO;VARIACION LEVE;;ESTRUCTURANTE;;;;CLASE 1;R9;;GRUPO BIa;GL Esmaltado;;;NO;;;1;106.017.0169.15626;30X60 (C);;;;60;60;7,8;3600;60x60;AINA STONE;PEARL;https://www.pamesa.com/ERP/4.0/empresas/151/045/imagenes/t00010602/1060170037364.jpg
102;17;119;15626;1020170039142;SI;REC.GRANILLA NATURAL;60X60(T)C AINA STONE SAND;A;SI;SI;0.0000;TECH06;PAMESA;PAMESA;F/40/04;8429991177461;;8429991773199;M2;4;1.44;40;57.60;27.00;1,100.00;120.00;80.00;73.50;;7.80;18/09/2025;PAMESA;PAMESA;GRES PORCELNICO;1020170039142;;TECH;AINA STONE;PIEDRA;;POLIVALENTE;BASE;BASE;MATE RECTIFICADO;VARIACION LEVE;;ESTRUCTURANTE;;;;CLASE 1;;;GRUPO BIa;GL Esmaltado;;;NO;;;1;102.017.0119.15626;60X120 RF;;;;60;60;7,8;3600;60x60;AINA STONE;SAND;https://www.pamesa.com/ERP/4.0/empresas/151/045/imagenes/t00010602/1020170039142.jpg
106;17;119;15626;1060170037362;SI;GRANILLA SEMIPUL.;60X60(T)C AINA STONE SAND;A;SI;SI;0.0000;TECH26;PAMESA;PAMESA;F/40/04;8429991165604;;8429991773199;M2;4;1.44;40;57.60;27.00;1,100.00;120.00;80.00;73.50;;7.80;18/09/2025;PAMESA;PAMESA;GRES PORCELNICO;1060170037362;;TECH;AINA STONE;PIEDRA;;POLIVALENTE;BASE;BASE;MATE RECTIFICADO;VARIACION LEVE;;ESTRUCTURANTE;;;;CLASE 1;R9;;GRUPO BIa;GL Esmaltado;;;NO;;;1;106.017.0119.15626;30X60 (C);;;;60;60;7,8;3600;60x60;AINA STONE;SAND;https://www.pamesa.com/ERP/4.0/empresas/151/045/imagenes/t00010602/1060170037362.jpg
102;17;108;15626;1020170039141;SI;REC.GRANILLA NATURAL;60X60(T)C AINA STONE WHITE;A;SI;SI;0.0000;TECH06;PAMESA;PAMESA;F/40/04;8429991177454;;8429991773199;M2;4;1.44;40;57.60;27.00;1,100.00;120.00;80.00;73.50;;7.80;18/09/2025;PAMESA;PAMESA;GRES PORCELNICO;1020170039141;;TECH;AINA STONE;PIEDRA;;POLIVALENTE;BASE;BASE;MATE RECTIFICADO;VARIACION LEVE;;ESTRUCTURANTE;;;;CLASE 1;;;GRUPO BIa;GL Esmaltado;;;NO;;;1;102.017.0108.15626;60X120(n);;;;60;60;7,8;3600;60x60;AINA STONE;WHITE;https://www.pamesa.com/ERP/4.0/empresas/151/045/imagenes/t00010602/1020170039141.jpg
106;17;108;15626;1060170037361;SI;GRANILLA SEMIPUL.;60X60(T)C AINA STONE WHITE;A;SI;SI;0.0000;TECH26;PAMESA;PAMESA;F/40/04;8429991165598;;8429991773199;M2;4;1.44;40;57.60;27.00;1,100.00;120.00;80.00;73.50;;7.80;18/09/2025;PAMESA;PAMESA;GRES PORCELNICO;1060170037361;;TECH;AINA STONE;PIEDRA;;POLIVALENTE;BASE;BASE;MATE RECTIFICADO;VARIACION LEVE;;ESTRUCTURANTE;;;;CLASE 1;R9;;GRUPO BIa;GL Esmaltado;;;NO;;;1;106.017.0108.15626;30X60 (C);;;;60;60;7,8;3600;60x60;AINA STONE;WHITE;https://www.pamesa.com/ERP/4.0/empresas/151/045/imagenes/t00010602/1060170037361.jpg
102;17;169;15761;1020170037333;SI;REC.GRANILLA NATURAL;60X60(T)C EXT.AINA STONE PEARL;A;SI;SI;0.0000;TECH14;PAM-ADZ.PAMESA;PAMESA;F/40/04;8429991165758;;8429991773199;M2;4;1.44;40;57.60;27.00;1,100.00;120.00;80.00;73.50;;7.80;18/09/2025;PAMESA;PAMESA;GRES PORCELNICO;1020170037333;;TECH;AINA STONE;PIEDRA;;ANTIDESLIZANTE;BASE;BASE;MATE RECTIFICADO;VARIACION LEVE;;ESTRUCTURANTE;;;;CLASE 3;R11;C;GRUPO BIa;GL Esmaltado;;36 Low;NO;;;1;102.017.0169.15761;60X120(n);;;;60;60;7,8;3600;60x60;EXT.AINA STONE;PEARL;https://www.pamesa.com/ERP/4.0/empresas/151/045/imagenes/t00010602/1020170037333.jpg
102;17;119;15761;1020170037332;SI;REC.GRANILLA NATURAL;60X60(T)C EXT.AINA STONE SAND;A;SI;SI;0.0000;TECH14;PAM-ADZ.PAMESA;PAMESA;F/40/04;8429991165741;;8429991773199;M2;4;1.44;40;57.60;27.00;1,100.00;120.00;80.00;73.50;;7.80;18/09/2025;PAMESA;PAMESA;GRES PORCELNICO;1020170037332;;TECH;AINA STONE;PIEDRA;;ANTIDESLIZANTE;BASE;BASE;MATE RECTIFICADO;VARIACION LEVE;;ESTRUCTURANTE;;;;CLASE 3;R11;C;GRUPO BIa;GL Esmaltado;;36 Low;NO;;;1;102.017.0119.15761;60X120(n);;;;60;60;7,8;3600;60x60;EXT.AINA STONE;SAND;https://www.pamesa.com/ERP/4.0/empresas/151/045/imagenes/t00010602/1020170037332.jpg
102;17;108;15761;1020170037331;SI;REC.GRANILLA NATURAL;60X60(T)C EXT.AINA STONE WHITE;A;SI;SI;0.0000;TECH14;PAM-ADZ.PAMESA;PAMESA;F/40/04;8429991165734;;8429991773199;M2;4;1.44;40;57.60;27.00;1,100.00;120.00;80.00;73.50;;7.80;18/09/2025;PAMESA;PAMESA;GRES PORCELNICO;1020170037331;;TECH;AINA STONE;PIEDRA;;ANTIDESLIZANTE;BASE;BASE;MATE RECTIFICADO;VARIACION LEVE;;ESTRUCTURANTE;;;;CLASE 3;R11;C;GRUPO BIa;GL Esmaltado;;36 Low;NO;;;1;102.017.0108.15761;60X120 RF;;;;60;60;7,8;3600;60x60;EXT.AINA STONE;WHITE;https://www.pamesa.com/ERP/4.0/empresas/151/045/imagenes/t00010602/1020170037331.jpg
102;21;169;15626;1020210039146;SI;REC.GRANILLA NATURAL;30X60(T)C AINA STONE PEARL;A;SI;SI;0.0000;TECH05;PAMESA;PAMESA;24/48/08;8429991177508;;8429991773199;M2;8;1.44;48;69.12;26.50;1,302.00;122.00;84.00;;;7.80;18/09/2025;PAMESA;PAMESA;GRES PORCELNICO;1020210039146;;TECH;AINA STONE;PIEDRA;;POLIVALENTE;BASE;BASE;MATE RECTIFICADO;VARIACION LEVE;;ESTRUCTURANTE;;;;CLASE 1;;;GRUPO BIa;GL Esmaltado;;;NO;;;1;102.021.0169.15626;60X120(n);;;;30;60;7,8;1800;30x60;AINA STONE;PEARL;https://www.pamesa.com/ERP/4.0/empresas/151/045/imagenes/t00010602/1020210039146.jpg
106;21;169;15626;1060210037367;SI;GRANILLA SEMIPUL.;30X60(T)C AINA STONE PEARL;A;SI;SI;0.0000;TECH25;PAMESA;PAMESA;24/48/08;8429991165659;;8429991773199;M2;8;1.44;48;69.12;26.50;1,302.00;122.00;84.00;;;7.80;18/09/2025;PAMESA;PAMESA;GRES PORCELNICO;1060210037367;;TECH;AINA STONE;PIEDRA;;POLIVALENTE;BASE;BASE;MATE RECTIFICADO;VARIACION LEVE;;ESTRUCTURANTE;;;;CLASE 1;R9;;GRUPO BIa;GL Esmaltado;;;NO;;;1;106.021.0169.15626;30X60(T)C;;;;30;60;7,8;1800;30x60;AINA STONE;PEARL;https://www.pamesa.com/ERP/4.0/empresas/151/045/imagenes/t00010602/1060210037367.jpg
102;21;119;15626;1020210039145;SI;REC.GRANILLA NATURAL;30X60(T)C AINA STONE SAND;A;SI;SI;0.0000;TECH05;PAMESA;PAMESA;24/48/08;8429991177492;;8429991773199;M2;8;1.44;48;69.12;26.50;1,302.00;122.00;84.00;;;7.80;18/09/2025;PAMESA;PAMESA;GRES PORCELNICO;1020210039145;;TECH;AINA STONE;PIEDRA;;POLIVALENTE;BASE;BASE;MATE RECTIFICADO;VARIACION LEVE;;ESTRUCTURANTE;;;;CLASE 1;;;GRUPO BIa;GL Esmaltado;;;NO;;;1;102.021.0119.15626;60X120(n);;;;30;60;7,8;1800;30x60;AINA STONE;SAND;https://www.pamesa.com/ERP/4.0/empresas/151/045/imagenes/t00010602/1020210039145.jpg
106;21;119;15626;1060210037366;SI;GRANILLA SEMIPUL.;30X60(T)C AINA STONE SAND;A;SI;SI;0.0000;TECH25;PAMESA;PAMESA;24/48/08;8429991165642;;8429991773199;M2;8;1.44;48;69.12;26.50;1,302.00;122.00;84.00;;;7.80;18/09/2025;PAMESA;PAMESA;GRES PORCELNICO;1060210037366;;TECH;AINA STONE;PIEDRA;;POLIVALENTE;BASE;BASE;MATE RECTIFICADO;VARIACION LEVE;;ESTRUCTURANTE;;;;CLASE 1;R9;;GRUPO BIa;GL Esmaltado;;;NO;;;1;106.021.0119.15626;30X60 (C);;;;30;60;7,8;1800;30x60;AINA STONE;SAND;https://www.pamesa.com/ERP/4.0/empresas/151/045/imagenes/t00010602/1060210037366.jpg
102;21;108;15626;1020210039144;SI;REC.GRANILLA NATURAL;30X60(T)C AINA STONE WHITE;A;SI;SI;0.0000;TECH05;PAMESA;PAMESA;24/48/08;8429991177485;;8429991773199;M2;8;1.44;48;69.12;26.50;1,302.00;122.00;84.00;;;7.80;18/09/2025;PAMESA;PAMESA;GRES PORCELNICO;1020210039144;;TECH;AINA STONE;PIEDRA;;POLIVALENTE;BASE;BASE;MATE RECTIFICADO;VARIACION LEVE;;ESTRUCTURANTE;;;;CLASE 1;;;GRUPO BIa;GL Esmaltado;;;NO;;;1;102.021.0108.15626;60X120(n);;;;30;60;7,8;1800;30x60;AINA STONE;WHITE;https://www.pamesa.com/ERP/4.0/empresas/151/045/imagenes/t00010602/1020210039144.jpg
106;21;108;15626;1060210037365;SI;GRANILLA SEMIPUL.;30X60(T)C AINA STONE WHITE;A;SI;SI;0.0000;TECH25;PAMESA;PAMESA;24/48/08;8429991165635;;8429991773199;M2;8;1.44;48;69.12;26.50;1,302.00;122.00;84.00;;;7.80;18/09/2025;PAMESA;PAMESA;GRES PORCELNICO;1060210037365;;TECH;AINA STONE;PIEDRA;;POLIVALENTE;BASE;BASE;MATE RECTIFICADO;VARIACION LEVE;;ESTRUCTURANTE;;;;CLASE 1;R9;;GRUPO BIa;GL Esmaltado;;;NO;;;1;106.021.0108.15626;30X60 (C);;;;30;60;7,8;1800;30x60;AINA STONE;WHITE;https://www.pamesa.com/ERP/4.0/empresas/151/045/imagenes/t00010602/1060210037365.jpg
102;21;169;15761;1020210037336;SI;REC.GRANILLA NATURAL;30X60(T)C EXT.AINA STONE PEARL;A;SI;SI;0.0000;TECH13;PAM-ADZ.PAMESA;PAMESA;24/48/08;8429991165789;;8429991773199;M2;8;1.44;48;69.12;26.50;1,302.00;122.00;84.00;;;7.80;18/09/2025;PAMESA;PAMESA;GRES PORCELNICO;1020210037336;;TECH;AINA STONE;PIEDRA;;ANTIDESLIZANTE;BASE;BASE;MATE RECTIFICADO;VARIACION LEVE;;ESTRUCTURANTE;;;;CLASE 3;R11;C;GRUPO BIa;GL Esmaltado;;36 Low;NO;;;1;102.021.0169.15761;60X120(n);;;;30;60;7,8;1800;30x60;EXT.AINA STONE;PEARL;https://www.pamesa.com/ERP/4.0/empresas/151/045/imagenes/t00010602/1020210037336.jpg
102;21;119;15761;1020210037335;SI;REC.GRANILLA NATURAL;30X60(T)C EXT.AINA STONE SAND;A;SI;SI;0.0000;TECH13;PAM-ADZ.PAMESA;PAMESA;24/48/08;8429991165772;;8429991773199;M2;8;1.44;48;69.12;26.50;1,302.00;122.00;84.00;;;7.80;18/09/2025;PAMESA;PAMESA;GRES PORCELNICO;1020210037335;;TECH;AINA STONE;PIEDRA;;ANTIDESLIZANTE;BASE;BASE;MATE RECTIFICADO;VARIACION LEVE;;ESTRUCTURANTE;;;;CLASE 3;R11;C;GRUPO BIa;GL Esmaltado;;36 Low;NO;;;1;102.021.0119.15761;60X120(n);;;;30;60;7,8;1800;30x60;EXT.AINA STONE;SAND;https://www.pamesa.com/ERP/4.0/empresas/151/045/imagenes/t00010602/1020210037335.jpg
102;21;108;15761;1020210037334;SI;REC.GRANILLA NATURAL;30X60(T)C EXT.AINA STONE WHITE;A;SI;SI;0.0000;TECH13;PAM-ADZ.PAMESA;PAMESA;24/48/08;8429991165765;;8429991773199;M2;8;1.44;48;69.12;26.50;1,302.00;122.00;84.00;;;7.80;18/09/2025;PAMESA;PAMESA;GRES PORCELNICO;1020210037334;;TECH;AINA STONE;PIEDRA;;ANTIDESLIZANTE;BASE;BASE;MATE RECTIFICADO;VARIACION LEVE;;ESTRUCTURANTE;;;;CLASE 3;R11;C;GRUPO BIa;GL Esmaltado;;36 Low;NO;;;1;102.021.0108.15761;60X120(n);;;;30;60;7,8;1800;30x60;EXT.AINA STONE;WHITE;https://www.pamesa.com/ERP/4.0/empresas/151/045/imagenes/t00010602/1020210037334.jpg
96;2;7;15481;0960020037247;SI;CG.REC.MATE CEPILLADO;120x120(T) CORE BEIGE;A;SI;SI;0.0000;TECH04;PAMESA;PAMESA;23/24/02;8429991148393;;8429991773199;M2;2;2.88;24;69.12;49.00;1,216.00;126.00;126.00;70.00;;7.80;18/09/2025;PAMESA;PAMESA;GRES PORCELNICO;0960020037247;;TECH;CORE;PIEDRA;;POLIVALENTE;;BASE;;;;ESTRUCTURANTE;;;;CLASE 1;R9;;GRUPO BIa;GL Esmaltado;;;NO;;;1;096.002.0007.15481;20x120 (n);CATLOGO PAMESA;;;120;120;7,8;14400;120x120;CORE;BEIGE;https://www.pamesa.com/ERP/4.0/empresas/151/045/imagenes/t00010602/0960020037247.jpg
96;2;957;15481;0960020037249;SI;CG.REC.MATE CEPILLADO;120x120(T) CORE CLAY;A;SI;SI;0.0000;TECH04;PAMESA;PAMESA;23/24/02;8429991148416;;8429991773199;M2;2;2.88;24;69.12;49.00;1,216.00;126.00;126.00;70.00;;7.80;18/09/2025;PAMESA;PAMESA;GRES PORCELNICO;0960020037249;;TECH;CORE;PIEDRA;;POLIVALENTE;;BASE;;;;ESTRUCTURANTE;;;;CLASE 1;R9;;GRUPO BIa;GL Esmaltado;;;NO;;;1;096.002.0957.15481;30x60 PB.;;;;120;120;7,8;14400;120x120;CORE;CLAY;https://www.pamesa.com/ERP/4.0/empresas/151/045/imagenes/t00010602/0960020037249.jpg
96;2;298;15481;0960020037252;SI;CG.REC.MATE CEPILLADO;120x120(T) CORE COAL;A;SI;SI;0.0000;TECH04;PAMESA;PAMESA;23/24/02;8429991148423;;8429991773199;M2;2;2.88;24;69.12;49.00;1,216.00;126.00;126.00;70.00;;7.80;18/09/2025;PAMESA;PAMESA;GRES PORCELNICO;0960020037252;;TECH;CORE;PIEDRA;;POLIVALENTE;;BASE;;;;ESTRUCTURANTE;;;;CLASE 1;R9;;GRUPO BIa;GL Esmaltado;;;NO;;;1;096.002.0298.15481;30x60 PB.;;;;120;120;7,8;14400;120x120;CORE;COAL;https://www.pamesa.com/ERP/4.0/empresas/151/045/imagenes/t00010602/0960020037252.jpg
96;2;161;15481;0960020037246;SI;CG.REC.MATE CEPILLADO;120x120(T) CORE GREY;A;SI;SI;0.0000;TECH04;PAMESA;PAMESA;23/24/02;8429991148409;;8429991773199;M2;2;2.88;24;69.12;49.00;1,216.00;126.00;126.00;70.00;;7.80;18/09/2025;PAMESA;PAMESA;GRES PORCELNICO;0960020037246;;TECH;CORE;PIEDRA;;POLIVALENTE;;BASE;;;;ESTRUCTURANTE;;;;CLASE 1;R9;;GRUPO BIa;GL Esmaltado;;;NO;;;1;096.002.0161.15481;20X75;CATLOGO PAMESA;;;120;120;7,8;14400;120x120;CORE;GREY;https://www.pamesa.com/ERP/4.0/empresas/151/045/imagenes/t00010602/0960020037246.jpg
96;2;164;15481;0960020037248;SI;CG.REC.MATE CEPILLADO;120x120(T) CORE IVORY;A;SI;SI;0.0000;TECH04;PAMESA;PAMESA;23/24/02;8429991148386;;8429991773199;M2;2;2.88;24;69.12;49.00;1,216.00;126.00;126.00;70.00;;7.80;18/09/2025;PAMESA;PAMESA;GRES PORCELNICO;0960020037248;;TECH;CORE;PIEDRA;;POLIVALENTE;;BASE;;;;ESTRUCTURANTE;;;;CLASE 1;R9;;GRUPO BIa;GL Esmaltado;;;NO;;;1;096.002.0164.15481;20X75;CATLOGO PAMESA;;;120;120;7,8;14400;120x120;CORE;IVORY;https://www.pamesa.com/ERP/4.0/empresas/151/045/imagenes/t00010602/0960020037248.jpg
96;2;169;15481;0960020037250;SI;CG.REC.MATE CEPILLADO;120x120(T) CORE PEARL;A;SI;SI;0.0000;TECH04;PAMESA;PAMESA;23/24/02;8429991144272;;8429991773199;M2;2;2.88;24;69.12;49.00;1,216.00;126.00;126.00;70.00;;7.80;18/09/2025;PAMESA;PAMESA;GRES PORCELNICO;0960020037250;;TECH;CORE;PIEDRA;;POLIVALENTE;;BASE;;;;ESTRUCTURANTE;;;;CLASE 1;R9;;GRUPO BIa;GL Esmaltado;;;NO;;;1;096.002.0169.15481;20X75;CATLOGO PAMESA;;;120;120;7,8;14400;120x120;CORE;PEARL;https://www.pamesa.com/ERP/4.0/empresas/151/045/imagenes/t00010602/0960020037250.jpg
96;2;285;15481;0960020037251;SI;CG.REC.MATE CEPILLADO;120x120(T) CORE TAUPE;A;SI;SI;0.0000;TECH04;PAMESA;PAMESA;23/24/02;8429991144289;;8429991773199;M2;2;2.88;24;69.12;49.00;1,216.00;126.00;126.00;70.00;;7.80;18/09/2025;PAMESA;PAMESA;GRES PORCELNICO;0960020037251;;TECH;CORE;PIEDRA;;POLIVALENTE;;BASE;;;;ESTRUCTURANTE;;;;CLASE 1;R9;;GRUPO BIa;GL Esmaltado;;;NO;;;1;096.002.0285.15481;30x60 PB.;;;;120;120;7,8;14400;120x120;CORE;TAUPE;https://www.pamesa.com/ERP/4.0/empresas/151/045/imagenes/t00010602/0960020037251.jpg
96;2;108;15481;0960020037245;SI;CG.REC.MATE CEPILLADO;120x120(T) CORE WHITE;A;SI;SI;0.0000;TECH04;PAMESA;PAMESA;23/24/02;8429991144265;;8429991773199;M2;2;2.88;24;69.12;49.00;1,216.00;126.00;126.00;70.00;;7.80;18/09/2025;PAMESA;PAMESA;GRES PORCELNICO;0960020037245;;TECH;CORE;PIEDRA;;POLIVALENTE;;BASE;;;;ESTRUCTURANTE;;;;CLASE 1;R9;;GRUPO BIa;GL Esmaltado;;;NO;;;1;096.002.0108.15481;20X75;CATLOGO PAMESA;;;120;120;7,8;14400;120x120;CORE;WHITE;https://www.pamesa.com/ERP/4.0/empresas/151/045/imagenes/t00010602/0960020037245.jpg
17;2;7;15766;0170020035496;SI;REC.GLASS;120x120(T) DUP CORE BEIGE;A;SI;SI;0.0000;TECH04;PAMESA;PAMESA;23/24/02;8429991166823;;8429991773199;M2;2;2.88;24;69.12;49.00;1,216.00;126.00;126.00;70.00;;7.80;31/07/2025;PAMESA;PAMESA;GRES PORCELNICO;0170020035496;;TECH;CORE;PIEDRA;;POLIVALENTE;BASE;BASE;MATE RECTIFICADO;VARIACION LEVE;;;;;;CLASE 2;R10;;GRUPO BIa;GL Esmaltado;;;NO;;1600-2400 N - 35-45 N/mm2;1;017.002.0007.15766;60x60;CATLOGO PAMESA;;;120;120;7,8;14400;120x120;DUP CORE;BEIGE;https://www.pamesa.com/ERP/4.0/empresas/151/045/imagenes/t00010602/0170020035496.jpg
17;2;957;15766;0170020035503;SI;REC.GLASS;120x120(T) DUP CORE CLAY;A;SI;SI;0.0000;TECH04;PAMESA;PAMESA;23/24/02;8429991166885;;8429991773199;M2;2;2.88;24;69.12;49.00;1,216.00;126.00;126.00;70.00;;7.80;31/07/2025;PAMESA;PAMESA;GRES PORCELNICO;0170020035503;;TECH;CORE;PIEDRA;;POLIVALENTE;BASE;BASE;MATE RECTIFICADO;VARIACION LEVE;;;;;;CLASE 2;R10;;GRUPO BIa;GL Esmaltado;;;NO;;1600-2400 N - 35-45 N/mm2;1;017.002.0957.15766;45X45;CATLOGO PAMESA;;;120;120;7,8;14400;120x120;DUP CORE;CLAY;https://www.pamesa.com/ERP/4.0/empresas/151/045/imagenes/t00010602/0170020035503.jpg
17;2;298;15766;0170020035501;SI;REC.GLASS;120x120(T) DUP CORE COAL;A;SI;SI;0.0000;TECH04;PAMESA;PAMESA;23/24/02;8429991166878;;8429991773199;M2;2;2.88;24;69.12;49.00;1,216.00;126.00;126.00;70.00;;7.80;31/07/2025;PAMESA;PAMESA;GRES PORCELNICO;0170020035501;;TECH;CORE;PIEDRA;;POLIVALENTE;BASE;BASE;MATE RECTIFICADO;VARIACION LEVE;;;;;;CLASE 2;R10;;GRUPO BIa;GL Esmaltado;;;NO;;1600-2400 N - 35-45 N/mm2;1;017.002.0298.15766;60x60;CATLOGO PAMESA;;;120;120;7,8;14400;120x120;DUP CORE;COAL;https://www.pamesa.com/ERP/4.0/empresas/151/045/imagenes/t00010602/0170020035501.jpg
17;2;161;15766;0170020035497;SI;REC.GLASS;120x120(T) DUP CORE GREY;A;SI;SI;0.0000;TECH04;PAMESA;PAMESA;23/24/02;8429991166830;;8429991773199;M2;2;2.88;24;69.12;49.00;1,216.00;126.00;126.00;70.00;;7.80;31/07/2025;PAMESA;PAMESA;GRES PORCELNICO;0170020035497;;TECH;CORE;PIEDRA;;POLIVALENTE;BASE;BASE;MATE RECTIFICADO;VARIACION LEVE;;;;;;CLASE 2;R10;;GRUPO BIa;GL Esmaltado;;;NO;;1600-2400 N - 35-45 N/mm2;1;017.002.0161.15766;60,8x60,8;CATLOGO PAMESA;;;120;120;7,8;14400;120x120;DUP CORE;GREY;https://www.pamesa.com/ERP/4.0/empresas/151/045/imagenes/t00010602/0170020035497.jpg
17;2;164;15766;0170020035498;SI;REC.GLASS;120x120(T) DUP CORE IVORY;A;SI;SI;0.0000;TECH04;PAMESA;PAMESA;23/24/02;8429991166847;;8429991773199;M2;2;2.88;24;69.12;49.00;1,216.00;126.00;126.00;70.00;;7.80;31/07/2025;PAMESA;PAMESA;GRES PORCELNICO;0170020035498;;TECH;CORE;PIEDRA;;POLIVALENTE;BASE;BASE;MATE RECTIFICADO;VARIACION LEVE;;;;;;CLASE 2;R10;;GRUPO BIa;GL Esmaltado;;;NO;;1600-2400 N - 35-45 N/mm2;1;017.002.0164.15766;100X100;CATLOGO PAMESA;;;120;120;7,8;14400;120x120;DUP CORE;IVORY;https://www.pamesa.com/ERP/4.0/empresas/151/045/imagenes/t00010602/0170020035498.jpg
17;2;169;15766;0170020035499;SI;REC.GLASS;120x120(T) DUP CORE PEARL;A;SI;SI;0.0000;TECH04;PAMESA;PAMESA;23/24/02;8429991166854;;8429991773199;M2;2;2.88;24;69.12;49.00;1,216.00;126.00;126.00;70.00;;7.80;31/07/2025;PAMESA;PAMESA;GRES PORCELNICO;0170020035499;;TECH;CORE;PIEDRA;;POLIVALENTE;BASE;BASE;MATE RECTIFICADO;VARIACION LEVE;;;;;;CLASE 2;R10;;GRUPO BIa;GL Esmaltado;;;NO;;1600-2400 N - 35-45 N/mm2;1;017.002.0169.15766;60X120(n);CATLOGO PAMESA;;;120;120;7,8;14400;120x120;DUP CORE;PEARL;https://www.pamesa.com/ERP/4.0/empresas/151/045/imagenes/t00010602/0170020035499.jpg
17;2;285;15766;0170020035500;SI;REC.GLASS;120x120(T) DUP CORE TAUPE;A;SI;SI;0.0000;TECH04;PAMESA;PAMESA;23/24/02;8429991166861;;8429991773199;M2;2;2.88;24;69.12;49.00;1,216.00;126.00;126.00;70.00;;7.80;31/07/2025;PAMESA;PAMESA;GRES PORCELNICO;0170020035500;;TECH;CORE;PIEDRA;;POLIVALENTE;BASE;BASE;MATE RECTIFICADO;VARIACION LEVE;;;;;;CLASE 2;R10;;GRUPO BIa;GL Esmaltado;;;NO;;1600-2400 N - 35-45 N/mm2;1;017.002.0285.15766;60x60;CATLOGO PAMESA;;;120;120;7,8;14400;120x120;DUP CORE;TAUPE;https://www.pamesa.com/ERP/4.0/empresas/151/045/imagenes/t00010602/0170020035500.jpg
17;2;108;15766;0170020035495;SI;REC.GLASS;120x120(T) DUP CORE WHITE;A;SI;SI;0.0000;TECH04;PAMESA;PAMESA;23/24/02;8429991166816;;8429991773199;M2;2;2.88;24;69.12;49.00;1,216.00;126.00;126.00;70.00;;7.80;31/07/2025;PAMESA;PAMESA;GRES PORCELNICO;0170020035495;;TECH;CORE;PIEDRA;;POLIVALENTE;BASE;BASE;MATE RECTIFICADO;VARIACION LEVE;;;;;;CLASE 2;R10;;GRUPO BIa;GL Esmaltado;;;NO;;1600-2400 N - 35-45 N/mm2;1;017.002.0108.15766;30x30(7)Malla;CATLOGO PAMESA;;;120;120;7,8;14400;120x120;DUP CORE;WHITE;https://www.pamesa.com/ERP/4.0/empresas/151/045/imagenes/t00010602/0170020035495.jpg
17;2;7;15758;0170020035358;SI;REC.GLASS;120x120(T) EXT.CORE BEIGE;A;SI;SI;0.0000;TECH12;PAM-ADZ.PAMESA;PAMESA;23/24/02;8429991165796;;8429991773199;M2;2;2.88;24;69.12;49.00;1,216.00;126.00;126.00;70.00;;7.80;30/07/2025;PAMESA;PAMESA;GRES PORCELNICO;0170020035358;;TECH;CORE;PIEDRA;;ANTIDESLIZANTE;BASE;BASE;MATE RECTIFICADO;VARIACION LEVE;;ESTRUCTURANTE;;;;CLASE 3;R11;C;GRUPO BIa;GL Esmaltado;;36 Low;NO;;1600-2400 N - 35-45 N/mm2;1;017.002.0007.15758;60x60;CATLOGO PAMESA;;;120;120;7,8;14400;120x120;EXT.CORE;BEIGE;https://www.pamesa.com/ERP/4.0/empresas/151/045/imagenes/t00010602/0170020035358.jpg
17;2;957;15758;0170020035366;SI;REC.GLASS;120x120(T) EXT.CORE CLAY;A;SI;SI;0.0000;TECH12;PAM-ADZ.PAMESA;PAMESA;23/24/02;8429991165864;;8429991773199;M2;2;2.88;24;69.12;49.00;1,216.00;126.00;126.00;70.00;;7.80;30/07/2025;PAMESA;PAMESA;GRES PORCELNICO;0170020035366;;TECH;CORE;PIEDRA;;ANTIDESLIZANTE;BASE;BASE;MATE RECTIFICADO;VARIACION LEVE;;ESTRUCTURANTE;;;;CLASE 3;R11;C;GRUPO BIa;GL Esmaltado;;36 Low;NO;;1600-2400 N - 35-45 N/mm2;1;017.002.0957.15758;45X45;CATLOGO PAMESA;;;120;120;7,8;14400;120x120;EXT.CORE;CLAY;https://www.pamesa.com/ERP/4.0/empresas/151/045/imagenes/t00010602/0170020035366.jpg
17;2;298;15758;0170020035365;SI;REC.GLASS;120x120(T) EXT.CORE COAL;A;SI;SI;0.0000;TECH12;PAM-ADZ.PAMESA;PAMESA;23/24/02;8429991165857;;8429991773199;M2;2;2.88;24;69.12;49.00;1,216.00;126.00;126.00;70.00;;7.80;30/07/2025;PAMESA;PAMESA;GRES PORCELNICO;0170020035365;;TECH;CORE;PIEDRA;;ANTIDESLIZANTE;BASE;BASE;MATE RECTIFICADO;VARIACION LEVE;;ESTRUCTURANTE;;;;CLASE 3;R11;C;GRUPO BIa;GL Esmaltado;;36 Low;NO;;1600-2400 N - 35-45 N/mm2;1;017.002.0298.15758;60x60;CATLOGO PAMESA;;;120;120;7,8;14400;120x120;EXT.CORE;COAL;https://www.pamesa.com/ERP/4.0/empresas/151/045/imagenes/t00010602/0170020035365.jpg
17;2;161;15758;0170020035360;SI;REC.GLASS;120x120(T) EXT.CORE GREY;A;SI;SI;0.0000;TECH12;PAM-ADZ.PAMESA;PAMESA;23/24/02;8429991165819;;8429991773199;M2;2;2.88;24;69.12;49.00;1,216.00;126.00;126.00;70.00;;7.80;30/07/2025;PAMESA;PAMESA;GRES PORCELNICO;0170020035360;;TECH;CORE;PIEDRA;;ANTIDESLIZANTE;BASE;BASE;MATE RECTIFICADO;VARIACION LEVE;;ESTRUCTURANTE;;;;CLASE 3;R11;C;GRUPO BIa;GL Esmaltado;;36 Low;NO;;1600-2400 N - 35-45 N/mm2;1;017.002.0161.15758;60,8x60,8;CATLOGO PAMESA;;;120;120;7,8;14400;120x120;EXT.CORE;GREY;https://www.pamesa.com/ERP/4.0/empresas/151/045/imagenes/t00010602/0170020035360.jpg
17;2;164;15758;0170020035362;SI;REC.GLASS;120x120(T) EXT.CORE IVORY;A;SI;SI;0.0000;TECH12;PAM-ADZ.PAMESA;PAMESA;23/24/02;8429991165826;;8429991773199;M2;2;2.88;24;69.12;49.00;1,216.00;126.00;126.00;70.00;;7.80;30/07/2025;PAMESA;PAMESA;GRES PORCELNICO;0170020035362;;TECH;CORE;PIEDRA;;ANTIDESLIZANTE;BASE;BASE;MATE RECTIFICADO;VARIACION LEVE;;ESTRUCTURANTE;;;;CLASE 3;R11;C;GRUPO BIa;GL Esmaltado;;36 Low;NO;;1600-2400 N - 35-45 N/mm2;1;017.002.0164.15758;100X100;CATLOGO PAMESA;;;120;120;7,8;14400;120x120;EXT.CORE;IVORY;https://www.pamesa.com/ERP/4.0/empresas/151/045/imagenes/t00010602/0170020035362.jpg
17;2;169;15758;0170020035364;SI;REC.GLASS;120x120(T) EXT.CORE PEARL;A;SI;SI;0.0000;TECH12;PAM-ADZ.PAMESA;PAMESA;23/24/02;8429991165840;;8429991773199;M2;2;2.88;24;69.12;49.00;1,216.00;126.00;126.00;70.00;;7.80;30/07/2025;PAMESA;PAMESA;GRES PORCELNICO;0170020035364;;TECH;CORE;PIEDRA;;ANTIDESLIZANTE;BASE;BASE;MATE RECTIFICADO;VARIACION LEVE;;ESTRUCTURANTE;;;;CLASE 3;R11;C;GRUPO BIa;GL Esmaltado;;36 Low;NO;;1600-2400 N - 35-45 N/mm2;1;017.002.0169.15758;100X100;CATLOGO PAMESA;;;120;120;7,8;14400;120x120;EXT.CORE;PEARL;https://www.pamesa.com/ERP/4.0/empresas/151/045/imagenes/t00010602/0170020035364.jpg
17;2;285;15758;0170020035363;SI;REC.GLASS;120x120(T) EXT.CORE TAUPE;A;SI;SI;0.0000;TECH12;PAM-ADZ.PAMESA;PAMESA;23/24/02;8429991165833;;8429991773199;M2;2;2.88;24;69.12;49.00;1,216.00;126.00;126.00;70.00;;7.80;30/07/2025;PAMESA;PAMESA;GRES PORCELNICO;0170020035363;;TECH;CORE;PIEDRA;;ANTIDESLIZANTE;BASE;BASE;MATE RECTIFICADO;VARIACION LEVE;;ESTRUCTURANTE;;;;CLASE 3;R11;C;GRUPO BIa;GL Esmaltado;;36 Low;NO;;1600-2400 N - 35-45 N/mm2;1;017.002.0285.15758;60X120(n);CATLOGO PAMESA;;;120;120;7,8;14400;120x120;EXT.CORE;TAUPE;https://www.pamesa.com/ERP/4.0/empresas/151/045/imagenes/t00010602/0170020035363.jpg
17;2;108;15758;0170020035359;SI;REC.GLASS;120x120(T) EXT.CORE WHITE;A;SI;SI;0.0000;TECH12;PAM-ADZ.PAMESA;PAMESA;23/24/02;8429991165802;;8429991773199;M2;2;2.88;24;69.12;49.00;1,216.00;126.00;126.00;70.00;;7.80;30/07/2025;PAMESA;PAMESA;GRES PORCELNICO;0170020035359;;TECH;CORE;PIEDRA;;ANTIDESLIZANTE;BASE;BASE;MATE RECTIFICADO;VARIACION LEVE;;ESTRUCTURANTE;;;;CLASE 3;R11;C;GRUPO BIa;GL Esmaltado;;36 Low;NO;;1600-2400 N - 35-45 N/mm2;1;017.002.0108.15758;30x30(7)Malla;CATLOGO PAMESA;;;120;120;7,8;14400;120x120;EXT.CORE;WHITE;https://www.pamesa.com/ERP/4.0/empresas/151/045/imagenes/t00010602/0170020035359.jpg
96;22;7;15481;0960220037274;SI;CG.REC.MATE CEPILLADO;60X120(T)C CORE BEIGE;A;SI;SI;0.0000;TECH03;PAMESA;PAMESA;24/40/02;8429991159207;;8429991773199;M2;2;1.44;40;57.60;27.00;1,110.00;122.00;84.00;73.50;;7.80;18/09/2025;PAMESA;PAMESA;GRES PORCELNICO;0960220037274;;TECH;CORE;PIEDRA;;POLIVALENTE;;BASE;;;;ESTRUCTURANTE;;;;CLASE 1;R9;;GRUPO BIa;GL Esmaltado;;;NO;;;1;096.022.0007.15481;60X120 RF;;;;60;120;7,8;7200;60x120;CORE;BEIGE;https://www.pamesa.com/ERP/4.0/empresas/151/045/imagenes/t00010602/0960220037274.jpg
96;22;957;15481;0960220037276;SI;CG.REC.MATE CEPILLADO;60X120(T)C CORE CLAY;A;SI;SI;0.0000;TECH03;PAMESA;PAMESA;24/40/02;8429991159535;;8429991773199;M2;2;1.44;40;57.60;27.00;1,110.00;122.00;84.00;73.50;;7.80;18/09/2025;PAMESA;PAMESA;GRES PORCELNICO;0960220037276;;TECH;CORE;PIEDRA;;POLIVALENTE;;BASE;;;;ESTRUCTURANTE;;;;CLASE 1;R9;;GRUPO BIa;GL Esmaltado;;;NO;;;1;096.022.0957.15481;60X120(n);;;;60;120;7,8;7200;60x120;CORE;CLAY;https://www.pamesa.com/ERP/4.0/empresas/151/045/imagenes/t00010602/0960220037276.jpg
96;22;298;15481;0960220037280;SI;CG.REC.MATE CEPILLADO;60X120(T)C CORE COAL;A;SI;SI;0.0000;TECH03;PAMESA;PAMESA;24/40/02;8429991159474;;8429991773199;M2;2;1.44;40;57.60;27.00;1,110.00;122.00;84.00;73.50;;7.80;18/09/2025;PAMESA;PAMESA;GRES PORCELNICO;0960220037280;;TECH;CORE;PIEDRA;;POLIVALENTE;;BASE;;;;ESTRUCTURANTE;;;;CLASE 1;R9;;GRUPO BIa;GL Esmaltado;;;NO;;;1;096.022.0298.15481;60X120(n);;;;60;120;7,8;7200;60x120;CORE;COAL;https://www.pamesa.com/ERP/4.0/empresas/151/045/imagenes/t00010602/0960220037280.jpg
96;22;161;15481;0960220037273;SI;CG.REC.MATE CEPILLADO;60X120(T)C CORE GREY;A;SI;SI;0.0000;TECH03;PAMESA;PAMESA;24/40/02;8429991159337;;8429991773199;M2;2;1.44;40;57.60;27.00;1,110.00;122.00;84.00;73.50;;7.80;18/09/2025;PAMESA;PAMESA;GRES PORCELNICO;0960220037273;;TECH;CORE;PIEDRA;;POLIVALENTE;;BASE;;;;ESTRUCTURANTE;;;;CLASE 1;R9;;GRUPO BIa;GL Esmaltado;;;NO;;;1;096.022.0161.15481;60X120(n);;;;60;120;7,8;7200;60x120;CORE;GREY;https://www.pamesa.com/ERP/4.0/empresas/151/045/imagenes/t00010602/0960220037273.jpg
96;22;164;15481;0960220037275;SI;CG.REC.MATE CEPILLADO;60X120(T)C CORE IVORY;A;SI;SI;0.0000;TECH03;PAMESA;PAMESA;24/40/02;8429991159160;;8429991773199;M2;2;1.44;40;57.60;27.00;1,110.00;122.00;84.00;73.50;;7.80;18/09/2025;PAMESA;PAMESA;GRES PORCELNICO;0960220037275;;TECH;CORE;PIEDRA;;POLIVALENTE;;BASE;;;;ESTRUCTURANTE;;;;CLASE 1;R9;;GRUPO BIa;GL Esmaltado;;;NO;;;1;096.022.0164.15481;60X120(n);;;;60;120;7,8;7200;60x120;CORE;IVORY;https://www.pamesa.com/ERP/4.0/empresas/151/045/imagenes/t00010602/0960220037275.jpg
17;696;169;15481;0176960039379;SI;REC.GLASS;60x120(N)20MM CORE PEARL;A;SI;SI;0.0000;2CM04;PAMESA.C.P;PAMESA;30/22/01 S/C;8429991184452;;;M2;1;0.72;33;23.76;29.30;991.90;126.00;70.00;75.00;;20.00;08/10/2025;PAMESA;PAMESA;GRES PORCELNICO;0176960039379;;TECH;CORE;PIEDRA;;ANTIDESLIZANTE;;BASE;;;;NO;;;;CLASE 3;R11;C;GRUPO BIa;GL Esmaltado;;36 Low;NO;;;1;017.696.0169.15481;30X30 (5)MALLA;CATLOGO PAMESA;;;60;120;20;7200;60x120;CORE;PEARL;https://www.pamesa.com/ERP/4.0/empresas/151/045/imagenes/t00010602/0176960039379.jpg
96;22;169;15481;0960220037278;SI;CG.REC.MATE CEPILLADO;60X120(T)C CORE PEARL;A;SI;SI;0.0000;TECH03;PAMESA;PAMESA;24/40/02;8429991159283;;8429991773199;M2;2;1.44;40;57.60;27.00;1,110.00;122.00;84.00;73.50;;7.80;18/09/2025;PAMESA;PAMESA;GRES PORCELNICO;0960220037278;;TECH;CORE;PIEDRA;;POLIVALENTE;;BASE;;;;ESTRUCTURANTE;;;;CLASE 1;R9;;GRUPO BIa;GL Esmaltado;;;NO;;;1;096.022.0169.15481;60X120(n);;;;60;120;7,8;7200;60x120;CORE;PEARL;https://www.pamesa.com/ERP/4.0/empresas/151/045/imagenes/t00010602/0960220037278.jpg
17;696;285;15481;0176960039380;SI;REC.GLASS;60x120(N)20MM CORE TAUPE;A;SI;SI;0.0000;2CM04;PAMESA.C.P;PAMESA;30/22/01 S/C;8429991184469;;;M2;1;0.72;33;23.76;29.30;991.90;126.00;70.00;75.00;;20.00;08/10/2025;PAMESA;PAMESA;GRES PORCELNICO;0176960039380;;TECH;CORE;PIEDRA;;ANTIDESLIZANTE;;BASE;;;;NO;;;;CLASE 3;R11;C;GRUPO BIa;GL Esmaltado;;36 Low;NO;;;1;017.696.0285.15481;120X120;CATLOGO PAMESA;;;60;120;20;7200;60x120;CORE;TAUPE;https://www.pamesa.com/ERP/4.0/empresas/151/045/imagenes/t00010602/0176960039380.jpg
96;22;285;15481;0960220037279;SI;CG.REC.MATE CEPILLADO;60X120(T)C CORE TAUPE;A;SI;SI;0.0000;TECH03;PAMESA;PAMESA;24/40/02;8429991159412;;8429991773199;M2;2;1.44;40;57.60;27.00;1,110.00;122.00;84.00;73.50;;7.80;18/09/2025;PAMESA;PAMESA;GRES PORCELNICO;0960220037279;;TECH;CORE;PIEDRA;;POLIVALENTE;;BASE;;;;ESTRUCTURANTE;;;;CLASE 1;R9;;GRUPO BIa;GL Esmaltado;;;NO;;;1;096.022.0285.15481;60X120(n);;;;60;120;7,8;7200;60x120;CORE;TAUPE;https://www.pamesa.com/ERP/4.0/empresas/151/045/imagenes/t00010602/0960220037279.jpg
96;22;108;15481;0960220037272;SI;CG.REC.MATE CEPILLADO;60X120(T)C CORE WHITE;A;SI;SI;0.0000;TECH03;PAMESA;PAMESA;24/40/02;8429991159108;;8429991773199;M2;2;1.44;40;57.60;27.00;1,110.00;122.00;84.00;73.50;;7.80;18/09/2025;PAMESA;PAMESA;GRES PORCELNICO;0960220037272;;TECH;CORE;PIEDRA;;POLIVALENTE;;BASE;;;;ESTRUCTURANTE;;;;CLASE 1;R9;;GRUPO BIa;GL Esmaltado;;;NO;;;1;096.022.0108.15481;60X120(n);;;;60;120;7,8;7200;60x120;CORE;WHITE;https://www.pamesa.com/ERP/4.0/empresas/151/045/imagenes/t00010602/0960220037272.jpg
17;22;7;15766;0170220035475;SI;REC.GLASS;60X120(T)C DUP CORE BEIGE;A;SI;SI;0.0000;TECH03;PAMESA;PAMESA;24/40/02;8429991166731;;8429991773199;M2;2;1.44;40;57.60;27.00;1,110.00;122.00;84.00;73.50;;7.80;31/07/2025;PAMESA;PAMESA;GRES PORCELNICO;0170220035475;;TECH;CORE;PIEDRA;;POLIVALENTE;BASE;BASE;MATE RECTIFICADO;VARIACION LEVE;;;;;;CLASE 2;R10;;GRUPO BIa;GL Esmaltado;;;NO;;1600-2400 N - 35-45 N/mm2;1;017.022.0007.15766;60x60;CATLOGO PAMESA;;;60;120;7,8;7200;60x120;DUP CORE;BEIGE;https://www.pamesa.com/ERP/4.0/empresas/151/045/imagenes/t00010602/0170220035475.jpg
17;22;957;15766;0170220035483;SI;REC.GLASS;60X120(T)C DUP CORE CLAY;A;SI;SI;0.0000;TECH03;PAMESA;PAMESA;24/40/02;8429991166809;;8429991773199;M2;2;1.44;40;57.60;27.00;1,110.00;122.00;84.00;73.50;;7.80;31/07/2025;PAMESA;PAMESA;GRES PORCELNICO;0170220035483;;TECH;CORE;PIEDRA;;POLIVALENTE;BASE;BASE;MATE RECTIFICADO;VARIACION LEVE;;;;;;CLASE 2;R10;;GRUPO BIa;GL Esmaltado;;;NO;;1600-2400 N - 35-45 N/mm2;1;017.022.0957.15766;60,8x60,8;CATLOGO PAMESA;;;60;120;7,8;7200;60x120;DUP CORE;CLAY;https://www.pamesa.com/ERP/4.0/empresas/151/045/imagenes/t00010602/0170220035483.jpg
17;22;298;15766;0170220035482;SI;REC.GLASS;60X120(T)C DUP CORE COAL;A;SI;SI;0.0000;TECH03;PAMESA;PAMESA;24/40/02;8429991166793;;8429991773199;M2;2;1.44;40;57.60;27.00;1,110.00;122.00;84.00;73.50;;7.80;31/07/2025;PAMESA;PAMESA;GRES PORCELNICO;0170220035482;;TECH;CORE;PIEDRA;;POLIVALENTE;BASE;BASE;MATE RECTIFICADO;VARIACION LEVE;;;;;;CLASE 2;R10;;GRUPO BIa;GL Esmaltado;;;NO;;1600-2400 N - 35-45 N/mm2;1;017.022.0298.15766;60x60;CATLOGO PAMESA;;;60;120;7,8;7200;60x120;DUP CORE;COAL;https://www.pamesa.com/ERP/4.0/empresas/151/045/imagenes/t00010602/0170220035482.jpg
17;22;161;15766;0170220035477;SI;REC.GLASS;60X120(T)C DUP CORE GREY;A;SI;SI;0.0000;TECH03;PAMESA;PAMESA;24/40/02;8429991166755;;8429991773199;M2;2;1.44;40;57.60;27.00;1,110.00;122.00;84.00;73.50;;7.80;31/07/2025;PAMESA;PAMESA;GRES PORCELNICO;0170220035477;;TECH;CORE;PIEDRA;;POLIVALENTE;BASE;BASE;MATE RECTIFICADO;VARIACION LEVE;;;;;;CLASE 2;R10;;GRUPO BIa;GL Esmaltado;;;NO;;1600-2400 N - 35-45 N/mm2;1;017.022.0161.15766;30x30(7)Malla;CATLOGO PAMESA;;;60;120;7,8;7200;60x120;DUP CORE;GREY;https://www.pamesa.com/ERP/4.0/empresas/151/045/imagenes/t00010602/0170220035477.jpg
17;22;164;15766;0170220035478;SI;REC.GLASS;60X120(T)C DUP CORE IVORY;A;SI;SI;0.0000;TECH03;PAMESA;PAMESA;24/40/02;8429991166762;;8429991773199;M2;2;1.44;40;57.60;27.00;1,110.00;122.00;84.00;73.50;;7.80;31/07/2025;PAMESA;PAMESA;GRES PORCELNICO;0170220035478;;TECH;CORE;PIEDRA;;POLIVALENTE;BASE;BASE;MATE RECTIFICADO;VARIACION LEVE;;;;;;CLASE 2;R10;;GRUPO BIa;GL Esmaltado;;;NO;;1600-2400 N - 35-45 N/mm2;1;017.022.0164.15766;30x30(7)Malla;CATLOGO PAMESA;;;60;120;7,8;7200;60x120;DUP CORE;IVORY;https://www.pamesa.com/ERP/4.0/empresas/151/045/imagenes/t00010602/0170220035478.jpg
17;22;169;15766;0170220035479;SI;REC.GLASS;60X120(T)C DUP CORE PEARL;A;SI;SI;0.0000;TECH03;PAMESA;PAMESA;24/40/02;8429991166779;;8429991773199;M2;2;1.44;40;57.60;27.00;1,110.00;122.00;84.00;73.50;;7.80;31/07/2025;PAMESA;PAMESA;GRES PORCELNICO;0170220035479;;TECH;CORE;PIEDRA;;POLIVALENTE;BASE;BASE;MATE RECTIFICADO;VARIACION LEVE;;;;;;CLASE 2;R10;;GRUPO BIa;GL Esmaltado;;;NO;;1600-2400 N - 35-45 N/mm2;1;017.022.0169.15766;60x60;CATLOGO PAMESA;;;60;120;7,8;7200;60x120;DUP CORE;PEARL;https://www.pamesa.com/ERP/4.0/empresas/151/045/imagenes/t00010602/0170220035479.jpg
17;22;285;15766;0170220035481;SI;REC.GLASS;60X120(T)C DUP CORE TAUPE;A;SI;SI;0.0000;TECH03;PAMESA;PAMESA;24/40/02;8429991166786;;8429991773199;M2;2;1.44;40;57.60;27.00;1,110.00;122.00;84.00;73.50;;7.80;31/07/2025;PAMESA;PAMESA;GRES PORCELNICO;0170220035481;;TECH;CORE;PIEDRA;;POLIVALENTE;BASE;BASE;MATE RECTIFICADO;VARIACION LEVE;;;;;;CLASE 2;R10;;GRUPO BIa;GL Esmaltado;;;NO;;1600-2400 N - 35-45 N/mm2;1;017.022.0285.15766;60X90(N)20MM;CATLOGO PAMESA;;;60;120;7,8;7200;60x120;DUP CORE;TAUPE;https://www.pamesa.com/ERP/4.0/empresas/151/045/imagenes/t00010602/0170220035481.jpg
17;22;108;15766;0170220035476;SI;REC.GLASS;60X120(T)C DUP CORE WHITE;A;SI;SI;0.0000;TECH03;PAMESA;PAMESA;24/40/02;8429991166748;;8429991773199;M2;2;1.44;40;57.60;27.00;1,110.00;122.00;84.00;73.50;;7.80;31/07/2025;PAMESA;PAMESA;GRES PORCELNICO;0170220035476;;TECH;CORE;PIEDRA;;POLIVALENTE;BASE;BASE;MATE RECTIFICADO;VARIACION LEVE;;;;;;CLASE 2;R10;;GRUPO BIa;GL Esmaltado;;;NO;;1600-2400 N - 35-45 N/mm2;1;017.022.0108.15766;30x60 (C);CATLOGO PAMESA;;;60;120;7,8;7200;60x120;DUP CORE;WHITE;https://www.pamesa.com/ERP/4.0/empresas/151/045/imagenes/t00010602/0170220035476.jpg
17;22;7;15758;0170220035385;SI;REC.GLASS;60X120(T)C EXT.CORE BEIGE;A;SI;SI;0.0000;TECH11;PAM-ADZ.PAMESA;PAMESA;24/40/02;8429991166038;;8429991773199;M2;2;1.44;40;57.60;27.00;1,110.00;122.00;84.00;73.50;;7.80;30/07/2025;PAMESA;PAMESA;GRES PORCELNICO;0170220035385;;TECH;CORE;PIEDRA;;ANTIDESLIZANTE;BASE;BASE;MATE RECTIFICADO;VARIACION LEVE;;ESTRUCTURANTE;;;;CLASE 3;R11;C;GRUPO BIa;GL Esmaltado;;36 Low;NO;;1600-2400 N - 35-45 N/mm2;1;017.022.0007.15758;60x60;CATLOGO PAMESA;;;60;120;7,8;7200;60x120;EXT.CORE;BEIGE;https://www.pamesa.com/ERP/4.0/empresas/151/045/imagenes/t00010602/0170220035385.jpg
17;22;957;15758;0170220035392;SI;REC.GLASS;60X120(T)C EXT.CORE CLAY;A;SI;SI;0.0000;TECH11;PAM-ADZ.PAMESA;PAMESA;24/40/02;8429991166113;;8429991773199;M2;2;1.44;40;57.60;27.00;1,110.00;122.00;84.00;73.50;;7.80;30/07/2025;PAMESA;PAMESA;GRES PORCELNICO;0170220035392;;TECH;CORE;PIEDRA;;ANTIDESLIZANTE;BASE;BASE;MATE RECTIFICADO;VARIACION LEVE;;ESTRUCTURANTE;;;;CLASE 3;R11;C;GRUPO BIa;GL Esmaltado;;36 Low;NO;;1600-2400 N - 35-45 N/mm2;1;017.022.0957.15758;60x60;CATLOGO PAMESA;;;60;120;7,8;7200;60x120;EXT.CORE;CLAY;https://www.pamesa.com/ERP/4.0/empresas/151/045/imagenes/t00010602/0170220035392.jpg
17;22;298;15758;0170220035391;SI;REC.GLASS;60X120(T)C EXT.CORE COAL;A;SI;SI;0.0000;TECH11;PAM-ADZ.PAMESA;PAMESA;24/40/02;8429991166106;;8429991773199;M2;2;1.44;40;57.60;27.00;1,110.00;122.00;84.00;73.50;;7.80;30/07/2025;PAMESA;PAMESA;GRES PORCELNICO;0170220035391;;TECH;CORE;PIEDRA;;ANTIDESLIZANTE;BASE;BASE;MATE RECTIFICADO;VARIACION LEVE;;ESTRUCTURANTE;;;;CLASE 3;R11;C;GRUPO BIa;GL Esmaltado;;36 Low;NO;;1600-2400 N - 35-45 N/mm2;1;017.022.0298.15758;60x60;CATLOGO PAMESA;;;60;120;7,8;7200;60x120;EXT.CORE;COAL;https://www.pamesa.com/ERP/4.0/empresas/151/045/imagenes/t00010602/0170220035391.jpg
17;22;161;15758;0170220035387;SI;REC.GLASS;60X120(T)C EXT.CORE GREY;A;SI;SI;0.0000;TECH11;PAM-ADZ.PAMESA;PAMESA;24/40/02;8429991166069;;8429991773199;M2;2;1.44;40;57.60;27.00;1,110.00;122.00;84.00;73.50;;7.80;30/07/2025;PAMESA;PAMESA;GRES PORCELNICO;0170220035387;;TECH;CORE;PIEDRA;;ANTIDESLIZANTE;BASE;BASE;MATE RECTIFICADO;VARIACION LEVE;;ESTRUCTURANTE;;;;CLASE 3;R11;C;GRUPO BIa;GL Esmaltado;;36 Low;NO;;1600-2400 N - 35-45 N/mm2;1;017.022.0161.15758;30x60 (C);CATLOGO PAMESA;;;60;120;7,8;7200;60x120;EXT.CORE;GREY;https://www.pamesa.com/ERP/4.0/empresas/151/045/imagenes/t00010602/0170220035387.jpg
17;22;164;15758;0170220035388;SI;REC.GLASS;60X120(T)C EXT.CORE IVORY;A;SI;SI;0.0000;TECH11;PAM-ADZ.PAMESA;PAMESA;24/40/02;8429991166076;;8429991773199;M2;2;1.44;40;57.60;27.00;1,110.00;122.00;84.00;73.50;;7.80;30/07/2025;PAMESA;PAMESA;GRES PORCELNICO;0170220035388;;TECH;CORE;PIEDRA;;ANTIDESLIZANTE;BASE;BASE;MATE RECTIFICADO;VARIACION LEVE;;ESTRUCTURANTE;;;;CLASE 3;R11;C;GRUPO BIa;GL Esmaltado;;36 Low;NO;;1600-2400 N - 35-45 N/mm2;1;017.022.0164.15758;30x30(7)Malla;CATLOGO PAMESA;;;60;120;7,8;7200;60x120;EXT.CORE;IVORY;https://www.pamesa.com/ERP/4.0/empresas/151/045/imagenes/t00010602/0170220035388.jpg
17;22;169;15758;0170220035389;SI;REC.GLASS;60X120(T)C EXT.CORE PEARL;A;SI;SI;0.0000;TECH11;PAM-ADZ.PAMESA;PAMESA;24/40/02;8429991166083;;8429991773199;M2;2;1.44;40;57.60;27.00;1,110.00;122.00;84.00;73.50;;7.80;30/07/2025;PAMESA;PAMESA;GRES PORCELNICO;0170220035389;;TECH;CORE;PIEDRA;;ANTIDESLIZANTE;BASE;BASE;MATE RECTIFICADO;VARIACION LEVE;;ESTRUCTURANTE;;;;CLASE 3;R11;C;GRUPO BIa;GL Esmaltado;;36 Low;NO;;1600-2400 N - 35-45 N/mm2;1;017.022.0169.15758;60x60;CATLOGO PAMESA;;;60;120;7,8;7200;60x120;EXT.CORE;PEARL;https://www.pamesa.com/ERP/4.0/empresas/151/045/imagenes/t00010602/0170220035389.jpg
17;22;285;15758;0170220035390;SI;REC.GLASS;60X120(T)C EXT.CORE TAUPE;A;SI;SI;0.0000;TECH11;PAM-ADZ.PAMESA;PAMESA;24/40/02;8429991166090;;8429991773199;M2;2;1.44;40;57.60;27.00;1,110.00;122.00;84.00;73.50;;7.80;30/07/2025;PAMESA;PAMESA;GRES PORCELNICO;0170220035390;;TECH;CORE;PIEDRA;;ANTIDESLIZANTE;BASE;BASE;MATE RECTIFICADO;VARIACION LEVE;;ESTRUCTURANTE;;;;CLASE 3;R11;C;GRUPO BIa;GL Esmaltado;;36 Low;NO;;1600-2400 N - 35-45 N/mm2;1;017.022.0285.15758;60X90(N)20MM;CATLOGO PAMESA;;;60;120;7,8;7200;60x120;EXT.CORE;TAUPE;https://www.pamesa.com/ERP/4.0/empresas/151/045/imagenes/t00010602/0170220035390.jpg
17;22;108;15758;0170220035386;SI;REC.GLASS;60X120(T)C EXT.CORE WHITE;A;SI;SI;0.0000;TECH11;PAM-ADZ.PAMESA;PAMESA;24/40/02;8429991166045;;8429991773199;M2;2;1.44;40;57.60;27.00;1,110.00;122.00;84.00;73.50;;7.80;30/07/2025;PAMESA;PAMESA;GRES PORCELNICO;0170220035386;;TECH;CORE;PIEDRA;;ANTIDESLIZANTE;BASE;BASE;MATE RECTIFICADO;VARIACION LEVE;;ESTRUCTURANTE;;;;CLASE 3;R11;C;GRUPO BIa;GL Esmaltado;;36 Low;NO;;1600-2400 N - 35-45 N/mm2;1;017.022.0108.15758;60X60N(20MM);CATLOGO PAMESA;;;60;120;7,8;7200;60x120;EXT.CORE;WHITE;https://www.pamesa.com/ERP/4.0/empresas/151/045/imagenes/t00010602/0170220035386.jpg
17;986;169;15481;0179860039387;SI;REC.GLASS;60x90(N)20mm CORE PEARL;A;SI;SI;0.0000;2CM02;PAMESA;PAMESA;G/22/02;8429991184490;;8429991773199;M2;2;1.08;22;23.76;45.00;1,015.00;105.00;95.00;75.00;;20.00;08/10/2025;PAMESA;PAMESA;GRES PORCELNICO;0179860039387;;TECH;CORE;PIEDRA;;ANTIDESLIZANTE;BASE;BASE;MATE RECTIFICADO;VARIACION LEVE;;NO;;;;CLASE 3;R11;C;GRUPO BIa;GL Esmaltado;;36 Low;NO;;>10000 N - 35-45 N/mm2;1;017.986.0169.15481;120X280(6MM);CATLOGO PAMESA;;;60;90;20;5400;60x90;CORE;PEARL;https://www.pamesa.com/ERP/4.0/empresas/151/045/imagenes/t00010602/0179860039387.jpg
17;986;285;15481;0179860039388;SI;REC.GLASS;60x90(N)20mm CORE TAUPE;A;SI;SI;0.0000;2CM02;PAMESA;PAMESA;G/22/02;8429991184506;;8429991773199;M2;2;1.08;22;23.76;45.00;1,015.00;105.00;95.00;75.00;;20.00;08/10/2025;PAMESA;PAMESA;GRES PORCELNICO;0179860039388;;TECH;CORE;PIEDRA;;ANTIDESLIZANTE;BASE;BASE;MATE RECTIFICADO;VARIACION LEVE;;NO;;;;CLASE 3;R11;C;GRUPO BIa;GL Esmaltado;;36 Low;NO;;>10000 N - 35-45 N/mm2;1;017.986.0285.15481;160X160;CATLOGO PAMESA;;;60;90;20;5400;60x90;CORE;TAUPE;https://www.pamesa.com/ERP/4.0/empresas/151/045/imagenes/t00010602/0179860039388.jpg
96;17;7;15481;0960170037255;SI;CG.REC.MATE CEPILLADO;60X60(T)C CORE BEIGE;A;SI;SI;0.0000;TECH02;PAMESA;PAMESA;F/40/04;8429991159191;;8429991773199;M2;4;1.44;40;57.60;27.00;1,100.00;120.00;80.00;73.50;;7.80;18/09/2025;PAMESA;PAMESA;GRES PORCELNICO;0960170037255;;TECH;CORE;PIEDRA;;POLIVALENTE;;BASE;;;;ESTRUCTURANTE;;;;CLASE 1;R9;;GRUPO BIa;GL Esmaltado;;;NO;;;1;096.017.0007.15481;120X120;;;;60;60;7,8;3600;60x60;CORE;BEIGE;https://www.pamesa.com/ERP/4.0/empresas/151/045/imagenes/t00010602/0960170037255.jpg
96;17;957;15481;0960170037257;SI;CG.REC.MATE CEPILLADO;60X60(T)C CORE CLAY;A;SI;SI;0.0000;TECH02;PAMESA;PAMESA;F/40/04;8429991159511;;8429991773199;M2;4;1.44;40;57.60;27.00;1,100.00;120.00;80.00;73.50;;7.80;18/09/2025;PAMESA;PAMESA;GRES PORCELNICO;0960170037257;;TECH;CORE;PIEDRA;;POLIVALENTE;;BASE;;;;ESTRUCTURANTE;;;;CLASE 1;R9;;GRUPO BIa;GL Esmaltado;;;NO;;;1;096.017.0957.15481;120X120;;;;60;60;7,8;3600;60x60;CORE;CLAY;https://www.pamesa.com/ERP/4.0/empresas/151/045/imagenes/t00010602/0960170037257.jpg
96;17;298;15481;0960170037261;SI;CG.REC.MATE CEPILLADO;60X60(T)C CORE COAL;A;SI;SI;0.0000;TECH02;PAMESA;PAMESA;F/40/04;8429991159450;;8429991773199;M2;4;1.44;40;57.60;27.00;1,100.00;120.00;80.00;73.50;;7.80;18/09/2025;PAMESA;PAMESA;GRES PORCELNICO;0960170037261;;TECH;CORE;PIEDRA;;POLIVALENTE;;BASE;;;;ESTRUCTURANTE;;;;CLASE 1;R9;;GRUPO BIa;GL Esmaltado;;;NO;;;1;096.017.0298.15481;120X120;;;;60;60;7,8;3600;60x60;CORE;COAL;https://www.pamesa.com/ERP/4.0/empresas/151/045/imagenes/t00010602/0960170037261.jpg
96;17;161;15481;0960170037254;SI;CG.REC.MATE CEPILLADO;60X60(T)C CORE GREY;A;SI;SI;0.0000;TECH02;PAMESA;PAMESA;F/40/04;8429991159320;;8429991773199;M2;4;1.44;40;57.60;27.00;1,100.00;120.00;80.00;73.50;;7.80;18/09/2025;PAMESA;PAMESA;GRES PORCELNICO;0960170037254;;TECH;CORE;PIEDRA;;POLIVALENTE;;BASE;;;;ESTRUCTURANTE;;;;CLASE 1;R9;;GRUPO BIa;GL Esmaltado;;;NO;;;1;096.017.0161.15481;120X120;;;;60;60;7,8;3600;60x60;CORE;GREY;https://www.pamesa.com/ERP/4.0/empresas/151/045/imagenes/t00010602/0960170037254.jpg
96;17;164;15481;0960170037256;SI;CG.REC.MATE CEPILLADO;60X60(T)C CORE IVORY;A;SI;SI;0.0000;TECH02;PAMESA;PAMESA;F/40/04;8429991159184;;8429991773199;M2;4;1.44;40;57.60;27.00;1,100.00;120.00;80.00;73.50;;7.80;18/09/2025;PAMESA;PAMESA;GRES PORCELNICO;0960170037256;;TECH;CORE;PIEDRA;;POLIVALENTE;;BASE;;;;ESTRUCTURANTE;;;;CLASE 1;R9;;GRUPO BIa;GL Esmaltado;;;NO;;;1;096.017.0164.15481;120X120;;;;60;60;7,8;3600;60x60;CORE;IVORY;https://www.pamesa.com/ERP/4.0/empresas/151/045/imagenes/t00010602/0960170037256.jpg
17;785;169;15481;0177850039383;SI;REC.GLASS;60x60N(20mm) CORE PEARL;A;SI;SI;0.0000;2CM01;PAMESA;PAMESA;F/30/02;8429991184476;;8429991773199;M2;2;0.72;30;21.60;28.50;875.00;120.00;80.00;73.50;;20.00;08/10/2025;PAMESA;PAMESA;GRES PORCELNICO;0177850039383;;TECH;CORE;PIEDRA;;ANTIDESLIZANTE;BASE;BASE;MATE RECTIFICADO;VARIACION LEVE;;NO;;;;CLASE 3;R11;C;GRUPO BIa;GL Esmaltado;;36 Low;NO;;;1;017.785.0169.15481;30x30(7)Malla;CATLOGO PAMESA;;;60;60;20;3600;60x60;CORE;PEARL;https://www.pamesa.com/ERP/4.0/empresas/151/045/imagenes/t00010602/0177850039383.jpg
96;17;169;15481;0960170037259;SI;CG.REC.MATE CEPILLADO;60X60(T)C CORE PEARL;A;SI;SI;0.0000;TECH02;PAMESA;PAMESA;F/40/04;8429991159269;;8429991773199;M2;4;1.44;40;57.60;27.00;1,100.00;120.00;80.00;73.50;;7.80;18/09/2025;PAMESA;PAMESA;GRES PORCELNICO;0960170037259;;TECH;CORE;PIEDRA;;POLIVALENTE;;BASE;;;;ESTRUCTURANTE;;;;CLASE 1;R9;;GRUPO BIa;GL Esmaltado;;;NO;;;1;096.017.0169.15481;120X120;;;;60;60;7,8;3600;60x60;CORE;PEARL;https://www.pamesa.com/ERP/4.0/empresas/151/045/imagenes/t00010602/0960170037259.jpg
17;785;285;15481;0177850039384;SI;REC.GLASS;60x60N(20mm) CORE TAUPE;A;SI;SI;0.0000;2CM01;PAMESA;PAMESA;F/30/02;8429991184483;;8429991773199;M2;2;0.72;30;21.60;28.50;875.00;120.00;80.00;73.50;;20.00;08/10/2025;PAMESA;PAMESA;GRES PORCELNICO;0177850039384;;TECH;CORE;PIEDRA;;ANTIDESLIZANTE;BASE;BASE;MATE RECTIFICADO;VARIACION LEVE;;NO;;;;CLASE 3;R11;C;GRUPO BIa;GL Esmaltado;;36 Low;NO;;;1;017.785.0285.15481;120X120;CATLOGO PAMESA;;;60;60;20;3600;60x60;CORE;TAUPE;https://www.pamesa.com/ERP/4.0/empresas/151/045/imagenes/t00010602/0177850039384.jpg
96;17;285;15481;0960170037260;SI;CG.REC.MATE CEPILLADO;60X60(T)C CORE TAUPE;A;SI;SI;0.0000;TECH02;PAMESA;PAMESA;F/40/04;8429991159399;;8429991773199;M2;4;1.44;40;57.60;27.00;1,100.00;120.00;80.00;73.50;;7.80;18/09/2025;PAMESA;PAMESA;GRES PORCELNICO;0960170037260;;TECH;CORE;PIEDRA;;POLIVALENTE;;BASE;;;;ESTRUCTURANTE;;;;CLASE 1;R9;;GRUPO BIa;GL Esmaltado;;;NO;;;1;096.017.0285.15481;120X120;;;;60;60;7,8;3600;60x60;CORE;TAUPE;https://www.pamesa.com/ERP/4.0/empresas/151/045/imagenes/t00010602/0960170037260.jpg
96;17;108;15481;0960170037253;SI;CG.REC.MATE CEPILLADO;60X60(T)C CORE WHITE;A;SI;SI;0.0000;TECH02;PAMESA;PAMESA;F/40/04;8429991159115;;8429991773199;M2;4;1.44;40;57.60;27.00;1,100.00;120.00;80.00;73.50;;7.80;18/09/2025;PAMESA;PAMESA;GRES PORCELNICO;0960170037253;;TECH;CORE;PIEDRA;;POLIVALENTE;;BASE;;;;ESTRUCTURANTE;;;;CLASE 1;R9;;GRUPO BIa;GL Esmaltado;;;NO;;;1;096.017.0108.15481;120X120;;;;60;60;7,8;3600;60x60;CORE;WHITE;https://www.pamesa.com/ERP/4.0/empresas/151/045/imagenes/t00010602/0960170037253.jpg
17;17;7;15766;0170170035456;SI;REC.GLASS;60X60(T)C DUP CORE BEIGE;A;SI;SI;0.0000;TECH02;PAMESA;PAMESA;F/40/04;8429991166571;;8429991773199;M2;4;1.44;40;57.60;27.00;1,100.00;120.00;80.00;73.50;;7.80;31/07/2025;PAMESA;PAMESA;GRES PORCELNICO;0170170035456;;TECH;CORE;PIEDRA;;POLIVALENTE;BASE;BASE;MATE RECTIFICADO;VARIACION LEVE;;;;;;CLASE 2;R10;;GRUPO BIa;GL Esmaltado;;;NO;;1600-2400 N - 35-45 N/mm2;1;017.017.0007.15766;60x60;CATLOGO PAMESA;;;60;60;7,8;3600;60x60;DUP CORE;BEIGE;https://www.pamesa.com/ERP/4.0/empresas/151/045/imagenes/t00010602/0170170035456.jpg
17;17;957;15766;0170170035465;SI;REC.GLASS;60X60(T)C DUP CORE CLAY;A;SI;SI;0.0000;TECH02;PAMESA;PAMESA;F/40/04;8429991166649;;8429991773199;M2;4;1.44;40;57.60;27.00;1,100.00;120.00;80.00;73.50;;7.80;31/07/2025;PAMESA;PAMESA;GRES PORCELNICO;0170170035465;;TECH;CORE;PIEDRA;;POLIVALENTE;BASE;BASE;MATE RECTIFICADO;VARIACION LEVE;;;;;;CLASE 2;R10;;GRUPO BIa;GL Esmaltado;;;NO;;1600-2400 N - 35-45 N/mm2;1;017.017.0957.15766;60x60;CATLOGO PAMESA;;;60;60;7,8;3600;60x60;DUP CORE;CLAY;https://www.pamesa.com/ERP/4.0/empresas/151/045/imagenes/t00010602/0170170035465.jpg
17;17;298;15766;0170170035462;SI;REC.GLASS;60X60(T)C DUP CORE COAL;A;SI;SI;0.0000;TECH02;PAMESA;PAMESA;F/40/04;8429991166625;;8429991773199;M2;4;1.44;40;57.60;27.00;1,100.00;120.00;80.00;73.50;;7.80;31/07/2025;PAMESA;PAMESA;GRES PORCELNICO;0170170035462;;TECH;CORE;PIEDRA;;POLIVALENTE;BASE;BASE;MATE RECTIFICADO;VARIACION LEVE;;;;;;CLASE 2;R10;;GRUPO BIa;GL Esmaltado;;;NO;;1600-2400 N - 35-45 N/mm2;1;017.017.0298.15766;60x60;CATLOGO PAMESA;;;60;60;7,8;3600;60x60;DUP CORE;COAL;https://www.pamesa.com/ERP/4.0/empresas/151/045/imagenes/t00010602/0170170035462.jpg
17;17;161;15766;0170170035457;SI;REC.GLASS;60X60(T)C DUP CORE GREY;A;SI;SI;0.0000;TECH02;PAMESA;PAMESA;F/40/04;8429991166588;;8429991773199;M2;4;1.44;40;57.60;27.00;1,100.00;120.00;80.00;73.50;;7.80;31/07/2025;PAMESA;PAMESA;GRES PORCELNICO;0170170035457;;TECH;CORE;PIEDRA;;POLIVALENTE;BASE;BASE;MATE RECTIFICADO;VARIACION LEVE;;;;;;CLASE 2;R10;;GRUPO BIa;GL Esmaltado;;;NO;;1600-2400 N - 35-45 N/mm2;1;017.017.0161.15766;100X100;CATLOGO PAMESA;;;60;60;7,8;3600;60x60;DUP CORE;GREY;https://www.pamesa.com/ERP/4.0/empresas/151/045/imagenes/t00010602/0170170035457.jpg
17;17;164;15766;0170170035459;SI;REC.GLASS;60X60(T)C DUP CORE IVORY;A;SI;SI;0.0000;TECH02;PAMESA;PAMESA;F/40/04;8429991166595;;8429991773199;M2;4;1.44;40;57.60;27.00;1,100.00;120.00;80.00;73.50;;7.80;31/07/2025;PAMESA;PAMESA;GRES PORCELNICO;0170170035459;;TECH;CORE;PIEDRA;;POLIVALENTE;BASE;BASE;MATE RECTIFICADO;VARIACION LEVE;;;;;;CLASE 2;R10;;GRUPO BIa;GL Esmaltado;;;NO;;1600-2400 N - 35-45 N/mm2;1;017.017.0164.15766;60X120(n);CATLOGO PAMESA;;;60;60;7,8;3600;60x60;DUP CORE;IVORY;https://www.pamesa.com/ERP/4.0/empresas/151/045/imagenes/t00010602/0170170035459.jpg
17;17;169;15766;0170170035460;SI;REC.GLASS;60X60(T)C DUP CORE PEARL;A;SI;SI;0.0000;TECH02;PAMESA;PAMESA;F/40/04;8429991166601;;8429991773199;M2;4;1.44;40;57.60;27.00;1,100.00;120.00;80.00;73.50;;7.80;31/07/2025;PAMESA;PAMESA;GRES PORCELNICO;0170170035460;;TECH;CORE;PIEDRA;;POLIVALENTE;BASE;BASE;MATE RECTIFICADO;VARIACION LEVE;;;;;;CLASE 2;R10;;GRUPO BIa;GL Esmaltado;;;NO;;1600-2400 N - 35-45 N/mm2;1;017.017.0169.15766;60,8x60,8;CATLOGO PAMESA;;;60;60;7,8;3600;60x60;DUP CORE;PEARL;https://www.pamesa.com/ERP/4.0/empresas/151/045/imagenes/t00010602/0170170035460.jpg
17;17;285;15766;0170170035461;SI;REC.GLASS;60X60(T)C DUP CORE TAUPE;A;SI;SI;0.0000;TECH02;PAMESA;PAMESA;F/40/04;8429991166618;;8429991773199;M2;4;1.44;40;57.60;27.00;1,100.00;120.00;80.00;73.50;;7.80;31/07/2025;PAMESA;PAMESA;GRES PORCELNICO;0170170035461;;TECH;CORE;PIEDRA;;POLIVALENTE;BASE;BASE;MATE RECTIFICADO;VARIACION LEVE;;;;;;CLASE 2;R10;;GRUPO BIa;GL Esmaltado;;;NO;;1600-2400 N - 35-45 N/mm2;1;017.017.0285.15766;60,8x60,8;CATLOGO PAMESA;;;60;60;7,8;3600;60x60;DUP CORE;TAUPE;https://www.pamesa.com/ERP/4.0/empresas/151/045/imagenes/t00010602/0170170035461.jpg
17;17;108;15766;0170170035455;SI;REC.GLASS;60X60(T)C DUP CORE WHITE;A;SI;SI;0.0000;TECH02;PAMESA;PAMESA;F/40/04;8429991166564;;8429991773199;M2;4;1.44;40;57.60;27.00;1,100.00;120.00;80.00;73.50;;7.80;31/07/2025;PAMESA;PAMESA;GRES PORCELNICO;0170170035455;;TECH;CORE;PIEDRA;;POLIVALENTE;BASE;BASE;MATE RECTIFICADO;VARIACION LEVE;;;;;;CLASE 2;R10;;GRUPO BIa;GL Esmaltado;;;NO;;1600-2400 N - 35-45 N/mm2;1;017.017.0108.15766;60X120(n);CATLOGO PAMESA;;;60;60;7,8;3600;60x60;DUP CORE;WHITE;https://www.pamesa.com/ERP/4.0/empresas/151/045/imagenes/t00010602/0170170035455.jpg
17;17;7;15758;0170170035367;SI;REC.GLASS;60X60(T)C EXT.CORE BEIGE;A;SI;SI;0.0000;TECH10;PAM-ADZ.PAMESA;PAMESA;F/40/04;8429991165871;;8429991773199;M2;4;1.44;40;57.60;27.00;1,100.00;120.00;80.00;73.50;;7.80;30/07/2025;PAMESA;PAMESA;GRES PORCELNICO;0170170035367;;TECH;CORE;PIEDRA;;ANTIDESLIZANTE;BASE;BASE;MATE RECTIFICADO;VARIACION LEVE;;ESTRUCTURANTE;;;;CLASE 3;R11;C;GRUPO BIa;GL Esmaltado;;36 Low;NO;;1600-2400 N - 35-45 N/mm2;1;017.017.0007.15758;60x60;CATLOGO PAMESA;;;60;60;7,8;3600;60x60;EXT.CORE;BEIGE;https://www.pamesa.com/ERP/4.0/empresas/151/045/imagenes/t00010602/0170170035367.jpg
17;17;957;15758;0170170035374;SI;REC.GLASS;60X60(T)C EXT.CORE CLAY;A;SI;SI;0.0000;TECH10;PAM-ADZ.PAMESA;PAMESA;F/40/04;8429991165949;;8429991773199;M2;4;1.44;40;57.60;27.00;1,100.00;120.00;80.00;73.50;;7.80;30/07/2025;PAMESA;PAMESA;GRES PORCELNICO;0170170035374;;TECH;CORE;PIEDRA;;ANTIDESLIZANTE;BASE;BASE;MATE RECTIFICADO;VARIACION LEVE;;ESTRUCTURANTE;;;;CLASE 3;R11;C;GRUPO BIa;GL Esmaltado;;36 Low;NO;;1600-2400 N - 35-45 N/mm2;1;017.017.0957.15758;60x60;CATLOGO PAMESA;;;60;60;7,8;3600;60x60;EXT.CORE;CLAY;https://www.pamesa.com/ERP/4.0/empresas/151/045/imagenes/t00010602/0170170035374.jpg
17;17;298;15758;0170170035373;SI;REC.GLASS;60X60(T)C EXT.CORE COAL;A;SI;SI;0.0000;TECH10;PAM-ADZ.PAMESA;PAMESA;F/40/04;8429991165932;;8429991773199;M2;4;1.44;40;57.60;27.00;1,100.00;120.00;80.00;73.50;;7.80;30/07/2025;PAMESA;PAMESA;GRES PORCELNICO;0170170035373;;TECH;CORE;PIEDRA;;ANTIDESLIZANTE;BASE;BASE;MATE RECTIFICADO;VARIACION LEVE;;ESTRUCTURANTE;;;;CLASE 3;R11;C;GRUPO BIa;GL Esmaltado;;36 Low;NO;;1600-2400 N - 35-45 N/mm2;1;017.017.0298.15758;60,8x60,8;CATLOGO PAMESA;;;60;60;7,8;3600;60x60;EXT.CORE;COAL;https://www.pamesa.com/ERP/4.0/empresas/151/045/imagenes/t00010602/0170170035373.jpg
17;17;161;15758;0170170035369;SI;REC.GLASS;60X60(T)C EXT.CORE GREY;A;SI;SI;0.0000;TECH10;PAM-ADZ.PAMESA;PAMESA;F/40/04;8429991165895;;8429991773199;M2;4;1.44;40;57.60;27.00;1,100.00;120.00;80.00;73.50;;7.80;30/07/2025;PAMESA;PAMESA;GRES PORCELNICO;0170170035369;;TECH;CORE;PIEDRA;;ANTIDESLIZANTE;BASE;BASE;MATE RECTIFICADO;VARIACION LEVE;;ESTRUCTURANTE;;;;CLASE 3;R11;C;GRUPO BIa;GL Esmaltado;;36 Low;NO;;1600-2400 N - 35-45 N/mm2;1;017.017.0161.15758;60X120(n);CATLOGO PAMESA;;;60;60;7,8;3600;60x60;EXT.CORE;GREY;https://www.pamesa.com/ERP/4.0/empresas/151/045/imagenes/t00010602/0170170035369.jpg
17;17;164;15758;0170170035370;SI;REC.GLASS;60X60(T)C EXT.CORE IVORY;A;SI;SI;0.0000;TECH10;PAM-ADZ.PAMESA;PAMESA;F/40/04;8429991165901;;8429991773199;M2;4;1.44;40;57.60;27.00;1,100.00;120.00;80.00;73.50;;7.80;30/07/2025;PAMESA;PAMESA;GRES PORCELNICO;0170170035370;;TECH;CORE;PIEDRA;;ANTIDESLIZANTE;BASE;BASE;MATE RECTIFICADO;VARIACION LEVE;;ESTRUCTURANTE;;;;CLASE 3;R11;C;GRUPO BIa;GL Esmaltado;;36 Low;NO;;1600-2400 N - 35-45 N/mm2;1;017.017.0164.15758;100X100;CATLOGO PAMESA;;;60;60;7,8;3600;60x60;EXT.CORE;IVORY;https://www.pamesa.com/ERP/4.0/empresas/151/045/imagenes/t00010602/0170170035370.jpg
17;17;169;15758;0170170035371;SI;REC.GLASS;60X60(T)C EXT.CORE PEARL;A;SI;SI;0.0000;TECH10;PAM-ADZ.PAMESA;PAMESA;F/40/04;8429991165918;;8429991773199;M2;4;1.44;40;57.60;27.00;1,100.00;120.00;80.00;73.50;;7.80;30/07/2025;PAMESA;PAMESA;GRES PORCELNICO;0170170035371;;TECH;CORE;PIEDRA;;ANTIDESLIZANTE;BASE;BASE;MATE RECTIFICADO;VARIACION LEVE;;ESTRUCTURANTE;;;;CLASE 3;R11;C;GRUPO BIa;GL Esmaltado;;36 Low;NO;;1600-2400 N - 35-45 N/mm2;1;017.017.0169.15758;60X120(n);CATLOGO PAMESA;;;60;60;7,8;3600;60x60;EXT.CORE;PEARL;https://www.pamesa.com/ERP/4.0/empresas/151/045/imagenes/t00010602/0170170035371.jpg
17;17;285;15758;0170170035372;SI;REC.GLASS;60X60(T)C EXT.CORE TAUPE;A;SI;SI;0.0000;TECH10;PAM-ADZ.PAMESA;PAMESA;F/40/04;8429991165925;;8429991773199;M2;4;1.44;40;57.60;27.00;1,100.00;120.00;80.00;73.50;;7.80;30/07/2025;PAMESA;PAMESA;GRES PORCELNICO;0170170035372;;TECH;CORE;PIEDRA;;ANTIDESLIZANTE;BASE;BASE;MATE RECTIFICADO;VARIACION LEVE;;ESTRUCTURANTE;;;;CLASE 3;R11;C;GRUPO BIa;GL Esmaltado;;36 Low;NO;;1600-2400 N - 35-45 N/mm2;1;017.017.0285.15758;60,8x60,8;CATLOGO PAMESA;;;60;60;7,8;3600;60x60;EXT.CORE;TAUPE;https://www.pamesa.com/ERP/4.0/empresas/151/045/imagenes/t00010602/0170170035372.jpg
17;17;108;15758;0170170035368;SI;REC.GLASS;60X60(T)C EXT.CORE WHITE;A;SI;SI;0.0000;TECH10;PAM-ADZ.PAMESA;PAMESA;F/40/04;8429991165888;;8429991773199;M2;4;1.44;40;57.60;27.00;1,100.00;120.00;80.00;73.50;;7.80;30/07/2025;PAMESA;PAMESA;GRES PORCELNICO;0170170035368;;TECH;CORE;PIEDRA;;ANTIDESLIZANTE;BASE;BASE;MATE RECTIFICADO;VARIACION LEVE;;ESTRUCTURANTE;;;;CLASE 3;R11;C;GRUPO BIa;GL Esmaltado;;36 Low;NO;;1600-2400 N - 35-45 N/mm2;1;017.017.0108.15758;60X120(n);CATLOGO PAMESA;;;60;60;7,8;3600;60x60;EXT.CORE;WHITE;https://www.pamesa.com/ERP/4.0/empresas/151/045/imagenes/t00010602/0170170035368.jpg
96;21;7;15481;0960210037264;SI;CG.REC.MATE CEPILLADO;30X60(T)C CORE BEIGE;A;SI;SI;0.0000;TECH01;PAMESA;PAMESA;24/48/08;8429991159214;;8429991773199;M2;8;1.44;48;69.12;26.50;1,302.00;122.00;84.00;;;7.80;18/09/2025;PAMESA;PAMESA;GRES PORCELNICO;0960210037264;;TECH;CORE;PIEDRA;;POLIVALENTE;;BASE;;;;ESTRUCTURANTE;;;;CLASE 1;R9;;GRUPO BIa;GL Esmaltado;;;NO;;;1;096.021.0007.15481;100x100(N)20MM;;;;30;60;7,8;1800;30x60;CORE;BEIGE;https://www.pamesa.com/ERP/4.0/empresas/151/045/imagenes/t00010602/0960210037264.jpg
96;21;957;15481;0960210037266;SI;CG.REC.MATE CEPILLADO;30X60(T)C CORE CLAY;A;SI;SI;0.0000;TECH01;PAMESA;PAMESA;24/48/08;8429991159528;;8429991773199;M2;8;1.44;48;69.12;26.50;1,302.00;122.00;84.00;;;7.80;18/09/2025;PAMESA;PAMESA;GRES PORCELNICO;0960210037266;;TECH;CORE;PIEDRA;;POLIVALENTE;;BASE;;;;ESTRUCTURANTE;;;;CLASE 1;R9;;GRUPO BIa;GL Esmaltado;;;NO;;;1;096.021.0957.15481;60X120 RF;;;;30;60;7,8;1800;30x60;CORE;CLAY;https://www.pamesa.com/ERP/4.0/empresas/151/045/imagenes/t00010602/0960210037266.jpg
96;21;298;15481;0960210037270;SI;CG.REC.MATE CEPILLADO;30X60(T)C CORE COAL;A;SI;SI;0.0000;TECH01;PAMESA;PAMESA;24/48/08;8429991159467;;8429991773199;M2;8;1.44;48;69.12;26.50;1,302.00;122.00;84.00;;;7.80;18/09/2025;PAMESA;PAMESA;GRES PORCELNICO;0960210037270;;TECH;CORE;PIEDRA;;POLIVALENTE;;BASE;;;;ESTRUCTURANTE;;;;CLASE 1;R9;;GRUPO BIa;GL Esmaltado;;;NO;;;1;096.021.0298.15481;60X120 RF;;;;30;60;7,8;1800;30x60;CORE;COAL;https://www.pamesa.com/ERP/4.0/empresas/151/045/imagenes/t00010602/0960210037270.jpg
96;21;161;15481;0960210037263;SI;CG.REC.MATE CEPILLADO;30X60(T)C CORE GREY;A;SI;SI;0.0000;TECH01;PAMESA;PAMESA;24/48/08;8429991159344;;8429991773199;M2;8;1.44;48;69.12;26.50;1,302.00;122.00;84.00;;;7.80;18/09/2025;PAMESA;PAMESA;GRES PORCELNICO;0960210037263;;TECH;CORE;PIEDRA;;POLIVALENTE;;BASE;;;;ESTRUCTURANTE;;;;CLASE 1;R9;;GRUPO BIa;GL Esmaltado;;;NO;;;1;096.021.0161.15481;60X120(n);;;;30;60;7,8;1800;30x60;CORE;GREY;https://www.pamesa.com/ERP/4.0/empresas/151/045/imagenes/t00010602/0960210037263.jpg
96;21;164;15481;0960210037265;SI;CG.REC.MATE CEPILLADO;30X60(T)C CORE IVORY;A;SI;SI;0.0000;TECH01;PAMESA;PAMESA;24/48/08;8429991159177;;8429991773199;M2;8;1.44;48;69.12;26.50;1,302.00;122.00;84.00;;;7.80;18/09/2025;PAMESA;PAMESA;GRES PORCELNICO;0960210037265;;TECH;CORE;PIEDRA;;POLIVALENTE;;BASE;;;;ESTRUCTURANTE;;;;CLASE 1;R9;;GRUPO BIa;GL Esmaltado;;;NO;;;1;096.021.0164.15481;60X120(n);;;;30;60;7,8;1800;30x60;CORE;IVORY;https://www.pamesa.com/ERP/4.0/empresas/151/045/imagenes/t00010602/0960210037265.jpg
96;21;169;15481;0960210037267;SI;CG.REC.MATE CEPILLADO;30X60(T)C CORE PEARL;A;SI;SI;0.0000;TECH01;PAMESA;PAMESA;24/48/08;8429991159276;;8429991773199;M2;8;1.44;48;69.12;26.50;1,302.00;122.00;84.00;;;7.80;18/09/2025;PAMESA;PAMESA;GRES PORCELNICO;0960210037267;;TECH;CORE;PIEDRA;;POLIVALENTE;;BASE;;;;ESTRUCTURANTE;;;;CLASE 1;R9;;GRUPO BIa;GL Esmaltado;;;NO;;;1;096.021.0169.15481;60X120(n);;;;30;60;7,8;1800;30x60;CORE;PEARL;https://www.pamesa.com/ERP/4.0/empresas/151/045/imagenes/t00010602/0960210037267.jpg
96;21;285;15481;0960210037269;SI;CG.REC.MATE CEPILLADO;30X60(T)C CORE TAUPE;A;SI;SI;0.0000;TECH01;PAMESA;PAMESA;24/48/08;8429991159405;;8429991773199;M2;8;1.44;48;69.12;26.50;1,302.00;122.00;84.00;;;7.80;18/09/2025;PAMESA;PAMESA;GRES PORCELNICO;0960210037269;;TECH;CORE;PIEDRA;;POLIVALENTE;;BASE;;;;ESTRUCTURANTE;;;;CLASE 1;R9;;GRUPO BIa;GL Esmaltado;;;NO;;;1;096.021.0285.15481;60X120(n);;;;30;60;7,8;1800;30x60;CORE;TAUPE;https://www.pamesa.com/ERP/4.0/empresas/151/045/imagenes/t00010602/0960210037269.jpg
96;21;108;15481;0960210037262;SI;CG.REC.MATE CEPILLADO;30X60(T)C CORE WHITE;A;SI;SI;0.0000;TECH01;PAMESA;PAMESA;24/48/08;8429991159122;;8429991773199;M2;8;1.44;48;69.12;26.50;1,302.00;122.00;84.00;;;7.80;18/09/2025;PAMESA;PAMESA;GRES PORCELNICO;0960210037262;;TECH;CORE;PIEDRA;;POLIVALENTE;;BASE;;;;ESTRUCTURANTE;;;;CLASE 1;R9;;GRUPO BIa;GL Esmaltado;;;NO;;;1;096.021.0108.15481;90X90(N);;;;30;60;7,8;1800;30x60;CORE;WHITE;https://www.pamesa.com/ERP/4.0/empresas/151/045/imagenes/t00010602/0960210037262.jpg
17;21;7;15766;0170210035466;SI;REC.GLASS;30X60(T)C DUP CORE BEIGE;A;SI;SI;0.0000;TECH01;PAMESA;PAMESA;24/48/08;8429991166656;;8429991773199;M2;8;1.44;48;69.12;26.50;1,302.00;122.00;84.00;;;7.80;31/07/2025;PAMESA;PAMESA;GRES PORCELNICO;0170210035466;;TECH;CORE;PIEDRA;;POLIVALENTE;;BASE;;;;;;;;CLASE 2;R10;;GRUPO BIa;GL Esmaltado;;;NO;;1600-2400 N - 35-45 N/mm2;1;017.021.0007.15766;60x60;CATLOGO PAMESA;;;30;60;7,8;1800;30x60;DUP CORE;BEIGE;https://www.pamesa.com/ERP/4.0/empresas/151/045/imagenes/t00010602/0170210035466.jpg
17;21;957;15766;0170210035474;SI;REC.GLASS;30X60(T)C DUP CORE CLAY;A;SI;SI;0.0000;TECH01;PAMESA;PAMESA;24/48/08;8429991166724;;8429991773199;M2;8;1.44;48;69.12;26.50;1,302.00;122.00;84.00;;;7.80;31/07/2025;PAMESA;PAMESA;GRES PORCELNICO;0170210035474;;TECH;CORE;PIEDRA;;POLIVALENTE;;BASE;;;;;;;;CLASE 2;R10;;GRUPO BIa;GL Esmaltado;;;NO;;1600-2400 N - 35-45 N/mm2;1;017.021.0957.15766;60X60N(20MM);CATLOGO PAMESA;;;30;60;7,8;1800;30x60;DUP CORE;CLAY;https://www.pamesa.com/ERP/4.0/empresas/151/045/imagenes/t00010602/0170210035474.jpg
17;21;298;15766;0170210035473;SI;REC.GLASS;30X60(T)C DUP CORE COAL;A;SI;SI;0.0000;TECH01;PAMESA;PAMESA;24/48/08;8429991166717;;8429991773199;M2;8;1.44;48;69.12;26.50;1,302.00;122.00;84.00;;;7.80;31/07/2025;PAMESA;PAMESA;GRES PORCELNICO;0170210035473;;TECH;CORE;PIEDRA;;POLIVALENTE;;BASE;;;;;;;;CLASE 2;R10;;GRUPO BIa;GL Esmaltado;;;NO;;1600-2400 N - 35-45 N/mm2;1;017.021.0298.15766;60X90(N)20MM;CATLOGO PAMESA;;;30;60;7,8;1800;30x60;DUP CORE;COAL;https://www.pamesa.com/ERP/4.0/empresas/151/045/imagenes/t00010602/0170210035473.jpg
17;21;161;15766;0170210035468;SI;REC.GLASS;30X60(T)C DUP CORE GREY;A;SI;SI;0.0000;TECH01;PAMESA;PAMESA;24/48/08;8429991166670;;8429991773199;M2;8;1.44;48;69.12;26.50;1,302.00;122.00;84.00;;;7.80;31/07/2025;PAMESA;PAMESA;GRES PORCELNICO;0170210035468;;TECH;CORE;PIEDRA;;POLIVALENTE;;BASE;;;;;;;;CLASE 2;R10;;GRUPO BIa;GL Esmaltado;;;NO;;1600-2400 N - 35-45 N/mm2;1;017.021.0161.15766;30,3X61,3;CATLOGO PAMESA;;;30;60;7,8;1800;30x60;DUP CORE;GREY;https://www.pamesa.com/ERP/4.0/empresas/151/045/imagenes/t00010602/0170210035468.jpg
17;21;164;15766;0170210035469;SI;REC.GLASS;30X60(T)C DUP CORE IVORY;A;SI;SI;0.0000;TECH01;PAMESA;PAMESA;24/48/08;8429991166687;;8429991773199;M2;8;1.44;48;69.12;26.50;1,302.00;122.00;84.00;;;7.80;31/07/2025;PAMESA;PAMESA;GRES PORCELNICO;0170210035469;;TECH;CORE;PIEDRA;;POLIVALENTE;;BASE;;;;;;;;CLASE 2;R10;;GRUPO BIa;GL Esmaltado;;;NO;;1600-2400 N - 35-45 N/mm2;1;017.021.0164.15766;30,3X61,3;CATLOGO PAMESA;;;30;60;7,8;1800;30x60;DUP CORE;IVORY;https://www.pamesa.com/ERP/4.0/empresas/151/045/imagenes/t00010602/0170210035469.jpg
17;21;169;15766;0170210035471;SI;REC.GLASS;30X60(T)C DUP CORE PEARL;A;SI;SI;0.0000;TECH01;PAMESA;PAMESA;24/48/08;8429991166694;;8429991773199;M2;8;1.44;48;69.12;26.50;1,302.00;122.00;84.00;;;7.80;31/07/2025;PAMESA;PAMESA;GRES PORCELNICO;0170210035471;;TECH;CORE;PIEDRA;;POLIVALENTE;;BASE;;;;;;;;CLASE 2;R10;;GRUPO BIa;GL Esmaltado;;;NO;;1600-2400 N - 35-45 N/mm2;1;017.021.0169.15766;60X120(n);CATLOGO PAMESA;;;30;60;7,8;1800;30x60;DUP CORE;PEARL;https://www.pamesa.com/ERP/4.0/empresas/151/045/imagenes/t00010602/0170210035471.jpg
17;21;285;15766;0170210035472;SI;REC.GLASS;30X60(T)C DUP CORE TAUPE;A;SI;SI;0.0000;TECH01;PAMESA;PAMESA;24/48/08;8429991166700;;8429991773199;M2;8;1.44;48;69.12;26.50;1,302.00;122.00;84.00;;;7.80;31/07/2025;PAMESA;PAMESA;GRES PORCELNICO;0170210035472;;TECH;CORE;PIEDRA;;POLIVALENTE;;BASE;;;;;;;;CLASE 2;R10;;GRUPO BIa;GL Esmaltado;;;NO;;1600-2400 N - 35-45 N/mm2;1;017.021.0285.15766;60X90(N)20MM;CATLOGO PAMESA;;;30;60;7,8;1800;30x60;DUP CORE;TAUPE;https://www.pamesa.com/ERP/4.0/empresas/151/045/imagenes/t00010602/0170210035472.jpg
17;21;108;15766;0170210035467;SI;REC.GLASS;30X60(T)C DUP CORE WHITE;A;SI;SI;0.0000;TECH01;PAMESA;PAMESA;24/48/08;8429991166663;;8429991773199;M2;8;1.44;48;69.12;26.50;1,302.00;122.00;84.00;;;7.80;31/07/2025;PAMESA;PAMESA;GRES PORCELNICO;0170210035467;;TECH;CORE;PIEDRA;;POLIVALENTE;;BASE;;;;;;;;CLASE 2;R10;;GRUPO BIa;GL Esmaltado;;;NO;;1600-2400 N - 35-45 N/mm2;1;017.021.0108.15766;30x30(7)Malla;CATLOGO PAMESA;;;30;60;7,8;1800;30x60;DUP CORE;WHITE;https://www.pamesa.com/ERP/4.0/empresas/151/045/imagenes/t00010602/0170210035467.jpg
17;21;7;15758;0170210035376;SI;REC.GLASS;30X60(T)C EXT.CORE BEIGE;A;SI;SI;0.0000;TECH09;PAM-ADZ.PAMESA;PAMESA;24/48/08;8429991165956;;8429991773199;M2;8;1.44;48;69.12;26.50;1,302.00;122.00;84.00;;;7.80;30/07/2025;PAMESA;PAMESA;GRES PORCELNICO;0170210035376;;TECH;CORE;PIEDRA;;ANTIDESLIZANTE;;BASE;;;;ESTRUCTURANTE;;;;CLASE 3;R11;C;GRUPO BIa;GL Esmaltado;;36 Low;NO;;1600-2400 N - 35-45 N/mm2;1;017.021.0007.15758;60x60;CATLOGO PAMESA;;;30;60;7,8;1800;30x60;EXT.CORE;BEIGE;https://www.pamesa.com/ERP/4.0/empresas/151/045/imagenes/t00010602/0170210035376.jpg
17;21;957;15758;0170210035384;SI;REC.GLASS;30X60(T)C EXT.CORE CLAY;A;SI;SI;0.0000;TECH09;PAM-ADZ.PAMESA;PAMESA;24/48/08;8429991166021;;8429991773199;M2;8;1.44;48;69.12;26.50;1,302.00;122.00;84.00;;;7.80;30/07/2025;PAMESA;PAMESA;GRES PORCELNICO;0170210035384;;TECH;CORE;PIEDRA;;ANTIDESLIZANTE;;BASE;;;;ESTRUCTURANTE;;;;CLASE 3;R11;C;GRUPO BIa;GL Esmaltado;;36 Low;NO;;1600-2400 N - 35-45 N/mm2;1;017.021.0957.15758;60X60N(20MM);CATLOGO PAMESA;;;30;60;7,8;1800;30x60;EXT.CORE;CLAY;https://www.pamesa.com/ERP/4.0/empresas/151/045/imagenes/t00010602/0170210035384.jpg
17;21;298;15758;0170210035383;SI;REC.GLASS;30X60(T)C EXT.CORE COAL;A;SI;SI;0.0000;TECH09;PAM-ADZ.PAMESA;PAMESA;24/48/08;8429991166014;;8429991773199;M2;8;1.44;48;69.12;26.50;1,302.00;122.00;84.00;;;7.80;30/07/2025;PAMESA;PAMESA;GRES PORCELNICO;0170210035383;;TECH;CORE;PIEDRA;;ANTIDESLIZANTE;;BASE;;;;ESTRUCTURANTE;;;;CLASE 3;R11;C;GRUPO BIa;GL Esmaltado;;36 Low;NO;;1600-2400 N - 35-45 N/mm2;1;017.021.0298.15758;60X90(N)20MM;CATLOGO PAMESA;;;30;60;7,8;1800;30x60;EXT.CORE;COAL;https://www.pamesa.com/ERP/4.0/empresas/151/045/imagenes/t00010602/0170210035383.jpg
17;21;161;15758;0170210035378;SI;REC.GLASS;30X60(T)C EXT.CORE GREY;A;SI;SI;0.0000;TECH09;PAM-ADZ.PAMESA;PAMESA;24/48/08;8429991165970;;8429991773199;M2;8;1.44;48;69.12;26.50;1,302.00;122.00;84.00;;;7.80;30/07/2025;PAMESA;PAMESA;GRES PORCELNICO;0170210035378;;TECH;CORE;PIEDRA;;ANTIDESLIZANTE;;BASE;;;;ESTRUCTURANTE;;;;CLASE 3;R11;C;GRUPO BIa;GL Esmaltado;;36 Low;NO;;1600-2400 N - 35-45 N/mm2;1;017.021.0161.15758;30x30(7)Malla;CATLOGO PAMESA;;;30;60;7,8;1800;30x60;EXT.CORE;GREY;https://www.pamesa.com/ERP/4.0/empresas/151/045/imagenes/t00010602/0170210035378.jpg
17;21;164;15758;0170210035379;SI;REC.GLASS;30X60(T)C EXT.CORE IVORY;A;SI;SI;0.0000;TECH09;PAM-ADZ.PAMESA;PAMESA;24/48/08;8429991165987;;8429991773199;M2;8;1.44;48;69.12;26.50;1,302.00;122.00;84.00;;;7.80;30/07/2025;PAMESA;PAMESA;GRES PORCELNICO;0170210035379;;TECH;CORE;PIEDRA;;ANTIDESLIZANTE;;BASE;;;;ESTRUCTURANTE;;;;CLASE 3;R11;C;GRUPO BIa;GL Esmaltado;;36 Low;NO;;1600-2400 N - 35-45 N/mm2;1;017.021.0164.15758;30,3X61,3;CATLOGO PAMESA;;;30;60;7,8;1800;30x60;EXT.CORE;IVORY;https://www.pamesa.com/ERP/4.0/empresas/151/045/imagenes/t00010602/0170210035379.jpg
17;21;169;15758;0170210035380;SI;REC.GLASS;30X60(T)C EXT.CORE PEARL;A;SI;SI;0.0000;TECH09;PAM-ADZ.PAMESA;PAMESA;24/48/08;8429991165994;;8429991773199;M2;8;1.44;48;69.12;26.50;1,302.00;122.00;84.00;;;7.80;30/07/2025;PAMESA;PAMESA;GRES PORCELNICO;0170210035380;;TECH;CORE;PIEDRA;;ANTIDESLIZANTE;;BASE;;;;ESTRUCTURANTE;;;;CLASE 3;R11;C;GRUPO BIa;GL Esmaltado;;36 Low;NO;;1600-2400 N - 35-45 N/mm2;1;017.021.0169.15758;30,3X61,3;CATLOGO PAMESA;;;30;60;7,8;1800;30x60;EXT.CORE;PEARL;https://www.pamesa.com/ERP/4.0/empresas/151/045/imagenes/t00010602/0170210035380.jpg
17;21;285;15758;0170210035382;SI;REC.GLASS;30X60(T)C EXT.CORE TAUPE;A;SI;SI;0.0000;TECH09;PAM-ADZ.PAMESA;PAMESA;24/48/08;8429991166007;;8429991773199;M2;8;1.44;48;69.12;26.50;1,302.00;122.00;84.00;;;7.80;30/07/2025;PAMESA;PAMESA;GRES PORCELNICO;0170210035382;;TECH;CORE;PIEDRA;;ANTIDESLIZANTE;;BASE;;;;ESTRUCTURANTE;;;;CLASE 3;R11;C;GRUPO BIa;GL Esmaltado;;36 Low;NO;;1600-2400 N - 35-45 N/mm2;1;017.021.0285.15758;60X120(n);CATLOGO PAMESA;;;30;60;7,8;1800;30x60;EXT.CORE;TAUPE;https://www.pamesa.com/ERP/4.0/empresas/151/045/imagenes/t00010602/0170210035382.jpg
17;21;108;15758;0170210035377;SI;REC.GLASS;30X60(T)C EXT.CORE WHITE;A;SI;SI;0.0000;TECH09;PAM-ADZ.PAMESA;PAMESA;24/48/08;8429991165963;;8429991773199;M2;8;1.44;48;69.12;26.50;1,302.00;122.00;84.00;;;7.80;30/07/2025;PAMESA;PAMESA;GRES PORCELNICO;0170210035377;;TECH;CORE;PIEDRA;;ANTIDESLIZANTE;;BASE;;;;ESTRUCTURANTE;;;;CLASE 3;R11;C;GRUPO BIa;GL Esmaltado;;36 Low;NO;;1600-2400 N - 35-45 N/mm2;1;017.021.0108.15758;60x60;CATLOGO PAMESA;;;30;60;7,8;1800;30x60;EXT.CORE;WHITE;https://www.pamesa.com/ERP/4.0/empresas/151/045/imagenes/t00010602/0170210035377.jpg
52;961;169;15482;0529610041088;SI;SLIM MATE RECTIF.;120x280(6mm) CORE MIX PEARL;A;SI;SI;0.0000;;PAMESA;PAMESA;05/20/01;8429991190330;;8429991773199;M2;1;3.36;20;67.20;52.00;1,140.00;290.00;140.00;36.00;;;30/10/2025;PAMESA;PAMESA;GRES PORCELNICO;0529610041088;;TECH;CORE MIX;PIEDRA;;POLIVALENTE;BASE;BASE;MATE RECTIFICADO;VARIACION MODERADA;;NO;;;;CLASE 1;R9;;GRUPO BIa;GL Esmaltado;;;NO;;>700 N - 35-45 N/mm2;1;052.961.0169.15482;45X45;CATLOGO PAMESA;;;120;280;6;33600;120x280;CORE MIX;PEARL;https://www.pamesa.com/ERP/4.0/empresas/151/045/imagenes/t00010602/0529610041088.jpg
52;961;285;15482;0529610041090;SI;SLIM MATE RECTIF.;120x280(6mm) CORE MIX TAUPE;A;SI;SI;0.0000;;PAMESA;PAMESA;05/20/01;8429991190347;;8429991773199;M2;1;3.36;20;67.20;52.00;1,140.00;290.00;140.00;36.00;;;30/10/2025;PAMESA;PAMESA;GRES PORCELNICO;0529610041090;;TECH;CORE MIX;PIEDRA;;POLIVALENTE;BASE;BASE;MATE RECTIFICADO;VARIACION MODERADA;;NO;;;;CLASE 1;R9;;GRUPO BIa;GL Esmaltado;;;NO;;>700 N - 35-45 N/mm2;1;052.961.0285.15482;20x120 (n);CATLOGO PAMESA;;;120;280;6;33600;120x280;CORE MIX;TAUPE;https://www.pamesa.com/ERP/4.0/empresas/151/045/imagenes/t00010602/0529610041090.jpg
52;961;108;15482;0529610041087;SI;SLIM MATE RECTIF.;120x280(6mm) CORE MIX WHITE;A;SI;SI;0.0000;;PAMESA;PAMESA;05/20/01;8429991190323;;8429991773199;M2;1;3.36;20;67.20;52.00;1,140.00;290.00;140.00;36.00;;;30/10/2025;PAMESA;PAMESA;GRES PORCELNICO;0529610041087;;TECH;CORE MIX;PIEDRA;;POLIVALENTE;BASE;BASE;MATE RECTIFICADO;VARIACION MODERADA;;NO;;;;CLASE 1;R9;;GRUPO BIa;GL Esmaltado;;;NO;;>700 N - 35-45 N/mm2;1;052.961.0108.15482;20x120 (n);CATLOGO PAMESA;;;120;280;6;33600;120x280;CORE MIX;WHITE;https://www.pamesa.com/ERP/4.0/empresas/151/045/imagenes/t00010602/0529610041087.jpg
93;154;169;15482;0931540034517;SI;SLIM GR.CEPILLADA;160X160(8MM) CORE MIX PEARL;A;SI;SI;0.0000;XXL07;PAMESA;PAMESA;O/20/01;8429991161880;;8429991773199;M2;1;2.56;20;51.20;48.62;1,062.40;176.00;176.00;34.00;;7.80;17/07/2025;PAMESA;PAMESA;GRES PORCELNICO;0931540034517;;TECH;CORE MIX;PIEDRA;;POLIVALENTE;BASE;BASE;MATE RECTIFICADO;VARIACION MODERADA;;ESTRUCTURANTE;;;;CLASE 1;R9;;GRUPO BIa;GL Esmaltado;;;NO;;;1;093.154.0169.15482;20x120 (n);CATLOGO PAMESA;;;160;160;8;25600;160x160;CORE MIX;PEARL;https://www.pamesa.com/ERP/4.0/empresas/151/045/imagenes/t00010602/0931540034517.jpg
93;154;285;15482;0931540034516;SI;SLIM GR.CEPILLADA;160X160(8MM) CORE MIX TAUPE;A;SI;SI;0.0000;XXL07;PAMESA;PAMESA;O/20/01;8429991161873;;8429991773199;M2;1;2.56;20;51.20;48.62;1,062.40;176.00;176.00;34.00;;7.80;17/07/2025;PAMESA;PAMESA;GRES PORCELNICO;0931540034516;;TECH;CORE MIX;PIEDRA;;POLIVALENTE;BASE;BASE;MATE RECTIFICADO;VARIACION MODERADA;;ESTRUCTURANTE;;;;CLASE 1;R9;;GRUPO BIa;GL Esmaltado;;;NO;;;1;093.154.0285.15482;20x120 (n);CATLOGO PAMESA;;;160;160;8;25600;160x160;CORE MIX;TAUPE;https://www.pamesa.com/ERP/4.0/empresas/151/045/imagenes/t00010602/0931540034516.jpg
93;154;108;15482;0931540034515;SI;SLIM GR.CEPILLADA;160X160(8MM) CORE MIX WHITE;A;SI;SI;0.0000;XXL07;PAMESA;PAMESA;O/20/01;8429991161866;;8429991773199;M2;1;2.56;20;51.20;48.62;1,062.40;176.00;176.00;34.00;;7.80;17/07/2025;PAMESA;PAMESA;GRES PORCELNICO;0931540034515;;TECH;CORE MIX;PIEDRA;;POLIVALENTE;BASE;BASE;MATE RECTIFICADO;VARIACION MODERADA;;ESTRUCTURANTE;;;;CLASE 1;R9;;GRUPO BIa;GL Esmaltado;;;NO;;;1;093.154.0108.15482;20x120 (n);CATLOGO PAMESA;;;160;160;8;25600;160x160;CORE MIX;WHITE;https://www.pamesa.com/ERP/4.0/empresas/151/045/imagenes/t00010602/0931540034515.jpg
85;2;169;15482;0850020033235;SI;GR.CEPILLADA;120x120(T) CORE MIX PEARL;A;SI;SI;0.0000;TECH08;PAMESA;PAMESA;23/24/02;8429991144340;;8429991773199;M2;2;2.88;24;69.12;49.00;1,216.00;126.00;126.00;70.00;;7.80;01/07/2025;PAMESA;PAMESA;GRES PORCELNICO;0850020033235;;TECH;CORE MIX;PIEDRA;;POLIVALENTE;BASE;BASE;MATE RECTIFICADO;VARIACION MODERADA;;ESTRUCTURANTE;;;;CLASE 1;R9;;GRUPO BIa;GL Esmaltado;;;NO;;;1;085.002.0169.15482;30x180;CATLOGO PAMESA;;;120;120;7,8;14400;120x120;CORE MIX;PEARL;https://www.pamesa.com/ERP/4.0/empresas/151/045/imagenes/t00010602/0850020033235.jpg
85;2;285;15482;0850020033236;SI;GR.CEPILLADA;120x120(T) CORE MIX TAUPE;A;SI;SI;0.0000;TECH08;PAMESA;PAMESA;23/24/02;8429991144357;;8429991773199;M2;2;2.88;24;69.12;49.00;1,216.00;126.00;126.00;70.00;;7.80;01/07/2025;PAMESA;PAMESA;GRES PORCELNICO;0850020033236;;TECH;CORE MIX;PIEDRA;;POLIVALENTE;BASE;BASE;MATE RECTIFICADO;VARIACION MODERADA;;ESTRUCTURANTE;;;;CLASE 1;R9;;GRUPO BIa;GL Esmaltado;;;NO;;;1;085.002.0285.15482;30x180;CATLOGO PAMESA;;;120;120;7,8;14400;120x120;CORE MIX;TAUPE;https://www.pamesa.com/ERP/4.0/empresas/151/045/imagenes/t00010602/0850020033236.jpg
85;2;108;15482;0850020033234;SI;GR.CEPILLADA;120x120(T) CORE MIX WHITE;A;SI;SI;0.0000;TECH08;PAMESA;PAMESA;23/24/02;8429991144326;;8429991773199;M2;2;2.88;24;69.12;49.00;1,216.00;126.00;126.00;70.00;;7.80;01/07/2025;PAMESA;PAMESA;GRES PORCELNICO;0850020033234;;TECH;CORE MIX;PIEDRA;;POLIVALENTE;BASE;BASE;MATE RECTIFICADO;VARIACION MODERADA;;ESTRUCTURANTE;;;;CLASE 1;R9;;GRUPO BIa;GL Esmaltado;;;NO;;;1;085.002.0108.15482;60X120(n);CATLOGO PAMESA;;;120;120;7,8;14400;120x120;CORE MIX;WHITE;https://www.pamesa.com/ERP/4.0/empresas/151/045/imagenes/t00010602/0850020033234.jpg
102;2;169;15767;1020020037342;SI;REC.GRANILLA NATURAL;120x120(T) DUP CORE MIX PEARL;A;SI;SI;0.0000;TECH08;PAMESA;PAMESA;23/24/02;8429991166908;;8429991773199;M2;2;2.88;24;69.12;49.00;1,216.00;126.00;126.00;70.00;;7.80;18/09/2025;PAMESA;PAMESA;GRES PORCELNICO;1020020037342;;TECH;CORE MIX;PIEDRA;;PAVIMENTO;BASE;BASE;MATE RECTIFICADO;VARIACION MODERADA;;;;;;CLASE 2;R10;;GRUPO BIa;;;;;;;1;102.002.0169.15767;60X120(n);;;;120;120;7,8;14400;120x120;DUP CORE MIX;PEARL;https://www.pamesa.com/ERP/4.0/empresas/151/045/imagenes/t00010602/1020020037342.jpg
102;2;285;15767;1020020037343;SI;REC.GRANILLA NATURAL;120x120(T) DUP CORE MIX TAUPE;A;SI;SI;0.0000;TECH08;PAMESA;PAMESA;23/24/02;8429991166915;;8429991773199;M2;2;2.88;24;69.12;49.00;1,216.00;126.00;126.00;70.00;;7.80;18/09/2025;PAMESA;PAMESA;GRES PORCELNICO;1020020037343;;TECH;CORE MIX;PIEDRA;;PAVIMENTO;BASE;BASE;MATE RECTIFICADO;VARIACION MODERADA;;;;;;CLASE 2;R10;;GRUPO BIa;;;;;;;1;102.002.0285.15767;60X120(n);;;;120;120;7,8;14400;120x120;DUP CORE MIX;TAUPE;https://www.pamesa.com/ERP/4.0/empresas/151/045/imagenes/t00010602/1020020037343.jpg
102;2;108;15767;1020020037341;SI;REC.GRANILLA NATURAL;120x120(T) DUP CORE MIX WHITE;A;SI;SI;0.0000;TECH08;PAMESA;PAMESA;23/24/02;8429991166892;;8429991773199;M2;2;2.88;24;69.12;49.00;1,216.00;126.00;126.00;70.00;;7.80;18/09/2025;PAMESA;PAMESA;GRES PORCELNICO;1020020037341;;TECH;CORE MIX;PIEDRA;;PAVIMENTO;BASE;BASE;MATE RECTIFICADO;VARIACION MODERADA;;;;;;CLASE 2;R10;;GRUPO BIa;;;;;;;1;102.002.0108.15767;60X120 RF;;;;120;120;7,8;14400;120x120;DUP CORE MIX;WHITE;https://www.pamesa.com/ERP/4.0/empresas/151/045/imagenes/t00010602/1020020037341.jpg
102;2;169;15760;1020020037316;SI;REC.GRANILLA NATURAL;120x120(T) EXT.CORE MIX PEARL;A;SI;SI;0.0000;TECH16;PAM-ADZ.PAMESA;PAMESA;23/24/02;8429991166458;;8429991773199;M2;2;2.88;24;69.12;49.00;1,216.00;126.00;126.00;70.00;;7.80;18/09/2025;PAMESA;PAMESA;GRES PORCELNICO;1020020037316;;TECH;CORE MIX;PIEDRA;;ANTIDESLIZANTE;BASE;BASE;MATE RECTIFICADO;VARIACION MODERADA;;ESTRUCTURANTE;;;;CLASE 3;R11;C;GRUPO BIa;GL Esmaltado;;36 Low;NO;;;1;102.002.0169.15760;60x120(n);;;;120;120;7,8;14400;120x120;EXT.CORE MIX;PEARL;https://www.pamesa.com/ERP/4.0/empresas/151/045/imagenes/t00010602/1020020037316.jpg
102;2;285;15760;1020020037317;SI;REC.GRANILLA NATURAL;120x120(T) EXT.CORE MIX TAUPE;A;SI;SI;0.0000;TECH16;PAM-ADZ.PAMESA;PAMESA;23/24/02;8429991166465;;8429991773199;M2;2;2.88;24;69.12;49.00;1,216.00;126.00;126.00;70.00;;7.80;18/09/2025;PAMESA;PAMESA;GRES PORCELNICO;1020020037317;;TECH;CORE MIX;PIEDRA;;ANTIDESLIZANTE;BASE;BASE;MATE RECTIFICADO;VARIACION MODERADA;;ESTRUCTURANTE;;;;CLASE 3;R11;C;GRUPO BIa;GL Esmaltado;;36 Low;NO;;;1;102.002.0285.15760;60X120(n);;;;120;120;7,8;14400;120x120;EXT.CORE MIX;TAUPE;https://www.pamesa.com/ERP/4.0/empresas/151/045/imagenes/t00010602/1020020037317.jpg
102;2;108;15760;1020020037315;SI;REC.GRANILLA NATURAL;120x120(T) EXT.CORE MIX WHITE;A;SI;SI;0.0000;TECH16;PAM-ADZ.PAMESA;PAMESA;23/24/02;8429991166441;;8429991773199;M2;2;2.88;24;69.12;49.00;1,216.00;126.00;126.00;70.00;;7.80;18/09/2025;PAMESA;PAMESA;GRES PORCELNICO;1020020037315;;TECH;CORE MIX;PIEDRA;;ANTIDESLIZANTE;BASE;BASE;MATE RECTIFICADO;VARIACION MODERADA;;ESTRUCTURANTE;;;;CLASE 3;R11;C;GRUPO BIa;GL Esmaltado;;36 Low;NO;;;1;102.002.0108.15760;60X120(n);;;;120;120;7,8;14400;120x120;EXT.CORE MIX;WHITE;https://www.pamesa.com/ERP/4.0/empresas/151/045/imagenes/t00010602/1020020037315.jpg
17;769;285;15482;0177690042474;SI;REC.GLASS;100x100(N)20MM CORE MIX TAUPE;A;SI;SI;0.0000;2CM07;PAMESA.C.P;PAMESA;27/28/01 S/C;8429991196981;;;M2;1;1.00;28;28.00;42.86;1,222.08;107.00;107.00;;;20.00;18/11/2025;PAMESA;PAMESA;GRES PORCELNICO;0177690042474;;TECH;CORE MIX;PIEDRA;;PAVIMENTO;BASE;BASE;MATE RECTIFICADO;VARIACION MODERADA;;;;;;CLASE 3;R11;C;GRUPO BIa;GL Esmaltado;;36 Low;NO;;>8000 N - 35-45 N/mm2;1;017.769.0285.15482;60X90(N)20MM;CATLOGO PAMESA;;;100;100;20;10000;100x100;CORE MIX;TAUPE;https://www.pamesa.com/ERP/4.0/empresas/151/045/imagenes/t00010602/0177690042474.jpg
17;696;169;15482;0176960039373;SI;REC.GLASS;60x120(N)20MM CORE MIX PEARL;A;SI;SI;0.0000;2CM04;PAMESA.C.P;PAMESA;30/22/01 S/C;8429991184438;;;M2;1;0.72;33;23.76;29.30;991.90;126.00;70.00;75.00;;20.00;08/10/2025;PAMESA;PAMESA;GRES PORCELNICO;0176960039373;;TECH;CORE MIX;PIEDRA;;ANTIDESLIZANTE;;BASE;;;;NO;;;;CLASE 3;R11;C;GRUPO BIa;GL Esmaltado;;36 Low;NO;;;1;017.696.0169.15482;120X280(6MM);CATLOGO PAMESA;;;60;120;20;7200;60x120;CORE MIX;PEARL;https://www.pamesa.com/ERP/4.0/empresas/151/045/imagenes/t00010602/0176960039373.jpg
85;22;169;15482;0850220034225;SI;GR.CEPILLADA;60X120(T)C CORE MIX PEARL;A;SI;SI;0.0000;TECH07;PAMESA;PAMESA;24/40/02;8429991160630;;8429991773199;M2;2;1.44;40;57.60;27.00;1,110.00;122.00;84.00;73.50;;7.80;14/07/2025;PAMESA;PAMESA;GRES PORCELNICO;0850220034225;;TECH;CORE MIX;PIEDRA;;POLIVALENTE;BASE;BASE;MATE RECTIFICADO;VARIACION MODERADA;;ESTRUCTURANTE;;;;CLASE 1;R9;;GRUPO BIa;GL Esmaltado;;;NO;;;1;085.022.0169.15482;25X150;CATLOGO PAMESA;;;60;120;7,8;7200;60x120;CORE MIX;PEARL;https://www.pamesa.com/ERP/4.0/empresas/151/045/imagenes/t00010602/0850220034225.jpg
17;696;285;15482;0176960039376;SI;REC.GLASS;60x120(N)20MM CORE MIX TAUPE;A;SI;SI;0.0000;2CM04;PAMESA.C.P;PAMESA;30/22/01 S/C;8429991184445;;;M2;1;0.72;33;23.76;29.30;991.90;126.00;70.00;75.00;;20.00;08/10/2025;PAMESA;PAMESA;GRES PORCELNICO;0176960039376;;TECH;CORE MIX;PIEDRA;;ANTIDESLIZANTE;;BASE;;;;NO;;;;CLASE 3;R11;C;GRUPO BIa;GL Esmaltado;;36 Low;NO;;;1;017.696.0285.15482;120X120;CATLOGO PAMESA;;;60;120;20;7200;60x120;CORE MIX;TAUPE;https://www.pamesa.com/ERP/4.0/empresas/151/045/imagenes/t00010602/0176960039376.jpg
85;22;285;15482;0850220034233;SI;GR.CEPILLADA;60X120(T)C CORE MIX TAUPE;A;SI;SI;0.0000;TECH07;PAMESA;PAMESA;24/40/02;8429991160692;;8429991773199;M2;2;1.44;40;57.60;27.00;1,110.00;122.00;84.00;73.50;;7.80;14/07/2025;PAMESA;PAMESA;GRES PORCELNICO;0850220034233;;TECH;CORE MIX;PIEDRA;;POLIVALENTE;BASE;BASE;MATE RECTIFICADO;VARIACION MODERADA;;ESTRUCTURANTE;;;;CLASE 1;R9;;GRUPO BIa;GL Esmaltado;;;NO;;;1;085.022.0285.15482;25X150;CATLOGO PAMESA;;;60;120;7,8;7200;60x120;CORE MIX;TAUPE;https://www.pamesa.com/ERP/4.0/empresas/151/045/imagenes/t00010602/0850220034233.jpg
85;22;108;15482;0850220034206;SI;GR.CEPILLADA;60X120(T)C CORE MIX WHITE;A;SI;SI;0.0000;TECH07;PAMESA;PAMESA;24/40/02;8429991160524;;8429991773199;M2;2;1.44;40;57.60;27.00;1,110.00;122.00;84.00;73.50;;7.80;14/07/2025;PAMESA;PAMESA;GRES PORCELNICO;0850220034206;;TECH;CORE MIX;PIEDRA;;POLIVALENTE;BASE;BASE;MATE RECTIFICADO;VARIACION MODERADA;;ESTRUCTURANTE;;;;CLASE 1;R9;;GRUPO BIa;GL Esmaltado;;;NO;;;1;085.022.0108.15482;20x120 (n);CATLOGO PAMESA;;;60;120;7,8;7200;60x120;CORE MIX;WHITE;https://www.pamesa.com/ERP/4.0/empresas/151/045/imagenes/t00010602/0850220034206.jpg
102;22;169;15767;1020220037355;SI;REC.GRANILLA NATURAL;60X120(T)C DUP CORE MIX PEARL;A;SI;SI;0.0000;TECH07;PAMESA;PAMESA;24/40/02;8429991166991;;8429991773199;M2;2;1.44;40;57.60;27.00;1,110.00;122.00;84.00;73.50;;7.80;18/09/2025;PAMESA;PAMESA;GRES PORCELNICO;1020220037355;;TECH;CORE MIX;PIEDRA;;PAVIMENTO;BASE;BASE;MATE RECTIFICADO;VARIACION MODERADA;;;;;;CLASE 2;R10;;GRUPO BIa;;;;;;;1;102.022.0169.15767;60X60;;;;60;120;7,8;7200;60x120;DUP CORE MIX;PEARL;https://www.pamesa.com/ERP/4.0/empresas/151/045/imagenes/t00010602/1020220037355.jpg
102;22;285;15767;1020220037356;SI;REC.GRANILLA NATURAL;60X120(T)C DUP CORE MIX TAUPE;A;SI;SI;0.0000;TECH07;PAMESA;PAMESA;24/40/02;8429991167004;;8429991773199;M2;2;1.44;40;57.60;27.00;1,110.00;122.00;84.00;73.50;;7.80;18/09/2025;PAMESA;PAMESA;GRES PORCELNICO;1020220037356;;TECH;CORE MIX;PIEDRA;;PAVIMENTO;BASE;BASE;MATE RECTIFICADO;VARIACION MODERADA;;;;;;CLASE 2;R10;;GRUPO BIa;;;;;;;1;102.022.0285.15767;60X60(T)C;;;;60;120;7,8;7200;60x120;DUP CORE MIX;TAUPE;https://www.pamesa.com/ERP/4.0/empresas/151/045/imagenes/t00010602/1020220037356.jpg
102;22;108;15767;1020220037354;SI;REC.GRANILLA NATURAL;60X120(T)C DUP CORE MIX WHITE;A;SI;SI;0.0000;TECH07;PAMESA;PAMESA;24/40/02;8429991166984;;8429991773199;M2;2;1.44;40;57.60;27.00;1,110.00;122.00;84.00;73.50;;7.80;18/09/2025;PAMESA;PAMESA;GRES PORCELNICO;1020220037354;;TECH;CORE MIX;PIEDRA;;PAVIMENTO;BASE;BASE;MATE RECTIFICADO;VARIACION MODERADA;;;;;;CLASE 2;R10;;GRUPO BIa;;;;;;;1;102.022.0108.15767;60X60;;;;60;120;7,8;7200;60x120;DUP CORE MIX;WHITE;https://www.pamesa.com/ERP/4.0/empresas/151/045/imagenes/t00010602/1020220037354.jpg
102;22;169;15760;1020220037326;SI;REC.GRANILLA NATURAL;60X120(T)C EXT.CORE MIX PEARL;A;SI;SI;0.0000;TECH15;PAM-ADZ.PAMESA;PAMESA;24/40/02;8429991166540;;8429991773199;M2;2;1.44;40;57.60;27.00;1,110.00;122.00;84.00;73.50;;7.80;18/09/2025;PAMESA;PAMESA;GRES PORCELNICO;1020220037326;;TECH;CORE MIX;PIEDRA;;ANTIDESLIZANTE;BASE;BASE;MATE RECTIFICADO;VARIACION MODERADA;;ESTRUCTURANTE;;;;CLASE 3;R11;C;GRUPO BIa;GL Esmaltado;;36 Low;NO;;;1;102.022.0169.15760;60X60;;;;60;120;7,8;7200;60x120;EXT.CORE MIX;PEARL;https://www.pamesa.com/ERP/4.0/empresas/151/045/imagenes/t00010602/1020220037326.jpg
102;22;285;15760;1020220037327;SI;REC.GRANILLA NATURAL;60X120(T)C EXT.CORE MIX TAUPE;A;SI;SI;0.0000;TECH15;PAM-ADZ.PAMESA;PAMESA;24/40/02;8429991166557;;8429991773199;M2;2;1.44;40;57.60;27.00;1,110.00;122.00;84.00;73.50;;7.80;18/09/2025;PAMESA;PAMESA;GRES PORCELNICO;1020220037327;;TECH;CORE MIX;PIEDRA;;ANTIDESLIZANTE;BASE;BASE;MATE RECTIFICADO;VARIACION MODERADA;;ESTRUCTURANTE;;;;CLASE 3;R11;C;GRUPO BIa;GL Esmaltado;;36 Low;NO;;;1;102.022.0285.15760;60X60;;;;60;120;7,8;7200;60x120;EXT.CORE MIX;TAUPE;https://www.pamesa.com/ERP/4.0/empresas/151/045/imagenes/t00010602/1020220037327.jpg
102;22;108;15760;1020220037325;SI;REC.GRANILLA NATURAL;60X120(T)C EXT.CORE MIX WHITE;A;SI;SI;0.0000;TECH15;PAM-ADZ.PAMESA;PAMESA;24/40/02;8429991166533;;8429991773199;M2;2;1.44;40;57.60;27.00;1,110.00;122.00;84.00;73.50;;7.80;18/09/2025;PAMESA;PAMESA;GRES PORCELNICO;1020220037325;;TECH;CORE MIX;PIEDRA;;ANTIDESLIZANTE;BASE;BASE;MATE RECTIFICADO;VARIACION MODERADA;;ESTRUCTURANTE;;;;CLASE 3;R11;C;GRUPO BIa;GL Esmaltado;;36 Low;NO;;;1;102.022.0108.15760;60X120 RF;;;;60;120;7,8;7200;60x120;EXT.CORE MIX;WHITE;https://www.pamesa.com/ERP/4.0/empresas/151/045/imagenes/t00010602/1020220037325.jpg
17;986;169;15482;0179860039365;SI;REC.GLASS;60x90(N)20mm CORE MIX PEARL;A;SI;SI;0.0000;2CM02;PAMESA;PAMESA;G/22/02;8429991184407;;8429991773199;M2;2;1.08;22;23.76;45.00;1,015.00;105.00;95.00;75.00;;20.00;08/10/2025;PAMESA;PAMESA;GRES PORCELNICO;0179860039365;;TECH;CORE MIX;PIEDRA;;ANTIDESLIZANTE;BASE;BASE;MATE RECTIFICADO;VARIACION MODERADA;;NO;;;;CLASE 3;R11;C;GRUPO BIa;GL Esmaltado;;36 Low;NO;;>10000 N - 35-45 N/mm2;1;017.986.0169.15482;120X280(6MM);CATLOGO PAMESA;;;60;90;20;5400;60x90;CORE MIX;PEARL;https://www.pamesa.com/ERP/4.0/empresas/151/045/imagenes/t00010602/0179860039365.jpg
17;986;285;15482;0179860039364;SI;REC.GLASS;60x90(N)20mm CORE MIX TAUPE;A;SI;SI;0.0000;2CM02;PAMESA;PAMESA;G/22/02;8429991184391;;8429991773199;M2;2;1.08;22;23.76;45.00;1,015.00;105.00;95.00;75.00;;20.00;08/10/2025;PAMESA;PAMESA;GRES PORCELNICO;0179860039364;;TECH;CORE MIX;PIEDRA;;ANTIDESLIZANTE;BASE;BASE;MATE RECTIFICADO;VARIACION MODERADA;;NO;;;;CLASE 3;R11;C;GRUPO BIa;GL Esmaltado;;36 Low;NO;;>10000 N - 35-45 N/mm2;1;017.986.0285.15482;160X160;CATLOGO PAMESA;;;60;90;20;5400;60x90;CORE MIX;TAUPE;https://www.pamesa.com/ERP/4.0/empresas/151/045/imagenes/t00010602/0179860039364.jpg
17;785;169;15482;0177850039369;SI;REC.GLASS;60x60N(20mm) CORE MIX PEARL;A;SI;SI;0.0000;2CM01;PAMESA;PAMESA;F/30/02;8429991184414;;8429991773199;M2;2;0.72;30;21.60;28.50;875.00;120.00;80.00;73.50;;20.00;08/10/2025;PAMESA;PAMESA;GRES PORCELNICO;0177850039369;;TECH;CORE MIX;PIEDRA;;ANTIDESLIZANTE;BASE;BASE;MATE RECTIFICADO;VARIACION MODERADA;;NO;;;;CLASE 3;R11;C;GRUPO BIa;GL Esmaltado;;36 Low;NO;;;1;017.785.0169.15482;30x30(7)Malla;CATLOGO PAMESA;;;60;60;20;3600;60x60;CORE MIX;PEARL;https://www.pamesa.com/ERP/4.0/empresas/151/045/imagenes/t00010602/0177850039369.jpg
85;17;169;15482;0850170034223;SI;GR.CEPILLADA;60X60(T)C CORE MIX PEARL;A;SI;SI;0.0000;TECH06;PAMESA;PAMESA;F/40/04;8429991160616;;8429991773199;M2;4;1.44;40;57.60;27.00;1,100.00;120.00;80.00;73.50;;7.80;14/07/2025;PAMESA;PAMESA;GRES PORCELNICO;0850170034223;;TECH;CORE MIX;PIEDRA;;POLIVALENTE;BASE;BASE;MATE RECTIFICADO;VARIACION MODERADA;;ESTRUCTURANTE;;;;CLASE 1;R9;;GRUPO BIa;GL Esmaltado;;;NO;;;1;085.017.0169.15482;30x120,5C(N)20M;CATLOGO PAMESA;;;60;60;7,8;3600;60x60;CORE MIX;PEARL;https://www.pamesa.com/ERP/4.0/empresas/151/045/imagenes/t00010602/0850170034223.jpg
17;785;285;15482;0177850039372;SI;REC.GLASS;60x60N(20mm) CORE MIX TAUPE;A;SI;SI;0.0000;2CM01;PAMESA;PAMESA;F/30/02;8429991184421;;8429991773199;M2;2;0.72;30;21.60;28.50;875.00;120.00;80.00;73.50;;20.00;08/10/2025;PAMESA;PAMESA;GRES PORCELNICO;0177850039372;;TECH;CORE MIX;PIEDRA;;ANTIDESLIZANTE;BASE;BASE;MATE RECTIFICADO;VARIACION MODERADA;;NO;;;;CLASE 3;R11;C;GRUPO BIa;GL Esmaltado;;36 Low;NO;;;1;017.785.0285.15482;120X120;CATLOGO PAMESA;;;60;60;20;3600;60x60;CORE MIX;TAUPE;https://www.pamesa.com/ERP/4.0/empresas/151/045/imagenes/t00010602/0177850039372.jpg
85;17;285;15482;0850170034231;SI;GR.CEPILLADA;60X60(T)C CORE MIX TAUPE;A;SI;SI;0.0000;TECH06;PAMESA;PAMESA;F/40/04;8429991160678;;8429991773199;M2;4;1.44;40;57.60;27.00;1,100.00;120.00;80.00;73.50;;7.80;14/07/2025;PAMESA;PAMESA;GRES PORCELNICO;0850170034231;;TECH;CORE MIX;PIEDRA;;POLIVALENTE;BASE;BASE;MATE RECTIFICADO;VARIACION MODERADA;;ESTRUCTURANTE;;;;CLASE 1;R9;;GRUPO BIa;GL Esmaltado;;;NO;;;1;085.017.0285.15482;20x120 (n);CATLOGO PAMESA;;;60;60;7,8;3600;60x60;CORE MIX;TAUPE;https://www.pamesa.com/ERP/4.0/empresas/151/045/imagenes/t00010602/0850170034231.jpg
85;17;108;15482;0850170034218;SI;GR.CEPILLADA;60X60(T)C CORE MIX WHITE;A;SI;SI;0.0000;TECH06;PAMESA;PAMESA;F/40/04;8429991160579;;8429991773199;M2;4;1.44;40;57.60;27.00;1,100.00;120.00;80.00;73.50;;7.80;14/07/2025;PAMESA;PAMESA;GRES PORCELNICO;0850170034218;;TECH;CORE MIX;PIEDRA;;POLIVALENTE;BASE;BASE;MATE RECTIFICADO;VARIACION MODERADA;;ESTRUCTURANTE;;;;CLASE 1;R9;;GRUPO BIa;GL Esmaltado;;;NO;;;1;085.017.0108.15482;25X150;CATLOGO PAMESA;;;60;60;7,8;3600;60x60;CORE MIX;WHITE;https://www.pamesa.com/ERP/4.0/empresas/151/045/imagenes/t00010602/0850170034218.jpg
102;17;169;15767;1020170037346;SI;REC.GRANILLA NATURAL;60X60(T)C DUP CORE MIX PEARL;A;SI;SI;0.0000;TECH06;PAMESA;PAMESA;F/40/04;8429991166939;;8429991773199;M2;4;1.44;40;57.60;27.00;1,100.00;120.00;80.00;73.50;;7.80;18/09/2025;PAMESA;PAMESA;GRES PORCELNICO;1020170037346;;TECH;CORE MIX;PIEDRA;;PAVIMENTO;BASE;BASE;MATE RECTIFICADO;VARIACION MODERADA;;;;;;CLASE 2;R10;;GRUPO BIa;;;;;;;1;102.017.0169.15767;60X120(n);;;;60;60;7,8;3600;60x60;DUP CORE MIX;PEARL;https://www.pamesa.com/ERP/4.0/empresas/151/045/imagenes/t00010602/1020170037346.jpg
102;17;285;15767;1020170037347;SI;REC.GRANILLA NATURAL;60X60(T)C DUP CORE MIX TAUPE;A;SI;SI;0.0000;TECH06;PAMESA;PAMESA;F/40/04;8429991166946;;8429991773199;M2;4;1.44;40;57.60;27.00;1,100.00;120.00;80.00;73.50;;7.80;18/09/2025;PAMESA;PAMESA;GRES PORCELNICO;1020170037347;;TECH;CORE MIX;PIEDRA;;PAVIMENTO;BASE;BASE;MATE RECTIFICADO;VARIACION MODERADA;;;;;;CLASE 2;R10;;GRUPO BIa;;;;;;;1;102.017.0285.15767;60X120(n);;;;60;60;7,8;3600;60x60;DUP CORE MIX;TAUPE;https://www.pamesa.com/ERP/4.0/empresas/151/045/imagenes/t00010602/1020170037347.jpg
102;17;108;15767;1020170037344;SI;REC.GRANILLA NATURAL;60X60(T)C DUP CORE MIX WHITE;A;SI;SI;0.0000;TECH06;PAMESA;PAMESA;F/40/04;8429991166922;;8429991773199;M2;4;1.44;40;57.60;27.00;1,100.00;120.00;80.00;73.50;;7.80;18/09/2025;PAMESA;PAMESA;GRES PORCELNICO;1020170037344;;TECH;CORE MIX;PIEDRA;;PAVIMENTO;BASE;BASE;MATE RECTIFICADO;VARIACION MODERADA;;;;;;CLASE 2;R10;;GRUPO BIa;;;;;;;1;102.017.0108.15767;60X120 RF;;;;60;60;7,8;3600;60x60;DUP CORE MIX;WHITE;https://www.pamesa.com/ERP/4.0/empresas/151/045/imagenes/t00010602/1020170037344.jpg
102;17;169;15760;1020170037319;SI;REC.GRANILLA NATURAL;60X60(T)C EXT.CORE MIX PEARL;A;SI;SI;0.0000;TECH14;PAM-ADZ.PAMESA;PAMESA;F/40/04;8429991166489;;8429991773199;M2;4;1.44;40;57.60;27.00;1,100.00;120.00;80.00;73.50;;7.80;18/09/2025;PAMESA;PAMESA;GRES PORCELNICO;1020170037319;;TECH;CORE MIX;PIEDRA;;ANTIDESLIZANTE;BASE;BASE;MATE RECTIFICADO;VARIACION MODERADA;;ESTRUCTURANTE;;;;CLASE 3;R11;C;GRUPO BIa;GL Esmaltado;;36 Low;NO;;;1;102.017.0169.15760;60X120(n);;;;60;60;7,8;3600;60x60;EXT.CORE MIX;PEARL;https://www.pamesa.com/ERP/4.0/empresas/151/045/imagenes/t00010602/1020170037319.jpg
102;17;285;15760;1020170037321;SI;REC.GRANILLA NATURAL;60X60(T)C EXT.CORE MIX TAUPE;A;SI;SI;0.0000;TECH14;PAM-ADZ.PAMESA;PAMESA;F/40/04;8429991166496;;8429991773199;M2;4;1.44;40;57.60;27.00;1,100.00;120.00;80.00;73.50;;7.80;18/09/2025;PAMESA;PAMESA;GRES PORCELNICO;1020170037321;;TECH;CORE MIX;PIEDRA;;ANTIDESLIZANTE;BASE;BASE;MATE RECTIFICADO;VARIACION MODERADA;;ESTRUCTURANTE;;;;CLASE 3;R11;C;GRUPO BIa;GL Esmaltado;;36 Low;NO;;;1;102.017.0285.15760;60X120;;;;60;60;7,8;3600;60x60;EXT.CORE MIX;TAUPE;https://www.pamesa.com/ERP/4.0/empresas/151/045/imagenes/t00010602/1020170037321.jpg
102;17;108;15760;1020170037318;SI;REC.GRANILLA NATURAL;60X60(T)C EXT.CORE MIX WHITE;A;SI;SI;0.0000;TECH14;PAM-ADZ.PAMESA;PAMESA;F/40/04;8429991166472;;8429991773199;M2;4;1.44;40;57.60;27.00;1,100.00;120.00;80.00;73.50;;7.80;18/09/2025;PAMESA;PAMESA;GRES PORCELNICO;1020170037318;;TECH;CORE MIX;PIEDRA;;ANTIDESLIZANTE;BASE;BASE;MATE RECTIFICADO;VARIACION MODERADA;;ESTRUCTURANTE;;;;CLASE 3;R11;C;GRUPO BIa;GL Esmaltado;;36 Low;NO;;;1;102.017.0108.15760;60X120 RF;;;;60;60;7,8;3600;60x60;EXT.CORE MIX;WHITE;https://www.pamesa.com/ERP/4.0/empresas/151/045/imagenes/t00010602/1020170037318.jpg
85;21;169;15482;0850210034224;SI;GR.CEPILLADA;30X60(T)C CORE MIX PEARL;A;SI;SI;0.0000;TECH05;PAMESA;PAMESA;24/48/08;8429991160623;;8429991773199;M2;8;1.44;48;69.12;26.50;1,302.00;122.00;84.00;;;7.80;14/07/2025;PAMESA;PAMESA;GRES PORCELNICO;0850210034224;;TECH;CORE MIX;PIEDRA;;POLIVALENTE;;BASE;;;;ESTRUCTURANTE;;;;CLASE 1;R9;;GRUPO BIa;GL Esmaltado;;;NO;;;1;085.021.0169.15482;20x120 (n);CATLOGO PAMESA;;;30;60;7,8;1800;30x60;CORE MIX;PEARL;https://www.pamesa.com/ERP/4.0/empresas/151/045/imagenes/t00010602/0850210034224.jpg
85;21;285;15482;0850210034232;SI;GR.CEPILLADA;30X60(T)C CORE MIX TAUPE;A;SI;SI;0.0000;TECH05;PAMESA;PAMESA;24/48/08;8429991160685;;8429991773199;M2;8;1.44;48;69.12;26.50;1,302.00;122.00;84.00;;;7.80;14/07/2025;PAMESA;PAMESA;GRES PORCELNICO;0850210034232;;TECH;CORE MIX;PIEDRA;;POLIVALENTE;;BASE;;;;ESTRUCTURANTE;;;;CLASE 1;R9;;GRUPO BIa;GL Esmaltado;;;NO;;;1;085.021.0285.15482;8X40CHV;CATLOGO PAMESA;;;30;60;7,8;1800;30x60;CORE MIX;TAUPE;https://www.pamesa.com/ERP/4.0/empresas/151/045/imagenes/t00010602/0850210034232.jpg
85;21;108;15482;0850210034207;SI;GR.CEPILLADA;30X60(T)C CORE MIX WHITE;A;SI;SI;0.0000;TECH05;PAMESA;PAMESA;24/48/08;8429991160517;;8429991773199;M2;8;1.44;48;69.12;26.50;1,302.00;122.00;84.00;;;7.80;14/07/2025;PAMESA;PAMESA;GRES PORCELNICO;0850210034207;;TECH;CORE MIX;PIEDRA;;POLIVALENTE;;BASE;;;;ESTRUCTURANTE;;;;CLASE 1;R9;;GRUPO BIa;GL Esmaltado;;;NO;;;1;085.021.0108.15482;20x120 (n);CATLOGO PAMESA;;;30;60;7,8;1800;30x60;CORE MIX;WHITE;https://www.pamesa.com/ERP/4.0/empresas/151/045/imagenes/t00010602/0850210034207.jpg
102;21;169;15767;1020210037351;SI;REC.GRANILLA NATURAL;30X60(T)C DUP CORE MIX PEARL;A;SI;SI;0.0000;TECH05;PAMESA;PAMESA;24/48/08;8429991166977;;8429991773199;M2;8;1.44;48;69.12;26.50;1,302.00;122.00;84.00;;;7.80;18/09/2025;PAMESA;PAMESA;GRES PORCELNICO;1020210037351;;TECH;CORE MIX;PIEDRA;;PAVIMENTO;BASE;BASE;MATE RECTIFICADO;VARIACION MODERADA;;;;;;CLASE 2;R10;;GRUPO BIa;;;;;;;1;102.021.0169.15767;60X120(n);;;;30;60;7,8;1800;30x60;DUP CORE MIX;PEARL;https://www.pamesa.com/ERP/4.0/empresas/151/045/imagenes/t00010602/1020210037351.jpg
102;21;285;15767;1020210037353;SI;REC.GRANILLA NATURAL;30X60(T)C DUP CORE MIX TAUPE;A;SI;SI;0.0000;TECH05;PAMESA;PAMESA;24/48/08;8429991166953;;8429991773199;M2;8;1.44;48;69.12;26.50;1,302.00;122.00;84.00;;;7.80;18/09/2025;PAMESA;PAMESA;GRES PORCELNICO;1020210037353;;TECH;CORE MIX;PIEDRA;;PAVIMENTO;BASE;BASE;MATE RECTIFICADO;VARIACION MODERADA;;;;;;CLASE 2;R10;;GRUPO BIa;;;;;;;1;102.021.0285.15767;60X120(n);;;;30;60;7,8;1800;30x60;DUP CORE MIX;TAUPE;https://www.pamesa.com/ERP/4.0/empresas/151/045/imagenes/t00010602/1020210037353.jpg
102;21;108;15767;1020210037348;SI;REC.GRANILLA NATURAL;30X60(T)C DUP CORE MIX WHITE;A;SI;SI;0.0000;TECH05;PAMESA;PAMESA;24/48/08;8429991166960;;8429991773199;M2;8;1.44;48;69.12;26.50;1,302.00;122.00;84.00;;;7.80;18/09/2025;PAMESA;PAMESA;GRES PORCELNICO;1020210037348;;TECH;CORE MIX;PIEDRA;;PAVIMENTO;BASE;BASE;MATE RECTIFICADO;VARIACION MODERADA;;;;;;CLASE 2;R10;;GRUPO BIa;;;;;;;1;102.021.0108.15767;60X120(n);;;;30;60;7,8;1800;30x60;DUP CORE MIX;WHITE;https://www.pamesa.com/ERP/4.0/empresas/151/045/imagenes/t00010602/1020210037348.jpg
102;21;169;15760;1020210037323;SI;REC.GRANILLA NATURAL;30X60(T)C EXT.CORE MIX PEARL;A;SI;SI;0.0000;TECH13;PAM-ADZ.PAMESA;PAMESA;24/48/08;8429991166519;;8429991773199;M2;8;1.44;48;69.12;26.50;1,302.00;122.00;84.00;;;7.80;18/09/2025;PAMESA;PAMESA;GRES PORCELNICO;1020210037323;;TECH;CORE MIX;PIEDRA;;ANTIDESLIZANTE;BASE;BASE;MATE RECTIFICADO;VARIACION MODERADA;;ESTRUCTURANTE;;;;CLASE 3;R11;C;GRUPO BIa;GL Esmaltado;;36 Low;NO;;;1;102.021.0169.15760;60X120(n);;;;30;60;7,8;1800;30x60;EXT.CORE MIX;PEARL;https://www.pamesa.com/ERP/4.0/empresas/151/045/imagenes/t00010602/1020210037323.jpg
102;21;285;15760;1020210037324;SI;REC.GRANILLA NATURAL;30X60(T)C EXT.CORE MIX TAUPE;A;SI;SI;0.0000;TECH13;PAM-ADZ.PAMESA;PAMESA;24/48/08;8429991166526;;8429991773199;M2;8;1.44;48;69.12;26.50;1,302.00;122.00;84.00;;;7.80;18/09/2025;PAMESA;PAMESA;GRES PORCELNICO;1020210037324;;TECH;CORE MIX;PIEDRA;;ANTIDESLIZANTE;BASE;BASE;MATE RECTIFICADO;VARIACION MODERADA;;ESTRUCTURANTE;;;;CLASE 3;R11;C;GRUPO BIa;GL Esmaltado;;36 Low;NO;;;1;102.021.0285.15760;60X120(n);;;;30;60;7,8;1800;30x60;EXT.CORE MIX;TAUPE;https://www.pamesa.com/ERP/4.0/empresas/151/045/imagenes/t00010602/1020210037324.jpg
102;21;108;15760;1020210037322;SI;REC.GRANILLA NATURAL;30X60(T)C EXT.CORE MIX WHITE;A;SI;SI;0.0000;TECH13;PAM-ADZ.PAMESA;PAMESA;24/48/08;8429991166502;;8429991773199;M2;8;1.44;48;69.12;26.50;1,302.00;122.00;84.00;;;7.80;18/09/2025;PAMESA;PAMESA;GRES PORCELNICO;1020210037322;;TECH;CORE MIX;PIEDRA;;ANTIDESLIZANTE;BASE;BASE;MATE RECTIFICADO;VARIACION MODERADA;;ESTRUCTURANTE;;;;CLASE 3;R11;C;GRUPO BIa;GL Esmaltado;;36 Low;NO;;;1;102.021.0108.15760;60X120(n);;;;30;60;7,8;1800;30x60;EXT.CORE MIX;WHITE;https://www.pamesa.com/ERP/4.0/empresas/151/045/imagenes/t00010602/1020210037322.jpg
96;2;7;15532;0960020037283;SI;CG.REC.MATE CEPILLADO;120x120(T) CORE PRO BEIGE;A;SI;SI;0.0000;TECH04;PAMESA;PAMESA;23/24/02;8429991148478;;8429991773199;M2;2;2.88;24;69.12;49.00;1,216.00;126.00;126.00;70.00;;7.80;18/09/2025;PAMESA;PAMESA;GRES PORCELNICO;0960020037283;;TECH;CORE PRO;CEMENTO;;POLIVALENTE;;BASE;;;;ESTRUCTURANTE;;;;CLASE 1;R9;;GRUPO BIa;GL Esmaltado;;;NO;;;1;096.002.0007.15532;20X75;CATLOGO PAMESA;;;120;120;7,8;14400;120x120;CORE PRO;BEIGE;https://www.pamesa.com/ERP/4.0/empresas/151/045/imagenes/t00010602/0960020037283.jpg
96;2;957;15532;0960020037285;SI;CG.REC.MATE CEPILLADO;120x120(T) CORE PRO CLAY;A;SI;SI;0.0000;TECH04;PAMESA;PAMESA;23/24/02;8429991148539;;8429991773199;M2;2;2.88;24;69.12;49.00;1,216.00;126.00;126.00;70.00;;7.80;18/09/2025;PAMESA;PAMESA;GRES PORCELNICO;0960020037285;;TECH;CORE PRO;CEMENTO;;POLIVALENTE;;BASE;;;;ESTRUCTURANTE;;;;CLASE 1;R9;;GRUPO BIa;GL Esmaltado;;;NO;;;1;096.002.0957.15532;120X280(6MM);;;;120;120;7,8;14400;120x120;CORE PRO;CLAY;https://www.pamesa.com/ERP/4.0/empresas/151/045/imagenes/t00010602/0960020037285.jpg
96;2;298;15532;0960020037288;SI;CG.REC.MATE CEPILLADO;120x120(T) CORE PRO COAL;A;SI;SI;0.0000;TECH04;PAMESA;PAMESA;23/24/02;8429991148546;;8429991773199;M2;2;2.88;24;69.12;49.00;1,216.00;126.00;126.00;70.00;;7.80;18/09/2025;PAMESA;PAMESA;GRES PORCELNICO;0960020037288;;TECH;CORE PRO;CEMENTO;;POLIVALENTE;;BASE;;;;ESTRUCTURANTE;;;;CLASE 1;R9;;GRUPO BIa;GL Esmaltado;;;NO;;;1;096.002.0298.15532;30x60 PB.;;;;120;120;7,8;14400;120x120;CORE PRO;COAL;https://www.pamesa.com/ERP/4.0/empresas/151/045/imagenes/t00010602/0960020037288.jpg
96;2;161;15532;0960020037282;SI;CG.REC.MATE CEPILLADO;120x120(T) CORE PRO GREY;A;SI;SI;0.0000;TECH04;PAMESA;PAMESA;23/24/02;8429991148522;;8429991773199;M2;2;2.88;24;69.12;49.00;1,216.00;126.00;126.00;70.00;;7.80;18/09/2025;PAMESA;PAMESA;GRES PORCELNICO;0960020037282;;TECH;CORE PRO;CEMENTO;;POLIVALENTE;;BASE;;;;ESTRUCTURANTE;;;;CLASE 1;R9;;GRUPO BIa;GL Esmaltado;;;NO;;;1;096.002.0161.15532;20X75;CATLOGO PAMESA;;;120;120;7,8;14400;120x120;CORE PRO;GREY;https://www.pamesa.com/ERP/4.0/empresas/151/045/imagenes/t00010602/0960020037282.jpg
96;2;164;15532;0960020037284;SI;CG.REC.MATE CEPILLADO;120x120(T) CORE PRO IVORY;A;SI;SI;0.0000;TECH04;PAMESA;PAMESA;23/24/02;8429991148492;;8429991773199;M2;2;2.88;24;69.12;49.00;1,216.00;126.00;126.00;70.00;;7.80;18/09/2025;PAMESA;PAMESA;GRES PORCELNICO;0960020037284;;TECH;CORE PRO;CEMENTO;;POLIVALENTE;;BASE;;;;ESTRUCTURANTE;;;;CLASE 1;R9;;GRUPO BIa;GL Esmaltado;;;NO;;;1;096.002.0164.15532;20X75;CATLOGO PAMESA;;;120;120;7,8;14400;120x120;CORE PRO;IVORY;https://www.pamesa.com/ERP/4.0/empresas/151/045/imagenes/t00010602/0960020037284.jpg
96;2;169;15532;0960020037286;SI;CG.REC.MATE CEPILLADO;120x120(T) CORE PRO PEARL;A;SI;SI;0.0000;TECH04;PAMESA;PAMESA;23/24/02;8429991148515;;8429991773199;M2;2;2.88;24;69.12;49.00;1,216.00;126.00;126.00;70.00;;7.80;18/09/2025;PAMESA;PAMESA;GRES PORCELNICO;0960020037286;;TECH;CORE PRO;CEMENTO;;POLIVALENTE;;BASE;;;;ESTRUCTURANTE;;;;CLASE 1;R9;;GRUPO BIa;GL Esmaltado;;;NO;;;1;096.002.0169.15532;30x60 PB.;;;;120;120;7,8;14400;120x120;CORE PRO;PEARL;https://www.pamesa.com/ERP/4.0/empresas/151/045/imagenes/t00010602/0960020037286.jpg
96;2;285;15532;0960020037287;SI;CG.REC.MATE CEPILLADO;120x120(T) CORE PRO TAUPE;A;SI;SI;0.0000;TECH04;PAMESA;PAMESA;23/24/02;8429991148508;;8429991773199;M2;2;2.88;24;69.12;49.00;1,216.00;126.00;126.00;70.00;;7.80;18/09/2025;PAMESA;PAMESA;GRES PORCELNICO;0960020037287;;TECH;CORE PRO;CEMENTO;;POLIVALENTE;;BASE;;;;ESTRUCTURANTE;;;;CLASE 1;R9;;GRUPO BIa;GL Esmaltado;;;NO;;;1;096.002.0285.15532;30x60 PB.;;;;120;120;7,8;14400;120x120;CORE PRO;TAUPE;https://www.pamesa.com/ERP/4.0/empresas/151/045/imagenes/t00010602/0960020037287.jpg
96;2;108;15532;0960020037281;SI;CG.REC.MATE CEPILLADO;120x120(T) CORE PRO WHITE;A;SI;SI;0.0000;TECH04;PAMESA;PAMESA;23/24/02;8429991148485;;8429991773199;M2;2;2.88;24;69.12;49.00;1,216.00;126.00;126.00;70.00;;7.80;18/09/2025;PAMESA;PAMESA;GRES PORCELNICO;0960020037281;;TECH;CORE PRO;CEMENTO;;POLIVALENTE;;BASE;;;;ESTRUCTURANTE;;;;CLASE 1;R9;;GRUPO BIa;GL Esmaltado;;;NO;;;1;096.002.0108.15532;20X75;CATLOGO PAMESA;;;120;120;7,8;14400;120x120;CORE PRO;WHITE;https://www.pamesa.com/ERP/4.0/empresas/151/045/imagenes/t00010602/0960020037281.jpg
17;2;7;15759;0170020035394;SI;REC.GLASS;120x120(T) EXT.CORE PRO BEIGE;A;SI;SI;0.0000;TECH12;PAM-ADZ.PAMESA;PAMESA;23/24/02;8429991166120;;8429991773199;M2;2;2.88;24;69.12;49.00;1,216.00;126.00;126.00;70.00;;7.80;31/07/2025;PAMESA;PAMESA;GRES PORCELNICO;0170020035394;;TECH;CORE PRO;CEMENTO;;ANTIDESLIZANTE;BASE;BASE;MATE RECTIFICADO;VARIACION LEVE;;ESTRUCTURANTE;;;;CLASE 3;R11;C;GRUPO BIa;GL Esmaltado;;36 Low;NO;;1600-2400 N - 35-45 N/mm2;1;017.002.0007.15759;60X60N(20MM);CATLOGO PAMESA;;;120;120;7,8;14400;120x120;EXT.CORE PRO;BEIGE;https://www.pamesa.com/ERP/4.0/empresas/151/045/imagenes/t00010602/0170020035394.jpg
17;2;957;15759;0170020035402;SI;REC.GLASS;120x120(T) EXT.CORE PRO CLAY;A;SI;SI;0.0000;TECH12;PAM-ADZ.PAMESA;PAMESA;23/24/02;8429991166199;;8429991773199;M2;2;2.88;24;69.12;49.00;1,216.00;126.00;126.00;70.00;;7.80;31/07/2025;PAMESA;PAMESA;GRES PORCELNICO;0170020035402;;TECH;CORE PRO;CEMENTO;;ANTIDESLIZANTE;BASE;BASE;MATE RECTIFICADO;VARIACION LEVE;;ESTRUCTURANTE;;;;CLASE 3;R11;C;GRUPO BIa;GL Esmaltado;;36 Low;NO;;1600-2400 N - 35-45 N/mm2;1;017.002.0957.15759;45X45;CATLOGO PAMESA;;;120;120;7,8;14400;120x120;EXT.CORE PRO;CLAY;https://www.pamesa.com/ERP/4.0/empresas/151/045/imagenes/t00010602/0170020035402.jpg
17;2;298;15759;0170020035401;SI;REC.GLASS;120x120(T) EXT.CORE PRO COAL;A;SI;SI;0.0000;TECH12;PAM-ADZ.PAMESA;PAMESA;23/24/02;8429991166182;;8429991773199;M2;2;2.88;24;69.12;49.00;1,216.00;126.00;126.00;70.00;;7.80;31/07/2025;PAMESA;PAMESA;GRES PORCELNICO;0170020035401;;TECH;CORE PRO;CEMENTO;;ANTIDESLIZANTE;BASE;BASE;MATE RECTIFICADO;VARIACION LEVE;;ESTRUCTURANTE;;;;CLASE 3;R11;C;GRUPO BIa;GL Esmaltado;;36 Low;NO;;1600-2400 N - 35-45 N/mm2;1;017.002.0298.15759;60x60;CATLOGO PAMESA;;;120;120;7,8;14400;120x120;EXT.CORE PRO;COAL;https://www.pamesa.com/ERP/4.0/empresas/151/045/imagenes/t00010602/0170020035401.jpg
17;2;161;15759;0170020035396;SI;REC.GLASS;120x120(T) EXT.CORE PRO GREY;A;SI;SI;0.0000;TECH12;PAM-ADZ.PAMESA;PAMESA;23/24/02;8429991166144;;8429991773199;M2;2;2.88;24;69.12;49.00;1,216.00;126.00;126.00;70.00;;7.80;31/07/2025;PAMESA;PAMESA;GRES PORCELNICO;0170020035396;;TECH;CORE PRO;CEMENTO;;ANTIDESLIZANTE;BASE;BASE;MATE RECTIFICADO;VARIACION LEVE;;ESTRUCTURANTE;;;;CLASE 3;R11;C;GRUPO BIa;GL Esmaltado;;36 Low;NO;;1600-2400 N - 35-45 N/mm2;1;017.002.0161.15759;60,8x60,8;CATLOGO PAMESA;;;120;120;7,8;14400;120x120;EXT.CORE PRO;GREY;https://www.pamesa.com/ERP/4.0/empresas/151/045/imagenes/t00010602/0170020035396.jpg
17;2;164;15759;0170020035397;SI;REC.GLASS;120x120(T) EXT.CORE PRO IVORY;A;SI;SI;0.0000;TECH12;PAM-ADZ.PAMESA;PAMESA;23/24/02;8429991166151;;8429991773199;M2;2;2.88;24;69.12;49.00;1,216.00;126.00;126.00;70.00;;7.80;31/07/2025;PAMESA;PAMESA;GRES PORCELNICO;0170020035397;;TECH;CORE PRO;CEMENTO;;ANTIDESLIZANTE;BASE;BASE;MATE RECTIFICADO;VARIACION LEVE;;ESTRUCTURANTE;;;;CLASE 3;R11;C;GRUPO BIa;GL Esmaltado;;36 Low;NO;;1600-2400 N - 35-45 N/mm2;1;017.002.0164.15759;100X100;CATLOGO PAMESA;;;120;120;7,8;14400;120x120;EXT.CORE PRO;IVORY;https://www.pamesa.com/ERP/4.0/empresas/151/045/imagenes/t00010602/0170020035397.jpg
17;2;169;15759;0170020035398;SI;REC.GLASS;120x120(T) EXT.CORE PRO PEARL;A;SI;SI;0.0000;TECH12;PAM-ADZ.PAMESA;PAMESA;23/24/02;8429991166168;;8429991773199;M2;2;2.88;24;69.12;49.00;1,216.00;126.00;126.00;70.00;;7.80;31/07/2025;PAMESA;PAMESA;GRES PORCELNICO;0170020035398;;TECH;CORE PRO;CEMENTO;;ANTIDESLIZANTE;BASE;BASE;MATE RECTIFICADO;VARIACION LEVE;;ESTRUCTURANTE;;;;CLASE 3;R11;C;GRUPO BIa;GL Esmaltado;;36 Low;NO;;1600-2400 N - 35-45 N/mm2;1;017.002.0169.15759;60X120(n);CATLOGO PAMESA;;;120;120;7,8;14400;120x120;EXT.CORE PRO;PEARL;https://www.pamesa.com/ERP/4.0/empresas/151/045/imagenes/t00010602/0170020035398.jpg
17;2;285;15759;0170020035400;SI;REC.GLASS;120x120(T) EXT.CORE PRO TAUPE;A;SI;SI;0.0000;TECH12;PAM-ADZ.PAMESA;PAMESA;23/24/02;8429991166175;;8429991773199;M2;2;2.88;24;69.12;49.00;1,216.00;126.00;126.00;70.00;;7.80;31/07/2025;PAMESA;PAMESA;GRES PORCELNICO;0170020035400;;TECH;CORE PRO;CEMENTO;;ANTIDESLIZANTE;BASE;BASE;MATE RECTIFICADO;VARIACION LEVE;;ESTRUCTURANTE;;;;CLASE 3;R11;C;GRUPO BIa;GL Esmaltado;;36 Low;NO;;1600-2400 N - 35-45 N/mm2;1;017.002.0285.15759;60X120(n);CATLOGO PAMESA;;;120;120;7,8;14400;120x120;EXT.CORE PRO;TAUPE;https://www.pamesa.com/ERP/4.0/empresas/151/045/imagenes/t00010602/0170020035400.jpg
17;2;108;15759;0170020035395;SI;REC.GLASS;120x120(T) EXT.CORE PRO WHITE;A;SI;SI;0.0000;TECH12;PAM-ADZ.PAMESA;PAMESA;23/24/02;8429991166137;;8429991773199;M2;2;2.88;24;69.12;49.00;1,216.00;126.00;126.00;70.00;;7.80;31/07/2025;PAMESA;PAMESA;GRES PORCELNICO;0170020035395;;TECH;CORE PRO;CEMENTO;;ANTIDESLIZANTE;BASE;BASE;MATE RECTIFICADO;VARIACION LEVE;;ESTRUCTURANTE;;;;CLASE 3;R11;C;GRUPO BIa;GL Esmaltado;;36 Low;NO;;1600-2400 N - 35-45 N/mm2;1;017.002.0108.15759;30x30(7)Malla;CATLOGO PAMESA;;;120;120;7,8;14400;120x120;EXT.CORE PRO;WHITE;https://www.pamesa.com/ERP/4.0/empresas/151/045/imagenes/t00010602/0170020035395.jpg
96;22;7;15532;0960220037308;SI;CG.REC.MATE CEPILLADO;60X120(T)C CORE PRO BEIGE;A;SI;SI;0.0000;TECH03;PAMESA;PAMESA;24/40/02;8429991159740;;8429991773199;M2;2;1.44;40;57.60;27.00;1,110.00;122.00;84.00;73.50;;7.80;18/09/2025;PAMESA;PAMESA;GRES PORCELNICO;0960220037308;;TECH;CORE PRO;CEMENTO;;POLIVALENTE;;BASE;;;;ESTRUCTURANTE;;;;CLASE 1;R9;;GRUPO BIa;GL Esmaltado;;;NO;;;1;096.022.0007.15532;60X120 RF;;;;60;120;7,8;7200;60x120;CORE PRO;BEIGE;https://www.pamesa.com/ERP/4.0/empresas/151/045/imagenes/t00010602/0960220037308.jpg
96;22;957;15532;0960220037310;SI;CG.REC.MATE CEPILLADO;60X120(T)C CORE PRO CLAY;A;SI;SI;0.0000;TECH03;PAMESA;PAMESA;24/40/02;8429991159986;;8429991773199;M2;2;1.44;40;57.60;27.00;1,110.00;122.00;84.00;73.50;;7.80;18/09/2025;PAMESA;PAMESA;GRES PORCELNICO;0960220037310;;TECH;CORE PRO;CEMENTO;;POLIVALENTE;;BASE;;;;ESTRUCTURANTE;;;;CLASE 1;R9;;GRUPO BIa;GL Esmaltado;;;NO;;;1;096.022.0957.15532;60X120(n);;;;60;120;7,8;7200;60x120;CORE PRO;CLAY;https://www.pamesa.com/ERP/4.0/empresas/151/045/imagenes/t00010602/0960220037310.jpg
96;22;298;15532;0960220037313;SI;CG.REC.MATE CEPILLADO;60X120(T)C CORE PRO COAL;A;SI;SI;0.0000;TECH03;PAMESA;PAMESA;24/40/02;8429991159955;;8429991773199;M2;2;1.44;40;57.60;27.00;1,110.00;122.00;84.00;73.50;;7.80;18/09/2025;PAMESA;PAMESA;GRES PORCELNICO;0960220037313;;TECH;CORE PRO;CEMENTO;;POLIVALENTE;;BASE;;;;ESTRUCTURANTE;;;;CLASE 1;R9;;GRUPO BIa;GL Esmaltado;;;NO;;;1;096.022.0298.15532;60X120(n);;;;60;120;7,8;7200;60x120;CORE PRO;COAL;https://www.pamesa.com/ERP/4.0/empresas/151/045/imagenes/t00010602/0960220037313.jpg
96;22;161;15532;0960220037307;SI;CG.REC.MATE CEPILLADO;60X120(T)C CORE PRO GREY;A;SI;SI;0.0000;TECH03;PAMESA;PAMESA;24/40/02;8429991159894;;8429991773199;M2;2;1.44;40;57.60;27.00;1,110.00;122.00;84.00;73.50;;7.80;18/09/2025;PAMESA;PAMESA;GRES PORCELNICO;0960220037307;;TECH;CORE PRO;CEMENTO;;POLIVALENTE;;BASE;;;;ESTRUCTURANTE;;;;CLASE 1;R9;;GRUPO BIa;GL Esmaltado;;;NO;;;1;096.022.0161.15532;60X120(n);;;;60;120;7,8;7200;60x120;CORE PRO;GREY;https://www.pamesa.com/ERP/4.0/empresas/151/045/imagenes/t00010602/0960220037307.jpg
96;22;164;15532;0960220037309;SI;CG.REC.MATE CEPILLADO;60X120(T)C CORE PRO IVORY;A;SI;SI;0.0000;TECH03;PAMESA;PAMESA;24/40/02;8429991159672;;8429991773199;M2;2;1.44;40;57.60;27.00;1,110.00;122.00;84.00;73.50;;7.80;18/09/2025;PAMESA;PAMESA;GRES PORCELNICO;0960220037309;;TECH;CORE PRO;CEMENTO;;POLIVALENTE;;BASE;;;;ESTRUCTURANTE;;;;CLASE 1;R9;;GRUPO BIa;GL Esmaltado;;;NO;;;1;096.022.0164.15532;60X120(n);;;;60;120;7,8;7200;60x120;CORE PRO;IVORY;https://www.pamesa.com/ERP/4.0/empresas/151/045/imagenes/t00010602/0960220037309.jpg
96;22;169;15532;0960220037311;SI;CG.REC.MATE CEPILLADO;60X120(T)C CORE PRO PEARL;A;SI;SI;0.0000;TECH03;PAMESA;PAMESA;24/40/02;8429991159825;;8429991773199;M2;2;1.44;40;57.60;27.00;1,110.00;122.00;84.00;73.50;;7.80;18/09/2025;PAMESA;PAMESA;GRES PORCELNICO;0960220037311;;TECH;CORE PRO;CEMENTO;;POLIVALENTE;;BASE;;;;ESTRUCTURANTE;;;;CLASE 1;R9;;GRUPO BIa;GL Esmaltado;;;NO;;;1;096.022.0169.15532;60X120(n);;;;60;120;7,8;7200;60x120;CORE PRO;PEARL;https://www.pamesa.com/ERP/4.0/empresas/151/045/imagenes/t00010602/0960220037311.jpg
96;22;285;15532;0960220037312;SI;CG.REC.MATE CEPILLADO;60X120(T)C CORE PRO TAUPE;A;SI;SI;0.0000;TECH03;PAMESA;PAMESA;24/40/02;8429991159924;;8429991773199;M2;2;1.44;40;57.60;27.00;1,110.00;122.00;84.00;73.50;;7.80;18/09/2025;PAMESA;PAMESA;GRES PORCELNICO;0960220037312;;TECH;CORE PRO;CEMENTO;;POLIVALENTE;;BASE;;;;ESTRUCTURANTE;;;;CLASE 1;R9;;GRUPO BIa;GL Esmaltado;;;NO;;;1;096.022.0285.15532;60X120(n);;;;60;120;7,8;7200;60x120;CORE PRO;TAUPE;https://www.pamesa.com/ERP/4.0/empresas/151/045/imagenes/t00010602/0960220037312.jpg
96;22;108;15532;0960220037306;SI;CG.REC.MATE CEPILLADO;60X120(T)C CORE PRO WHITE;A;SI;SI;0.0000;TECH03;PAMESA;PAMESA;24/40/02;8429991159597;;8429991773199;M2;2;1.44;40;57.60;27.00;1,110.00;122.00;84.00;73.50;;7.80;18/09/2025;PAMESA;PAMESA;GRES PORCELNICO;0960220037306;;TECH;CORE PRO;CEMENTO;;POLIVALENTE;;BASE;;;;ESTRUCTURANTE;;;;CLASE 1;R9;;GRUPO BIa;GL Esmaltado;;;NO;;;1;096.022.0108.15532;60X120(n);;;;60;120;7,8;7200;60x120;CORE PRO;WHITE;https://www.pamesa.com/ERP/4.0/empresas/151/045/imagenes/t00010602/0960220037306.jpg
17;22;7;15759;0170220035421;SI;REC.GLASS;60X120(T)C EXT.CORE PRO BEIGE;A;SI;SI;0.0000;TECH11;PAM-ADZ.PAMESA;PAMESA;24/40/02;8429991166366;;8429991773199;M2;2;1.44;40;57.60;27.00;1,110.00;122.00;84.00;73.50;;7.80;31/07/2025;PAMESA;PAMESA;GRES PORCELNICO;0170220035421;;TECH;CORE PRO;CEMENTO;;ANTIDESLIZANTE;BASE;BASE;MATE RECTIFICADO;VARIACION LEVE;;ESTRUCTURANTE;;;;CLASE 3;R11;C;GRUPO BIa;GL Esmaltado;;36 Low;NO;;1600-2400 N - 35-45 N/mm2;1;017.022.0007.15759;60X60N(20MM);CATLOGO PAMESA;;;60;120;7,8;7200;60x120;EXT.CORE PRO;BEIGE;https://www.pamesa.com/ERP/4.0/empresas/151/045/imagenes/t00010602/0170220035421.jpg
17;22;957;15759;0170220035429;SI;REC.GLASS;60X120(T)C EXT.CORE PRO CLAY;A;SI;SI;0.0000;TECH11;PAM-ADZ.PAMESA;PAMESA;24/40/02;8429991166434;;8429991773199;M2;2;1.44;40;57.60;27.00;1,110.00;122.00;84.00;73.50;;7.80;31/07/2025;PAMESA;PAMESA;GRES PORCELNICO;0170220035429;;TECH;CORE PRO;CEMENTO;;ANTIDESLIZANTE;BASE;BASE;MATE RECTIFICADO;VARIACION LEVE;;ESTRUCTURANTE;;;;CLASE 3;R11;C;GRUPO BIa;GL Esmaltado;;36 Low;NO;;1600-2400 N - 35-45 N/mm2;1;017.022.0957.15759;60,8x60,8;CATLOGO PAMESA;;;60;120;7,8;7200;60x120;EXT.CORE PRO;CLAY;https://www.pamesa.com/ERP/4.0/empresas/151/045/imagenes/t00010602/0170220035429.jpg
17;22;298;15759;0170220035428;SI;REC.GLASS;60X120(T)C EXT.CORE PRO COAL;A;SI;SI;0.0000;TECH11;PAM-ADZ.PAMESA;PAMESA;24/40/02;8429991166427;;8429991773199;M2;2;1.44;40;57.60;27.00;1,110.00;122.00;84.00;73.50;;7.80;31/07/2025;PAMESA;PAMESA;GRES PORCELNICO;0170220035428;;TECH;CORE PRO;CEMENTO;;ANTIDESLIZANTE;BASE;BASE;MATE RECTIFICADO;VARIACION LEVE;;ESTRUCTURANTE;;;;CLASE 3;R11;C;GRUPO BIa;GL Esmaltado;;36 Low;NO;;1600-2400 N - 35-45 N/mm2;1;017.022.0298.15759;60x60;CATLOGO PAMESA;;;60;120;7,8;7200;60x120;EXT.CORE PRO;COAL;https://www.pamesa.com/ERP/4.0/empresas/151/045/imagenes/t00010602/0170220035428.jpg
17;22;161;15759;0170220035424;SI;REC.GLASS;60X120(T)C EXT.CORE PRO GREY;A;SI;SI;0.0000;TECH11;PAM-ADZ.PAMESA;PAMESA;24/40/02;8429991166380;;8429991773199;M2;2;1.44;40;57.60;27.00;1,110.00;122.00;84.00;73.50;;7.80;31/07/2025;PAMESA;PAMESA;GRES PORCELNICO;0170220035424;;TECH;CORE PRO;CEMENTO;;ANTIDESLIZANTE;BASE;BASE;MATE RECTIFICADO;VARIACION LEVE;;ESTRUCTURANTE;;;;CLASE 3;R11;C;GRUPO BIa;GL Esmaltado;;36 Low;NO;;1600-2400 N - 35-45 N/mm2;1;017.022.0161.15759;30x60 (C);CATLOGO PAMESA;;;60;120;7,8;7200;60x120;EXT.CORE PRO;GREY;https://www.pamesa.com/ERP/4.0/empresas/151/045/imagenes/t00010602/0170220035424.jpg
17;22;164;15759;0170220035426;SI;REC.GLASS;60X120(T)C EXT.CORE PRO IVORY;A;SI;SI;0.0000;TECH11;PAM-ADZ.PAMESA;PAMESA;24/40/02;8429991166403;;8429991773199;M2;2;1.44;40;57.60;27.00;1,110.00;122.00;84.00;73.50;;7.80;31/07/2025;PAMESA;PAMESA;GRES PORCELNICO;0170220035426;;TECH;CORE PRO;CEMENTO;;ANTIDESLIZANTE;BASE;BASE;MATE RECTIFICADO;VARIACION LEVE;;ESTRUCTURANTE;;;;CLASE 3;R11;C;GRUPO BIa;GL Esmaltado;;36 Low;NO;;1600-2400 N - 35-45 N/mm2;1;017.022.0164.15759;30x30(7)Malla;CATLOGO PAMESA;;;60;120;7,8;7200;60x120;EXT.CORE PRO;IVORY;https://www.pamesa.com/ERP/4.0/empresas/151/045/imagenes/t00010602/0170220035426.jpg
17;22;169;15759;0170220035425;SI;REC.GLASS;60X120(T)C EXT.CORE PRO PEARL;A;SI;SI;0.0000;TECH11;PAM-ADZ.PAMESA;PAMESA;24/40/02;8429991166397;;8429991773199;M2;2;1.44;40;57.60;27.00;1,110.00;122.00;84.00;73.50;;7.80;31/07/2025;PAMESA;PAMESA;GRES PORCELNICO;0170220035425;;TECH;CORE PRO;CEMENTO;;ANTIDESLIZANTE;BASE;BASE;MATE RECTIFICADO;VARIACION LEVE;;ESTRUCTURANTE;;;;CLASE 3;R11;C;GRUPO BIa;GL Esmaltado;;36 Low;NO;;1600-2400 N - 35-45 N/mm2;1;017.022.0169.15759;60x60;CATLOGO PAMESA;;;60;120;7,8;7200;60x120;EXT.CORE PRO;PEARL;https://www.pamesa.com/ERP/4.0/empresas/151/045/imagenes/t00010602/0170220035425.jpg
17;22;285;15759;0170220035427;SI;REC.GLASS;60X120(T)C EXT.CORE PRO TAUPE;A;SI;SI;0.0000;TECH11;PAM-ADZ.PAMESA;PAMESA;24/40/02;8429991166410;;8429991773199;M2;2;1.44;40;57.60;27.00;1,110.00;122.00;84.00;73.50;;7.80;31/07/2025;PAMESA;PAMESA;GRES PORCELNICO;0170220035427;;TECH;CORE PRO;CEMENTO;;ANTIDESLIZANTE;BASE;BASE;MATE RECTIFICADO;VARIACION LEVE;;ESTRUCTURANTE;;;;CLASE 3;R11;C;GRUPO BIa;GL Esmaltado;;36 Low;NO;;1600-2400 N - 35-45 N/mm2;1;017.022.0285.15759;60X90(N)20MM;CATLOGO PAMESA;;;60;120;7,8;7200;60x120;EXT.CORE PRO;TAUPE;https://www.pamesa.com/ERP/4.0/empresas/151/045/imagenes/t00010602/0170220035427.jpg
17;22;108;15759;0170220035422;SI;REC.GLASS;60X120(T)C EXT.CORE PRO WHITE;A;SI;SI;0.0000;TECH11;PAM-ADZ.PAMESA;PAMESA;24/40/02;8429991166373;;8429991773199;M2;2;1.44;40;57.60;27.00;1,110.00;122.00;84.00;73.50;;7.80;31/07/2025;PAMESA;PAMESA;GRES PORCELNICO;0170220035422;;TECH;CORE PRO;CEMENTO;;ANTIDESLIZANTE;BASE;BASE;MATE RECTIFICADO;VARIACION LEVE;;ESTRUCTURANTE;;;;CLASE 3;R11;C;GRUPO BIa;GL Esmaltado;;36 Low;NO;;1600-2400 N - 35-45 N/mm2;1;017.022.0108.15759;60x60;CATLOGO PAMESA;;;60;120;7,8;7200;60x120;EXT.CORE PRO;WHITE;https://www.pamesa.com/ERP/4.0/empresas/151/045/imagenes/t00010602/0170220035422.jpg
96;17;7;15532;0960170037291;SI;CG.REC.MATE CEPILLADO;60X60(T)C CORE PRO BEIGE;A;SI;SI;0.0000;TECH02;PAMESA;PAMESA;F/40/04;8429991159733;;8429991773199;M2;4;1.44;40;57.60;27.00;1,100.00;120.00;80.00;73.50;;7.80;18/09/2025;PAMESA;PAMESA;GRES PORCELNICO;0960170037291;;TECH;CORE PRO;CEMENTO;;POLIVALENTE;;BASE;;;;ESTRUCTURANTE;;;;CLASE 1;R9;;GRUPO BIa;GL Esmaltado;;;NO;;;1;096.017.0007.15532;120X120;;;;60;60;7,8;3600;60x60;CORE PRO;BEIGE;https://www.pamesa.com/ERP/4.0/empresas/151/045/imagenes/t00010602/0960170037291.jpg
96;17;957;15532;0960170037293;SI;CG.REC.MATE CEPILLADO;60X60(T)C CORE PRO CLAY;A;SI;SI;0.0000;TECH02;PAMESA;PAMESA;F/40/04;8429991159962;;8429991773199;M2;4;1.44;40;57.60;27.00;1,100.00;120.00;80.00;73.50;;7.80;18/09/2025;PAMESA;PAMESA;GRES PORCELNICO;0960170037293;;TECH;CORE PRO;CEMENTO;;POLIVALENTE;;BASE;;;;ESTRUCTURANTE;;;;CLASE 1;R9;;GRUPO BIa;GL Esmaltado;;;NO;;;1;096.017.0957.15532;120X120;;;;60;60;7,8;3600;60x60;CORE PRO;CLAY;https://www.pamesa.com/ERP/4.0/empresas/151/045/imagenes/t00010602/0960170037293.jpg
96;17;298;15532;0960170037296;SI;CG.REC.MATE CEPILLADO;60X60(T)C CORE PRO COAL;A;SI;SI;0.0000;TECH02;PAMESA;PAMESA;F/40/04;8429991160357;;8429991773199;M2;4;1.44;40;57.60;27.00;1,100.00;120.00;80.00;73.50;;7.80;18/09/2025;PAMESA;PAMESA;GRES PORCELNICO;0960170037296;;TECH;CORE PRO;CEMENTO;;POLIVALENTE;;BASE;;;;ESTRUCTURANTE;;;;CLASE 1;R9;;GRUPO BIa;GL Esmaltado;;;NO;;;1;096.017.0298.15532;120X120;;;;60;60;7,8;3600;60x60;CORE PRO;COAL;https://www.pamesa.com/ERP/4.0/empresas/151/045/imagenes/t00010602/0960170037296.jpg
96;17;161;15532;0960170037290;SI;CG.REC.MATE CEPILLADO;60X60(T)C CORE PRO GREY;A;SI;SI;0.0000;TECH02;PAMESA;PAMESA;F/40/04;8429991159870;;8429991773199;M2;4;1.44;40;57.60;27.00;1,100.00;120.00;80.00;73.50;;7.80;18/09/2025;PAMESA;PAMESA;GRES PORCELNICO;0960170037290;;TECH;CORE PRO;CEMENTO;;POLIVALENTE;;BASE;;;;ESTRUCTURANTE;;;;CLASE 1;R9;;GRUPO BIa;GL Esmaltado;;;NO;;;1;096.017.0161.15532;120X120;;;;60;60;7,8;3600;60x60;CORE PRO;GREY;https://www.pamesa.com/ERP/4.0/empresas/151/045/imagenes/t00010602/0960170037290.jpg
96;17;164;15532;0960170037292;SI;CG.REC.MATE CEPILLADO;60X60(T)C CORE PRO IVORY;A;SI;SI;0.0000;TECH02;PAMESA;PAMESA;F/40/04;8429991159658;;8429991773199;M2;4;1.44;40;57.60;27.00;1,100.00;120.00;80.00;73.50;;7.80;18/09/2025;PAMESA;PAMESA;GRES PORCELNICO;0960170037292;;TECH;CORE PRO;CEMENTO;;POLIVALENTE;;BASE;;;;ESTRUCTURANTE;;;;CLASE 1;R9;;GRUPO BIa;GL Esmaltado;;;NO;;;1;096.017.0164.15532;120X120(T);;;;60;60;7,8;3600;60x60;CORE PRO;IVORY;https://www.pamesa.com/ERP/4.0/empresas/151/045/imagenes/t00010602/0960170037292.jpg
96;17;169;15532;0960170037294;SI;CG.REC.MATE CEPILLADO;60X60(T)C CORE PRO PEARL;A;SI;SI;0.0000;TECH02;PAMESA;PAMESA;F/40/04;8429991159801;;8429991773199;M2;4;1.44;40;57.60;27.00;1,100.00;120.00;80.00;73.50;;7.80;18/09/2025;PAMESA;PAMESA;GRES PORCELNICO;0960170037294;;TECH;CORE PRO;CEMENTO;;POLIVALENTE;;BASE;;;;ESTRUCTURANTE;;;;CLASE 1;R9;;GRUPO BIa;GL Esmaltado;;;NO;;;1;096.017.0169.15532;120X120;;;;60;60;7,8;3600;60x60;CORE PRO;PEARL;https://www.pamesa.com/ERP/4.0/empresas/151/045/imagenes/t00010602/0960170037294.jpg
96;17;285;15532;0960170037295;SI;CG.REC.MATE CEPILLADO;60X60(T)C CORE PRO TAUPE;A;SI;SI;0.0000;TECH02;PAMESA;PAMESA;F/40/04;8429991159900;;8429991773199;M2;4;1.44;40;57.60;27.00;1,100.00;120.00;80.00;73.50;;7.80;18/09/2025;PAMESA;PAMESA;GRES PORCELNICO;0960170037295;;TECH;CORE PRO;CEMENTO;;POLIVALENTE;;BASE;;;;ESTRUCTURANTE;;;;CLASE 1;R9;;GRUPO BIa;GL Esmaltado;;;NO;;;1;096.017.0285.15532;120X120;;;;60;60;7,8;3600;60x60;CORE PRO;TAUPE;https://www.pamesa.com/ERP/4.0/empresas/151/045/imagenes/t00010602/0960170037295.jpg
96;17;108;15532;0960170037289;SI;CG.REC.MATE CEPILLADO;60X60(T)C CORE PRO WHITE;A;SI;SI;0.0000;TECH02;PAMESA;PAMESA;F/40/04;8429991159573;;8429991773199;M2;4;1.44;40;57.60;27.00;1,100.00;120.00;80.00;73.50;;7.80;18/09/2025;PAMESA;PAMESA;GRES PORCELNICO;0960170037289;;TECH;CORE PRO;CEMENTO;;POLIVALENTE;;BASE;;;;ESTRUCTURANTE;;;;CLASE 1;R9;;GRUPO BIa;GL Esmaltado;;;NO;;;1;096.017.0108.15532;120X120;;;;60;60;7,8;3600;60x60;CORE PRO;WHITE;https://www.pamesa.com/ERP/4.0/empresas/151/045/imagenes/t00010602/0960170037289.jpg
17;17;7;15759;0170170035404;SI;REC.GLASS;60X60(T)C EXT.CORE PRO BEIGE;A;SI;SI;0.0000;TECH10;PAM-ADZ.PAMESA;PAMESA;F/40/04;8429991166205;;8429991773199;M2;4;1.44;40;57.60;27.00;1,100.00;120.00;80.00;73.50;;7.80;31/07/2025;PAMESA;PAMESA;GRES PORCELNICO;0170170035404;;TECH;CORE PRO;CEMENTO;;ANTIDESLIZANTE;BASE;BASE;MATE RECTIFICADO;VARIACION LEVE;;ESTRUCTURANTE;;;;CLASE 3;R11;C;GRUPO BIa;GL Esmaltado;;36 Low;NO;;1600-2400 N - 35-45 N/mm2;1;017.017.0007.15759;60x60;CATLOGO PAMESA;;;60;60;7,8;3600;60x60;EXT.CORE PRO;BEIGE;https://www.pamesa.com/ERP/4.0/empresas/151/045/imagenes/t00010602/0170170035404.jpg
17;17;957;15759;0170170035411;SI;REC.GLASS;60X60(T)C EXT.CORE PRO CLAY;A;SI;SI;0.0000;TECH10;PAM-ADZ.PAMESA;PAMESA;F/40/04;8429991166274;;8429991773199;M2;4;1.44;40;57.60;27.00;1,100.00;120.00;80.00;73.50;;7.80;31/07/2025;PAMESA;PAMESA;GRES PORCELNICO;0170170035411;;TECH;CORE PRO;CEMENTO;;ANTIDESLIZANTE;BASE;BASE;MATE RECTIFICADO;VARIACION LEVE;;ESTRUCTURANTE;;;;CLASE 3;R11;C;GRUPO BIa;GL Esmaltado;;36 Low;NO;;1600-2400 N - 35-45 N/mm2;1;017.017.0957.15759;60x60;CATLOGO PAMESA;;;60;60;7,8;3600;60x60;EXT.CORE PRO;CLAY;https://www.pamesa.com/ERP/4.0/empresas/151/045/imagenes/t00010602/0170170035411.jpg
17;17;298;15759;0170170035410;SI;REC.GLASS;60X60(T)C EXT.CORE PRO COAL;A;SI;SI;0.0000;TECH10;PAM-ADZ.PAMESA;PAMESA;F/40/04;8429991166267;;8429991773199;M2;4;1.44;40;57.60;27.00;1,100.00;120.00;80.00;73.50;;7.80;31/07/2025;PAMESA;PAMESA;GRES PORCELNICO;0170170035410;;TECH;CORE PRO;CEMENTO;;ANTIDESLIZANTE;BASE;BASE;MATE RECTIFICADO;VARIACION LEVE;;ESTRUCTURANTE;;;;CLASE 3;R11;C;GRUPO BIa;GL Esmaltado;;36 Low;NO;;1600-2400 N - 35-45 N/mm2;1;017.017.0298.15759;60,8x60,8;CATLOGO PAMESA;;;60;60;7,8;3600;60x60;EXT.CORE PRO;COAL;https://www.pamesa.com/ERP/4.0/empresas/151/045/imagenes/t00010602/0170170035410.jpg
17;17;161;15759;0170170035406;SI;REC.GLASS;60X60(T)C EXT.CORE PRO GREY;A;SI;SI;0.0000;TECH10;PAM-ADZ.PAMESA;PAMESA;F/40/04;8429991166229;;8429991773199;M2;4;1.44;40;57.60;27.00;1,100.00;120.00;80.00;73.50;;7.80;31/07/2025;PAMESA;PAMESA;GRES PORCELNICO;0170170035406;;TECH;CORE PRO;CEMENTO;;ANTIDESLIZANTE;BASE;BASE;MATE RECTIFICADO;VARIACION LEVE;;ESTRUCTURANTE;;;;CLASE 3;R11;C;GRUPO BIa;GL Esmaltado;;36 Low;NO;;1600-2400 N - 35-45 N/mm2;1;017.017.0161.15759;60X120(n);CATLOGO PAMESA;;;60;60;7,8;3600;60x60;EXT.CORE PRO;GREY;https://www.pamesa.com/ERP/4.0/empresas/151/045/imagenes/t00010602/0170170035406.jpg
17;17;164;15759;0170170035407;SI;REC.GLASS;60X60(T)C EXT.CORE PRO IVORY;A;SI;SI;0.0000;TECH10;PAM-ADZ.PAMESA;PAMESA;F/40/04;8429991166236;;8429991773199;M2;4;1.44;40;57.60;27.00;1,100.00;120.00;80.00;73.50;;7.80;31/07/2025;PAMESA;PAMESA;GRES PORCELNICO;0170170035407;;TECH;CORE PRO;CEMENTO;;ANTIDESLIZANTE;BASE;BASE;MATE RECTIFICADO;VARIACION LEVE;;ESTRUCTURANTE;;;;CLASE 3;R11;C;GRUPO BIa;GL Esmaltado;;36 Low;NO;;1600-2400 N - 35-45 N/mm2;1;017.017.0164.15759;60X120(n);CATLOGO PAMESA;;;60;60;7,8;3600;60x60;EXT.CORE PRO;IVORY;https://www.pamesa.com/ERP/4.0/empresas/151/045/imagenes/t00010602/0170170035407.jpg
17;17;169;15759;0170170035408;SI;REC.GLASS;60X60(T)C EXT.CORE PRO PEARL;A;SI;SI;0.0000;TECH10;PAM-ADZ.PAMESA;PAMESA;F/40/04;8429991166243;;8429991773199;M2;4;1.44;40;57.60;27.00;1,100.00;120.00;80.00;73.50;;7.80;31/07/2025;PAMESA;PAMESA;GRES PORCELNICO;0170170035408;;TECH;CORE PRO;CEMENTO;;ANTIDESLIZANTE;BASE;BASE;MATE RECTIFICADO;VARIACION LEVE;;ESTRUCTURANTE;;;;CLASE 3;R11;C;GRUPO BIa;GL Esmaltado;;36 Low;NO;;1600-2400 N - 35-45 N/mm2;1;017.017.0169.15759;60X120(n);CATLOGO PAMESA;;;60;60;7,8;3600;60x60;EXT.CORE PRO;PEARL;https://www.pamesa.com/ERP/4.0/empresas/151/045/imagenes/t00010602/0170170035408.jpg
17;17;285;15759;0170170035409;SI;REC.GLASS;60X60(T)C EXT.CORE PRO TAUPE;A;SI;SI;0.0000;TECH10;PAM-ADZ.PAMESA;PAMESA;F/40/04;8429991166250;;8429991773199;M2;4;1.44;40;57.60;27.00;1,100.00;120.00;80.00;73.50;;7.80;31/07/2025;PAMESA;PAMESA;GRES PORCELNICO;0170170035409;;TECH;CORE PRO;CEMENTO;;ANTIDESLIZANTE;BASE;BASE;MATE RECTIFICADO;VARIACION LEVE;;ESTRUCTURANTE;;;;CLASE 3;R11;C;GRUPO BIa;GL Esmaltado;;36 Low;NO;;1600-2400 N - 35-45 N/mm2;1;017.017.0285.15759;60,8x60,8;CATLOGO PAMESA;;;60;60;7,8;3600;60x60;EXT.CORE PRO;TAUPE;https://www.pamesa.com/ERP/4.0/empresas/151/045/imagenes/t00010602/0170170035409.jpg
17;17;108;15759;0170170035405;SI;REC.GLASS;60X60(T)C EXT.CORE PRO WHITE;A;SI;SI;0.0000;TECH10;PAM-ADZ.PAMESA;PAMESA;F/40/04;8429991166212;;8429991773199;M2;4;1.44;40;57.60;27.00;1,100.00;120.00;80.00;73.50;;7.80;31/07/2025;PAMESA;PAMESA;GRES PORCELNICO;0170170035405;;TECH;CORE PRO;CEMENTO;;ANTIDESLIZANTE;BASE;BASE;MATE RECTIFICADO;VARIACION LEVE;;ESTRUCTURANTE;;;;CLASE 3;R11;C;GRUPO BIa;GL Esmaltado;;36 Low;NO;;1600-2400 N - 35-45 N/mm2;1;017.017.0108.15759;60X120(n);CATLOGO PAMESA;;;60;60;7,8;3600;60x60;EXT.CORE PRO;WHITE;https://www.pamesa.com/ERP/4.0/empresas/151/045/imagenes/t00010602/0170170035405.jpg
96;21;7;15532;0960210037300;SI;CG.REC.MATE CEPILLADO;30X60(T)C CORE PRO BEIGE;A;SI;SI;0.0000;TECH01;PAMESA;PAMESA;24/48/08;8429991160500;;8429991773199;M2;8;1.44;48;69.12;26.50;1,302.00;122.00;84.00;;;7.80;18/09/2025;PAMESA;PAMESA;GRES PORCELNICO;0960210037300;;TECH;CORE PRO;CEMENTO;;POLIVALENTE;;BASE;;;;ESTRUCTURANTE;;;;CLASE 1;R9;;GRUPO BIa;GL Esmaltado;;;NO;;;1;096.021.0007.15532;100x100(N)20MM;;;;30;60;7,8;1800;30x60;CORE PRO;BEIGE;https://www.pamesa.com/ERP/4.0/empresas/151/045/imagenes/t00010602/0960210037300.jpg
96;21;957;15532;0960210037302;SI;CG.REC.MATE CEPILLADO;30X60(T)C CORE PRO CLAY;A;SI;SI;0.0000;TECH01;PAMESA;PAMESA;24/48/08;8429991159979;;8429991773199;M2;8;1.44;48;69.12;26.50;1,302.00;122.00;84.00;;;7.80;18/09/2025;PAMESA;PAMESA;GRES PORCELNICO;0960210037302;;TECH;CORE PRO;CEMENTO;;POLIVALENTE;;BASE;;;;ESTRUCTURANTE;;;;CLASE 1;R9;;GRUPO BIa;GL Esmaltado;;;NO;;;1;096.021.0957.15532;60X120 RF;;;;30;60;7,8;1800;30x60;CORE PRO;CLAY;https://www.pamesa.com/ERP/4.0/empresas/151/045/imagenes/t00010602/0960210037302.jpg
96;21;298;15532;0960210037305;SI;CG.REC.MATE CEPILLADO;30X60(T)C CORE PRO COAL;A;SI;SI;0.0000;TECH01;PAMESA;PAMESA;24/48/08;8429991159948;;8429991773199;M2;8;1.44;48;69.12;26.50;1,302.00;122.00;84.00;;;7.80;18/09/2025;PAMESA;PAMESA;GRES PORCELNICO;0960210037305;;TECH;CORE PRO;CEMENTO;;POLIVALENTE;;BASE;;;;ESTRUCTURANTE;;;;CLASE 1;R9;;GRUPO BIa;GL Esmaltado;;;NO;;;1;096.021.0298.15532;60X120 RF;;;;30;60;7,8;1800;30x60;CORE PRO;COAL;https://www.pamesa.com/ERP/4.0/empresas/151/045/imagenes/t00010602/0960210037305.jpg
96;21;161;15532;0960210037298;SI;CG.REC.MATE CEPILLADO;30X60(T)C CORE PRO GREY;A;SI;SI;0.0000;TECH01;PAMESA;PAMESA;24/48/08;8429991159887;;8429991773199;M2;8;1.44;48;69.12;26.50;1,302.00;122.00;84.00;;;7.80;18/09/2025;PAMESA;PAMESA;GRES PORCELNICO;0960210037298;;TECH;CORE PRO;CEMENTO;;POLIVALENTE;;BASE;;;;ESTRUCTURANTE;;;;CLASE 1;R9;;GRUPO BIa;GL Esmaltado;;;NO;;;1;096.021.0161.15532;60X120(n);;;;30;60;7,8;1800;30x60;CORE PRO;GREY;https://www.pamesa.com/ERP/4.0/empresas/151/045/imagenes/t00010602/0960210037298.jpg
96;21;164;15532;0960210037301;SI;CG.REC.MATE CEPILLADO;30X60(T)C CORE PRO IVORY;A;SI;SI;0.0000;TECH01;PAMESA;PAMESA;24/48/08;8429991159665;;8429991773199;M2;8;1.44;48;69.12;26.50;1,302.00;122.00;84.00;;;7.80;18/09/2025;PAMESA;PAMESA;GRES PORCELNICO;0960210037301;;TECH;CORE PRO;CEMENTO;;POLIVALENTE;;BASE;;;;ESTRUCTURANTE;;;;CLASE 1;R9;;GRUPO BIa;GL Esmaltado;;;NO;;;1;096.021.0164.15532;60X120(n);;;;30;60;7,8;1800;30x60;CORE PRO;IVORY;https://www.pamesa.com/ERP/4.0/empresas/151/045/imagenes/t00010602/0960210037301.jpg
96;21;169;15532;0960210037303;SI;CG.REC.MATE CEPILLADO;30X60(T)C CORE PRO PEARL;A;SI;SI;0.0000;TECH01;PAMESA;PAMESA;24/48/08;8429991159818;;8429991773199;M2;8;1.44;48;69.12;26.50;1,302.00;122.00;84.00;;;7.80;18/09/2025;PAMESA;PAMESA;GRES PORCELNICO;0960210037303;;TECH;CORE PRO;CEMENTO;;POLIVALENTE;;BASE;;;;ESTRUCTURANTE;;;;CLASE 1;R9;;GRUPO BIa;GL Esmaltado;;;NO;;;1;096.021.0169.15532;60X120(n);;;;30;60;7,8;1800;30x60;CORE PRO;PEARL;https://www.pamesa.com/ERP/4.0/empresas/151/045/imagenes/t00010602/0960210037303.jpg
96;21;285;15532;0960210037304;SI;CG.REC.MATE CEPILLADO;30X60(T)C CORE PRO TAUPE;A;SI;SI;0.0000;TECH01;PAMESA;PAMESA;24/48/08;8429991159917;;8429991773199;M2;8;1.44;48;69.12;26.50;1,302.00;122.00;84.00;;;7.80;18/09/2025;PAMESA;PAMESA;GRES PORCELNICO;0960210037304;;TECH;CORE PRO;CEMENTO;;POLIVALENTE;;BASE;;;;ESTRUCTURANTE;;;;CLASE 1;R9;;GRUPO BIa;GL Esmaltado;;;NO;;;1;096.021.0285.15532;60X120(n);;;;30;60;7,8;1800;30x60;CORE PRO;TAUPE;https://www.pamesa.com/ERP/4.0/empresas/151/045/imagenes/t00010602/0960210037304.jpg
96;21;108;15532;0960210037297;SI;CG.REC.MATE CEPILLADO;30X60(T)C CORE PRO WHITE;A;SI;SI;0.0000;TECH01;PAMESA;PAMESA;24/48/08;8429991159580;;8429991773199;M2;8;1.44;48;69.12;26.50;1,302.00;122.00;84.00;;;7.80;18/09/2025;PAMESA;PAMESA;GRES PORCELNICO;0960210037297;;TECH;CORE PRO;CEMENTO;;POLIVALENTE;;BASE;;;;ESTRUCTURANTE;;;;CLASE 1;R9;;GRUPO BIa;GL Esmaltado;;;NO;;;1;096.021.0108.15532;60X120(n);;;;30;60;7,8;1800;30x60;CORE PRO;WHITE;https://www.pamesa.com/ERP/4.0/empresas/151/045/imagenes/t00010602/0960210037297.jpg
17;21;7;15759;0170210035412;SI;REC.GLASS;30X60(T)C EXT.CORE PRO BEIGE;A;SI;SI;0.0000;TECH09;PAM-ADZ.PAMESA;PAMESA;24/48/08;8429991166281;;8429991773199;M2;8;1.44;48;69.12;26.50;1,302.00;122.00;84.00;;;7.80;31/07/2025;PAMESA;PAMESA;GRES PORCELNICO;0170210035412;;TECH;CORE PRO;CEMENTO;;ANTIDESLIZANTE;;BASE;;;;ESTRUCTURANTE;;;;CLASE 3;R11;C;GRUPO BIa;GL Esmaltado;;36 Low;NO;;1600-2400 N - 35-45 N/mm2;1;017.021.0007.15759;60x60;CATLOGO PAMESA;;;30;60;7,8;1800;30x60;EXT.CORE PRO;BEIGE;https://www.pamesa.com/ERP/4.0/empresas/151/045/imagenes/t00010602/0170210035412.jpg
17;21;957;15759;0170210035420;SI;REC.GLASS;30X60(T)C EXT.CORE PRO CLAY;A;SI;SI;0.0000;TECH09;PAM-ADZ.PAMESA;PAMESA;24/48/08;8429991166359;;8429991773199;M2;8;1.44;48;69.12;26.50;1,302.00;122.00;84.00;;;7.80;31/07/2025;PAMESA;PAMESA;GRES PORCELNICO;0170210035420;;TECH;CORE PRO;CEMENTO;;ANTIDESLIZANTE;;BASE;;;;ESTRUCTURANTE;;;;CLASE 3;R11;C;GRUPO BIa;GL Esmaltado;;36 Low;NO;;1600-2400 N - 35-45 N/mm2;1;017.021.0957.15759;60x60;CATLOGO PAMESA;;;30;60;7,8;1800;30x60;EXT.CORE PRO;CLAY;https://www.pamesa.com/ERP/4.0/empresas/151/045/imagenes/t00010602/0170210035420.jpg
17;21;298;15759;0170210035419;SI;REC.GLASS;30X60(T)C EXT.CORE PRO COAL;A;SI;SI;0.0000;TECH09;PAM-ADZ.PAMESA;PAMESA;24/48/08;8429991166342;;8429991773199;M2;8;1.44;48;69.12;26.50;1,302.00;122.00;84.00;;;7.80;31/07/2025;PAMESA;PAMESA;GRES PORCELNICO;0170210035419;;TECH;CORE PRO;CEMENTO;;ANTIDESLIZANTE;;BASE;;;;ESTRUCTURANTE;;;;CLASE 3;R11;C;GRUPO BIa;GL Esmaltado;;36 Low;NO;;1600-2400 N - 35-45 N/mm2;1;017.021.0298.15759;60X90(N)20MM;CATLOGO PAMESA;;;30;60;7,8;1800;30x60;EXT.CORE PRO;COAL;https://www.pamesa.com/ERP/4.0/empresas/151/045/imagenes/t00010602/0170210035419.jpg
17;21;161;15759;0170210035414;SI;REC.GLASS;30X60(T)C EXT.CORE PRO GREY;A;SI;SI;0.0000;TECH09;PAM-ADZ.PAMESA;PAMESA;24/48/08;8429991166304;;8429991773199;M2;8;1.44;48;69.12;26.50;1,302.00;122.00;84.00;;;7.80;31/07/2025;PAMESA;PAMESA;GRES PORCELNICO;0170210035414;;TECH;CORE PRO;CEMENTO;;ANTIDESLIZANTE;;BASE;;;;ESTRUCTURANTE;;;;CLASE 3;R11;C;GRUPO BIa;GL Esmaltado;;36 Low;NO;;1600-2400 N - 35-45 N/mm2;1;017.021.0161.15759;30,3X61,3;CATLOGO PAMESA;;;30;60;7,8;1800;30x60;EXT.CORE PRO;GREY;https://www.pamesa.com/ERP/4.0/empresas/151/045/imagenes/t00010602/0170210035414.jpg
17;21;164;15759;0170210035415;SI;REC.GLASS;30X60(T)C EXT.CORE PRO IVORY;A;SI;SI;0.0000;TECH09;PAM-ADZ.PAMESA;PAMESA;24/48/08;8429991166311;;8429991773199;M2;8;1.44;48;69.12;26.50;1,302.00;122.00;84.00;;;7.80;31/07/2025;PAMESA;PAMESA;GRES PORCELNICO;0170210035415;;TECH;CORE PRO;CEMENTO;;ANTIDESLIZANTE;;BASE;;;;ESTRUCTURANTE;;;;CLASE 3;R11;C;GRUPO BIa;GL Esmaltado;;36 Low;NO;;1600-2400 N - 35-45 N/mm2;1;017.021.0164.15759;30,3X61,3;CATLOGO PAMESA;;;30;60;7,8;1800;30x60;EXT.CORE PRO;IVORY;https://www.pamesa.com/ERP/4.0/empresas/151/045/imagenes/t00010602/0170210035415.jpg
17;21;169;15759;0170210035416;SI;REC.GLASS;30X60(T)C EXT.CORE PRO PEARL;A;SI;SI;0.0000;TECH09;PAM-ADZ.PAMESA;PAMESA;24/48/08;8429991166328;;8429991773199;M2;8;1.44;48;69.12;26.50;1,302.00;122.00;84.00;;;7.80;31/07/2025;PAMESA;PAMESA;GRES PORCELNICO;0170210035416;;TECH;CORE PRO;CEMENTO;;ANTIDESLIZANTE;;BASE;;;;ESTRUCTURANTE;;;;CLASE 3;R11;C;GRUPO BIa;GL Esmaltado;;36 Low;NO;;1600-2400 N - 35-45 N/mm2;1;017.021.0169.15759;60X120(n);CATLOGO PAMESA;;;30;60;7,8;1800;30x60;EXT.CORE PRO;PEARL;https://www.pamesa.com/ERP/4.0/empresas/151/045/imagenes/t00010602/0170210035416.jpg
17;21;285;15759;0170210035417;SI;REC.GLASS;30X60(T)C EXT.CORE PRO TAUPE;A;SI;SI;0.0000;TECH09;PAM-ADZ.PAMESA;PAMESA;24/48/08;8429991166335;;8429991773199;M2;8;1.44;48;69.12;26.50;1,302.00;122.00;84.00;;;7.80;31/07/2025;PAMESA;PAMESA;GRES PORCELNICO;0170210035417;;TECH;CORE PRO;CEMENTO;;ANTIDESLIZANTE;;BASE;;;;ESTRUCTURANTE;;;;CLASE 3;R11;C;GRUPO BIa;GL Esmaltado;;36 Low;NO;;1600-2400 N - 35-45 N/mm2;1;017.021.0285.15759;60X120(n);CATLOGO PAMESA;;;30;60;7,8;1800;30x60;EXT.CORE PRO;TAUPE;https://www.pamesa.com/ERP/4.0/empresas/151/045/imagenes/t00010602/0170210035417.jpg
17;21;108;15759;0170210035413;SI;REC.GLASS;30X60(T)C EXT.CORE PRO WHITE;A;SI;SI;0.0000;TECH09;PAM-ADZ.PAMESA;PAMESA;24/48/08;8429991166298;;8429991773199;M2;8;1.44;48;69.12;26.50;1,302.00;122.00;84.00;;;7.80;31/07/2025;PAMESA;PAMESA;GRES PORCELNICO;0170210035413;;TECH;CORE PRO;CEMENTO;;ANTIDESLIZANTE;;BASE;;;;ESTRUCTURANTE;;;;CLASE 3;R11;C;GRUPO BIa;GL Esmaltado;;36 Low;NO;;1600-2400 N - 35-45 N/mm2;1;017.021.0108.15759;30x30(7)Malla;CATLOGO PAMESA;;;30;60;7,8;1800;30x60;EXT.CORE PRO;WHITE;https://www.pamesa.com/ERP/4.0/empresas/151/045/imagenes/t00010602/0170210035413.jpg
52;961;1;15211;0529610025315;SI;SLIM MATE RECTIF.;120x280(6mm) DIVERSO 1.;A;SI;SI;0.0000;XXL04;PAMESA;PAMESA;05/20/01;8429991108090;;8429991773199;M2;1;3.36;20;67.20;52.00;1,140.00;290.00;140.00;36.00;;;04/03/2025;PAMESA;PAMESA;GRES PORCELNICO ESMALTADO;0529610025315;;TECH;DIVERSO;MARMOL;;POLIVALENTE;BASE;BASE;MATE RECTIFICADO;VARIACION ALTA;NO;;;;;;;;GRUPO BIa;GL Esmaltado;;;NO;;;1;052.961.0001.15211;30x180;CATLOGO PAMESA;;;120;280;6;33600;120x280;DIVERSO;1.;https://www.pamesa.com/ERP/4.0/empresas/151/045/imagenes/t00010602/0529610025315.jpg
52;961;408;206;0529614080206;SI;SLIM MATE RECTIF.;120x280(6mm) DOVER GREIGE;A;SI;SI;0.0000;XXL04;PAMESA;PAMESA;05/20/01;8429991107987;;8429991773199;M2;1;3.36;20;67.20;52.00;1,140.00;290.00;140.00;36.00;;;04/03/2025;PAMESA;PAMESA;GRES PORCELNICO;0529614080206;;TECH;DOVER;PIEDRA;;POLIVALENTE;BASE;BASE;MATE RECTIFICADO;VARIACION MODERADA;NO;;;;;CLASE 1;R9;;GRUPO BIa;GL Esmaltado;;;NO;;;1;052.961.0408.00206;20x120 (n);CATLOGO PAMESA;;;120;280;6;33600;120x280;DOVER;GREIGE;https://www.pamesa.com/ERP/4.0/empresas/151/045/imagenes/t00010602/0529614080206.jpg
52;961;2;206;0529610025554;SI;SLIM MATE RECTIF.;120x280(6mm) DOVER GRIS;A;SI;SI;0.0000;XXL04;PAMESA;PAMESA;05/20/01;8429991107963;;8429991773199;M2;1;3.36;20;67.20;52.00;1,140.00;290.00;140.00;36.00;;;04/03/2025;PAMESA;PAMESA;GRES PORCELNICO;0529610025554;;TECH;DOVER;PIEDRA;;POLIVALENTE;BASE;BASE;MATE RECTIFICADO;VARIACION MODERADA;NO;;;;;CLASE 1;R9;;GRUPO BIa;GL Esmaltado;;;NO;;;1;052.961.0002.00206;30x180;CATLOGO PAMESA;;;120;280;6;33600;120x280;DOVER;GRIS;https://www.pamesa.com/ERP/4.0/empresas/151/045/imagenes/t00010602/0529610025554.jpg
52;961;215;206;0529610032880;SI;SLIM MATE RECTIF.;120x280(6mm) DOVER NERO;A;SI;SI;0.0000;XXL04;PAMESA;PAMESA;05/20/01;8429991107970;;8429991773199;M2;1;3.36;20;67.20;52.00;1,140.00;290.00;140.00;36.00;;;04/03/2025;PAMESA;PAMESA;GRES PORCELNICO;0529610032880;;TECH;DOVER;PIEDRA;;POLIVALENTE;BASE;BASE;MATE RECTIFICADO;VARIACION MODERADA;;;;;;CLASE 1;R9;;GRUPO BIa;GL Esmaltado;;;NO;;>700 N - 35-45 N/mm2;1;052.961.0215.00206;25X150;CATLOGO PAMESA;;;120;280;6;33600;120x280;DOVER;NERO;https://www.pamesa.com/ERP/4.0/empresas/151/045/imagenes/t00010602/0529610032880.jpg
96;2;408;206;0960020037232;SI;CG.REC.MATE CEPILLADO;120x120(T) DOVER GREIGE;A;SI;SI;0.0000;TECH04;PAMESA;PAMESA;23/24/02;8429991102326;;8429991773199;M2;2;2.88;24;69.12;49.00;1,216.00;126.00;126.00;70.00;;7.80;18/09/2025;PAMESA;PAMESA;GRES PORCELNICO;0960020037232;;TECH;DOVER;PIEDRA;;POLIVALENTE;BASE;BASE;MATE RECTIFICADO;VARIACION MODERADA;;ESTRUCTURANTE;;;;CLASE 1;R9;;GRUPO BIa;GL Esmaltado;;;NO;;;1;096.002.0408.00206;30x60 PB.;;;;120;120;7,8;14400;120x120;DOVER;GREIGE;https://www.pamesa.com/ERP/4.0/empresas/151/045/imagenes/t00010602/0960020037232.jpg
96;2;2;206;0960020037230;SI;CG.REC.MATE CEPILLADO;120x120(T) DOVER GRIS;A;SI;SI;0.0000;TECH04;PAMESA;PAMESA;23/24/02;8429991102302;;8429991773199;M2;2;2.88;24;69.12;49.00;1,216.00;126.00;126.00;70.00;;7.80;18/09/2025;PAMESA;PAMESA;GRES PORCELNICO;0960020037230;;TECH;DOVER;PIEDRA;;POLIVALENTE;BASE;BASE;MATE RECTIFICADO;VARIACION MODERADA;;ESTRUCTURANTE;;;;CLASE 1;R9;;GRUPO BIa;GL Esmaltado;;;NO;;;1;096.002.0002.00206;20x120 (n);CATLOGO PAMESA;;;120;120;7,8;14400;120x120;DOVER;GRIS;https://www.pamesa.com/ERP/4.0/empresas/151/045/imagenes/t00010602/0960020037230.jpg
96;2;215;206;0960020037231;SI;CG.REC.MATE CEPILLADO;120x120(T) DOVER NERO;A;SI;SI;0.0000;TECH04;PAMESA;PAMESA;23/24/02;8429991102319;;8429991773199;M2;2;2.88;24;69.12;49.00;1,216.00;126.00;126.00;70.00;;7.80;18/09/2025;PAMESA;PAMESA;GRES PORCELNICO;0960020037231;;TECH;DOVER;PIEDRA;;POLIVALENTE;BASE;BASE;MATE RECTIFICADO;VARIACION MODERADA;;ESTRUCTURANTE;;;;CLASE 1;R9;;GRUPO BIa;GL Esmaltado;;;NO;;;1;096.002.0215.00206;30x60 PB.;;;;120;120;7,8;14400;120x120;DOVER;NERO;https://www.pamesa.com/ERP/4.0/empresas/151/045/imagenes/t00010602/0960020037231.jpg
96;2;108;206;0960020042772;SI;CG.REC.MATE CEPILLADO;120x120(T) DOVER WHITE;A;SI;SI;0.0000;TECH04;PAMESA;PAMESA;23/24/02;8429991198398;;8429991773199;M2;2;2.88;24;69.12;49.00;1,216.00;126.00;126.00;70.00;;7.80;21/11/2025;PAMESA;PAMESA;GRES PORCELNICO;0960020042772;;TECH;DOVER;PIEDRA;;POLIVALENTE;BASE;BASE;MATE RECTIFICADO;VARIACION MODERADA;;;;;;CLASE 1;R9;;GRUPO BIa;GL Esmaltado;;;;;1600-2400 N - 35-45 N/mm2;1;096.002.0108.00206;20X75;CATLOGO PAMESA;;;120;120;7,8;14400;120x120;DOVER;WHITE;https://www.pamesa.com/ERP/4.0/empresas/151/045/imagenes/t00010602/0960020042772.jpg
96;22;408;206;0960220037244;SI;CG.REC.MATE CEPILLADO;60X120(T)C DOVER GREIGE;A;SI;SI;0.0000;TECH03;PAMESA;PAMESA;24/40/02;8429991107994;;8429991773199;M2;2;1.44;40;57.60;27.00;1,110.00;122.00;84.00;73.50;;7.80;18/09/2025;PAMESA;PAMESA;GRES PORCELNICO;0960220037244;;TECH;DOVER;PIEDRA;;POLIVALENTE;BASE;BASE;MATE RECTIFICADO;VARIACION MODERADA;;ESTRUCTURANTE;;;;CLASE 1;R9;;GRUPO BIa;GL Esmaltado;;;NO;;;1;096.022.0408.00206;60X120(n);;;;60;120;7,8;7200;60x120;DOVER;GREIGE;https://www.pamesa.com/ERP/4.0/empresas/151/045/imagenes/t00010602/0960220037244.jpg
96;22;2;206;0960220037242;SI;CG.REC.MATE CEPILLADO;60X120(T)C DOVER GRIS;A;SI;SI;0.0000;TECH03;PAMESA;PAMESA;24/40/02;8429991108014;;8429991773199;M2;2;1.44;40;57.60;27.00;1,110.00;122.00;84.00;73.50;;7.80;18/09/2025;PAMESA;PAMESA;GRES PORCELNICO;0960220037242;;TECH;DOVER;PIEDRA;;POLIVALENTE;BASE;BASE;MATE RECTIFICADO;VARIACION MODERADA;;ESTRUCTURANTE;;;;CLASE 1;R9;;GRUPO BIa;GL Esmaltado;;;NO;;;1;096.022.0002.00206;60X120 RF;;;;60;120;7,8;7200;60x120;DOVER;GRIS;https://www.pamesa.com/ERP/4.0/empresas/151/045/imagenes/t00010602/0960220037242.jpg
96;22;215;206;0960220037243;SI;CG.REC.MATE CEPILLADO;60X120(T)C DOVER NERO;A;SI;SI;0.0000;TECH03;PAMESA;PAMESA;24/40/02;8429991108007;;8429991773199;M2;2;1.44;40;57.60;27.00;1,110.00;122.00;84.00;73.50;;7.80;18/09/2025;PAMESA;PAMESA;GRES PORCELNICO;0960220037243;;TECH;DOVER;PIEDRA;;POLIVALENTE;BASE;BASE;MATE RECTIFICADO;VARIACION MODERADA;;ESTRUCTURANTE;;;;CLASE 1;R9;;GRUPO BIa;GL Esmaltado;;;NO;;;1;096.022.0215.00206;60X120(n);;;;60;120;7,8;7200;60x120;DOVER;NERO;https://www.pamesa.com/ERP/4.0/empresas/151/045/imagenes/t00010602/0960220037243.jpg
96;22;108;206;0960220042773;SI;CG.REC.MATE CEPILLADO;60X120(T)C DOVER WHITE;A;SI;SI;0.0000;TECH03;PAMESA;PAMESA;24/40/02;8429991198404;;8429991773199;M2;2;1.44;40;57.60;27.00;1,110.00;122.00;84.00;73.50;;7.80;21/11/2025;PAMESA;PAMESA;GRES PORCELNICO;0960220042773;;TECH;DOVER;PIEDRA;;POLIVALENTE;BASE;BASE;MATE RECTIFICADO;VARIACION MODERADA;;;;;;CLASE 1;R9;;GRUPO BIa;GL Esmaltado;;;;;1600-2400 N - 35-45 N/mm2;1;096.022.0108.00206;60X120(T)C;;;;60;120;7,8;7200;60x120;DOVER;WHITE;https://www.pamesa.com/ERP/4.0/empresas/151/045/imagenes/t00010602/0960220042773.jpg
96;17;408;206;0960170037237;SI;CG.REC.MATE CEPILLADO;60X60(T)C DOVER GREIGE;A;SI;SI;0.0000;TECH02;PAMESA;PAMESA;F/40/04;8429991108045;;8429991773199;M2;4;1.44;40;57.60;27.00;1,100.00;120.00;80.00;73.50;;7.80;18/09/2025;PAMESA;PAMESA;GRES PORCELNICO;0960170037237;;TECH;DOVER;PIEDRA;;POLIVALENTE;BASE;BASE;MATE RECTIFICADO;VARIACION MODERADA;;ESTRUCTURANTE;;;;CLASE 1;R9;;GRUPO BIa;GL Esmaltado;;;NO;;;1;096.017.0408.00206;120X120;;;;60;60;7,8;3600;60x60;DOVER;GREIGE;https://www.pamesa.com/ERP/4.0/empresas/151/045/imagenes/t00010602/0960170037237.jpg
96;17;2;206;0960170037235;SI;CG.REC.MATE CEPILLADO;60X60(T)C DOVER GRIS;A;SI;SI;0.0000;TECH02;PAMESA;PAMESA;F/40/04;8429991108021;;8429991773199;M2;4;1.44;40;57.60;27.00;1,100.00;120.00;80.00;73.50;;7.80;18/09/2025;PAMESA;PAMESA;GRES PORCELNICO;0960170037235;;TECH;DOVER;PIEDRA;;POLIVALENTE;BASE;BASE;MATE RECTIFICADO;VARIACION MODERADA;;ESTRUCTURANTE;;;;CLASE 1;R9;;GRUPO BIa;GL Esmaltado;;;NO;;;1;096.017.0002.00206;120X280(6MM);;;;60;60;7,8;3600;60x60;DOVER;GRIS;https://www.pamesa.com/ERP/4.0/empresas/151/045/imagenes/t00010602/0960170037235.jpg
96;17;215;206;0960170037236;SI;CG.REC.MATE CEPILLADO;60X60(T)C DOVER NERO;A;SI;SI;0.0000;TECH02;PAMESA;PAMESA;F/40/04;8429991108038;;8429991773199;M2;4;1.44;40;57.60;27.00;1,100.00;120.00;80.00;73.50;;7.80;18/09/2025;PAMESA;PAMESA;GRES PORCELNICO;0960170037236;;TECH;DOVER;PIEDRA;;POLIVALENTE;BASE;BASE;MATE RECTIFICADO;VARIACION MODERADA;;ESTRUCTURANTE;;;;CLASE 1;R9;;GRUPO BIa;GL Esmaltado;;;NO;;;1;096.017.0215.00206;120X120(T);;;;60;60;7,8;3600;60x60;DOVER;NERO;https://www.pamesa.com/ERP/4.0/empresas/151/045/imagenes/t00010602/0960170037236.jpg
96;17;108;206;0960170042774;SI;CG.REC.MATE CEPILLADO;60X60(T)C DOVER WHITE;A;SI;SI;0.0000;TECH02;PAMESA;PAMESA;F/40/04;8429991198411;;8429991773199;M2;4;1.44;40;57.60;27.00;1,100.00;120.00;80.00;73.50;;7.80;21/11/2025;PAMESA;PAMESA;GRES PORCELNICO;0960170042774;;TECH;DOVER;PIEDRA;;POLIVALENTE;BASE;BASE;MATE RECTIFICADO;VARIACION MODERADA;;;;;;CLASE 1;R9;;GRUPO BIa;GL Esmaltado;;;;;1600-2400 N - 35-45 N/mm2;1;096.017.0108.00206;120X120;;;;60;60;7,8;3600;60x60;DOVER;WHITE;https://www.pamesa.com/ERP/4.0/empresas/151/045/imagenes/t00010602/0960170042774.jpg
96;21;408;206;0960210037241;SI;CG.REC.MATE CEPILLADO;30X60(T)C DOVER GREIGE;A;SI;SI;0.0000;TECH01;PAMESA;PAMESA;24/48/08;8429991108083;;8429991773199;M2;8;1.44;48;69.12;26.50;1,302.00;122.00;84.00;;;7.80;18/09/2025;PAMESA;PAMESA;GRES PORCELNICO;0960210037241;;TECH;DOVER;PIEDRA;;POLIVALENTE;BASE;BASE;MATE RECTIFICADO;VARIACION MODERADA;;ESTRUCTURANTE;;;;CLASE 1;R9;;GRUPO BIa;GL Esmaltado;;;NO;;;1;096.021.0408.00206;60X120 RF;;;;30;60;7,8;1800;30x60;DOVER;GREIGE;https://www.pamesa.com/ERP/4.0/empresas/151/045/imagenes/t00010602/0960210037241.jpg
96;21;2;206;0960210037238;SI;CG.REC.MATE CEPILLADO;30X60(T)C DOVER GRIS;A;SI;SI;0.0000;TECH01;PAMESA;PAMESA;24/48/08;8429991108052;;8429991773199;M2;8;1.44;48;69.12;26.50;1,302.00;122.00;84.00;;;7.80;18/09/2025;PAMESA;PAMESA;GRES PORCELNICO;0960210037238;;TECH;DOVER;PIEDRA;;POLIVALENTE;BASE;BASE;MATE RECTIFICADO;VARIACION MODERADA;;ESTRUCTURANTE;;;;CLASE 1;R9;;GRUPO BIa;GL Esmaltado;;;NO;;;1;096.021.0002.00206;120X120;;;;30;60;7,8;1800;30x60;DOVER;GRIS;https://www.pamesa.com/ERP/4.0/empresas/151/045/imagenes/t00010602/0960210037238.jpg
96;21;215;206;0960210037239;SI;CG.REC.MATE CEPILLADO;30X60(T)C DOVER NERO;A;SI;SI;0.0000;TECH01;PAMESA;PAMESA;24/48/08;8429991108069;;8429991773199;M2;8;1.44;48;69.12;26.50;1,302.00;122.00;84.00;;;7.80;18/09/2025;PAMESA;PAMESA;GRES PORCELNICO;0960210037239;;TECH;DOVER;PIEDRA;;POLIVALENTE;BASE;BASE;MATE RECTIFICADO;VARIACION MODERADA;;ESTRUCTURANTE;;;;CLASE 1;R9;;GRUPO BIa;GL Esmaltado;;;NO;;;1;096.021.0215.00206;60X120(n);;;;30;60;7,8;1800;30x60;DOVER;NERO;https://www.pamesa.com/ERP/4.0/empresas/151/045/imagenes/t00010602/0960210037239.jpg
96;21;108;206;0960210042775;SI;CG.REC.MATE CEPILLADO;30X60(T)C DOVER WHITE;A;SI;SI;0.0000;TECH01;PAMESA;PAMESA;24/42/08;8429991198428;;8429991773199;M2;8;1.44;42;60.48;24.00;1,038.00;122.00;84.00;73.50;;7.80;21/11/2025;PAMESA;PAMESA;GRES PORCELNICO;0960210042775;;TECH;DOVER;PIEDRA;;POLIVALENTE;BASE;BASE;MATE RECTIFICADO;VARIACION MODERADA;;;;;;CLASE 1;R9;;GRUPO BIa;GL Esmaltado;;;;;1600-2400 N - 35-45 N/mm2;1;096.021.0108.00206;100x100(N)20MM;;;;30;60;7,8;1800;30x60;DOVER;WHITE;https://www.pamesa.com/ERP/4.0/empresas/151/045/imagenes/t00010602/0960210042775.jpg
85;2;957;15765;0850020035271;SI;GR.CEPILLADA;120x120(T) DUNE CLAY;A;SI;SI;0.0000;TECH08;PAMESA;PAMESA;23/24/02;8429991165192;;8429991773199;M2;2;2.88;24;69.12;49.00;1,216.00;126.00;126.00;70.00;;7.80;30/07/2025;PAMESA;PAMESA;GRES PORCELNICO;0850020035271;;TECH;DUNE;PIEDRA;;POLIVALENTE;BASE;BASE;MATE RECTIFICADO;VARIACION LEVE;;NO;;;;CLASE 1;R9;;GRUPO BIa;GL Esmaltado;;;NO;;1600-2400 N - 35-45 N/mm2;1;085.002.0957.15765;25X150;CATLOGO PAMESA;;;120;120;7,8;14400;120x120;DUNE;CLAY;https://www.pamesa.com/ERP/4.0/empresas/151/045/imagenes/t00010602/0850020035271.jpg
85;2;169;15765;0850020035270;SI;GR.CEPILLADA;120x120(T) DUNE PEARL;A;SI;SI;0.0000;TECH08;PAMESA;PAMESA;23/24/02;8429991165185;;8429991773199;M2;2;2.88;24;69.12;49.00;1,216.00;126.00;126.00;70.00;;7.80;30/07/2025;PAMESA;PAMESA;GRES PORCELNICO;0850020035270;;TECH;DUNE;PIEDRA;;POLIVALENTE;BASE;BASE;MATE RECTIFICADO;VARIACION LEVE;;NO;;;;CLASE 1;R9;;GRUPO BIa;GL Esmaltado;;;NO;;1600-2400 N - 35-45 N/mm2;1;085.002.0169.15765;30x180;CATLOGO PAMESA;;;120;120;7,8;14400;120x120;DUNE;PEARL;https://www.pamesa.com/ERP/4.0/empresas/151/045/imagenes/t00010602/0850020035270.jpg
85;2;285;15765;0850020035269;SI;GR.CEPILLADA;120x120(T) DUNE TAUPE;A;SI;SI;0.0000;TECH08;PAMESA;PAMESA;23/24/02;8429991165178;;8429991773199;M2;2;2.88;24;69.12;49.00;1,216.00;126.00;126.00;70.00;;7.80;30/07/2025;PAMESA;PAMESA;GRES PORCELNICO;0850020035269;;TECH;DUNE;PIEDRA;;POLIVALENTE;BASE;BASE;MATE RECTIFICADO;VARIACION LEVE;;NO;;;;CLASE 1;R9;;GRUPO BIa;GL Esmaltado;;;NO;;1600-2400 N - 35-45 N/mm2;1;085.002.0285.15765;25X150;CATLOGO PAMESA;;;120;120;7,8;14400;120x120;DUNE;TAUPE;https://www.pamesa.com/ERP/4.0/empresas/151/045/imagenes/t00010602/0850020035269.jpg
85;2;108;15765;0850020035268;SI;GR.CEPILLADA;120x120(T) DUNE WHITE;A;SI;SI;0.0000;TECH08;PAMESA;PAMESA;23/24/02;8429991165161;;8429991773199;M2;2;2.88;24;69.12;49.00;1,216.00;126.00;126.00;70.00;;7.80;30/07/2025;PAMESA;PAMESA;GRES PORCELNICO;0850020035268;;TECH;DUNE;PIEDRA;;POLIVALENTE;BASE;BASE;MATE RECTIFICADO;VARIACION LEVE;;NO;;;;CLASE 1;;;GRUPO BIa;GL Esmaltado;;;NO;;1600-2400 N - 35-45 N/mm2;1;085.002.0108.15765;60X120(n);CATLOGO PAMESA;;;120;120;7,8;14400;120x120;DUNE;WHITE;https://www.pamesa.com/ERP/4.0/empresas/151/045/imagenes/t00010602/0850020035268.jpg
85;22;957;15765;0850220035274;SI;GR.CEPILLADA;60X120(T)C DUNE CLAY;A;SI;SI;0.0000;TECH07;PAMESA;PAMESA;24/40/02;8429991165222;;8429991773199;M2;2;1.44;40;57.60;27.00;1,110.00;122.00;84.00;73.50;;7.80;30/07/2025;PAMESA;PAMESA;GRES PORCELNICO;0850220035274;;TECH;DUNE;PIEDRA;;POLIVALENTE;BASE;BASE;MATE RECTIFICADO;VARIACION LEVE;;NO;;;;CLASE 1;R9;;GRUPO BIa;GL Esmaltado;;;NO;;;1;085.022.0957.15765;60,8x60,8;CATLOGO PAMESA;;;60;120;7,8;7200;60x120;DUNE;CLAY;https://www.pamesa.com/ERP/4.0/empresas/151/045/imagenes/t00010602/0850220035274.jpg
85;22;169;15765;0850220035273;SI;GR.CEPILLADA;60X120(T)C DUNE PEARL;A;SI;SI;0.0000;TECH07;PAMESA;PAMESA;24/40/02;8429991165215;;8429991773199;M2;2;1.44;40;57.60;27.00;1,110.00;122.00;84.00;73.50;;7.80;30/07/2025;PAMESA;PAMESA;GRES PORCELNICO;0850220035273;;TECH;DUNE;PIEDRA;;POLIVALENTE;BASE;BASE;MATE RECTIFICADO;VARIACION LEVE;;NO;;;;CLASE 1;R9;;GRUPO BIa;GL Esmaltado;;;NO;;;1;085.022.0169.15765;25X150;CATLOGO PAMESA;;;60;120;7,8;7200;60x120;DUNE;PEARL;https://www.pamesa.com/ERP/4.0/empresas/151/045/imagenes/t00010602/0850220035273.jpg
85;22;285;15765;0850220035275;SI;GR.CEPILLADA;60X120(T)C DUNE TAUPE;A;SI;SI;0.0000;TECH07;PAMESA;PAMESA;24/40/02;8429991165239;;8429991773199;M2;2;1.44;40;57.60;27.00;1,110.00;122.00;84.00;73.50;;7.80;30/07/2025;PAMESA;PAMESA;GRES PORCELNICO;0850220035275;;TECH;DUNE;PIEDRA;;POLIVALENTE;BASE;BASE;MATE RECTIFICADO;VARIACION LEVE;;NO;;;;CLASE 1;R9;;GRUPO BIa;GL Esmaltado;;;NO;;;1;085.022.0285.15765;25X150;CATLOGO PAMESA;;;60;120;7,8;7200;60x120;DUNE;TAUPE;https://www.pamesa.com/ERP/4.0/empresas/151/045/imagenes/t00010602/0850220035275.jpg
85;22;108;15765;0850220035272;SI;GR.CEPILLADA;60X120(T)C DUNE WHITE;A;SI;SI;0.0000;TECH07;PAMESA;PAMESA;24/40/02;8429991165208;;8429991773199;M2;2;1.44;40;57.60;27.00;1,110.00;122.00;84.00;73.50;;7.80;30/07/2025;PAMESA;PAMESA;GRES PORCELNICO;0850220035272;;TECH;DUNE;PIEDRA;;POLIVALENTE;BASE;BASE;MATE RECTIFICADO;VARIACION LEVE;;NO;;;;CLASE 1;R9;;GRUPO BIa;GL Esmaltado;;;NO;;;1;085.022.0108.15765;20x120 (n);CATLOGO PAMESA;;;60;120;7,8;7200;60x120;DUNE;WHITE;https://www.pamesa.com/ERP/4.0/empresas/151/045/imagenes/t00010602/0850220035272.jpg
85;17;957;15765;0850170035279;SI;GR.CEPILLADA;60X60(T)C DUNE CLAY;A;SI;SI;0.0000;TECH06;PAMESA;PAMESA;F/40/04;8429991165277;;8429991773199;M2;4;1.44;40;57.60;27.00;1,100.00;120.00;80.00;73.50;;7.80;30/07/2025;PAMESA;PAMESA;GRES PORCELNICO;0850170035279;;TECH;DUNE;PIEDRA;;POLIVALENTE;BASE;BASE;MATE RECTIFICADO;VARIACION LEVE;;NO;;;;CLASE 1;R9;;GRUPO BIa;GL Esmaltado;;;NO;;;1;085.017.0957.15765;20x120 (n);CATLOGO PAMESA;;;60;60;7,8;3600;60x60;DUNE;CLAY;https://www.pamesa.com/ERP/4.0/empresas/151/045/imagenes/t00010602/0850170035279.jpg
85;17;169;15765;0850170035278;SI;GR.CEPILLADA;60X60(T)C DUNE PEARL;A;SI;SI;0.0000;TECH06;PAMESA;PAMESA;F/40/04;8429991165260;;8429991773199;M2;4;1.44;40;57.60;27.00;1,100.00;120.00;80.00;73.50;;7.80;30/07/2025;PAMESA;PAMESA;GRES PORCELNICO;0850170035278;;TECH;DUNE;PIEDRA;;POLIVALENTE;BASE;BASE;MATE RECTIFICADO;VARIACION LEVE;;NO;;;;CLASE 1;R9;;GRUPO BIa;GL Esmaltado;;;NO;;;1;085.017.0169.15765;30x120,5C(N)20M;CATLOGO PAMESA;;;60;60;7,8;3600;60x60;DUNE;PEARL;https://www.pamesa.com/ERP/4.0/empresas/151/045/imagenes/t00010602/0850170035278.jpg
85;17;285;15765;0850170035277;SI;GR.CEPILLADA;60X60(T)C DUNE TAUPE;A;SI;SI;0.0000;TECH06;PAMESA;PAMESA;F/40/04;8429991165253;;8429991773199;M2;4;1.44;40;57.60;27.00;1,100.00;120.00;80.00;73.50;;7.80;30/07/2025;PAMESA;PAMESA;GRES PORCELNICO;0850170035277;;TECH;DUNE;PIEDRA;;POLIVALENTE;BASE;BASE;MATE RECTIFICADO;VARIACION LEVE;;NO;;;;CLASE 1;R9;;GRUPO BIa;GL Esmaltado;;;NO;;;1;085.017.0285.15765;20x120 (n);CATLOGO PAMESA;;;60;60;7,8;3600;60x60;DUNE;TAUPE;https://www.pamesa.com/ERP/4.0/empresas/151/045/imagenes/t00010602/0850170035277.jpg
85;17;108;15765;0850170035276;SI;GR.CEPILLADA;60X60(T)C DUNE WHITE;A;SI;SI;0.0000;TECH06;PAMESA;PAMESA;F/40/04;8429991165246;;8429991773199;M2;4;1.44;40;57.60;27.00;1,100.00;120.00;80.00;73.50;;7.80;30/07/2025;PAMESA;PAMESA;GRES PORCELNICO;0850170035276;;TECH;DUNE;PIEDRA;;POLIVALENTE;BASE;BASE;MATE RECTIFICADO;VARIACION LEVE;;NO;;;;CLASE 1;R9;;GRUPO BIa;GL Esmaltado;;;NO;;;1;085.017.0108.15765;25X150;CATLOGO PAMESA;;;60;60;7,8;3600;60x60;DUNE;WHITE;https://www.pamesa.com/ERP/4.0/empresas/151/045/imagenes/t00010602/0850170035276.jpg
85;21;957;15765;0850210035283;SI;GR.CEPILLADA;30X60(T)C DUNE CLAY;A;SI;SI;0.0000;TECH05;PAMESA;PAMESA;24/48/08;8429991165314;;8429991773199;M2;8;1.44;48;69.12;26.50;1,302.00;122.00;84.00;;;7.80;30/07/2025;PAMESA;PAMESA;GRES PORCELNICO;0850210035283;;TECH;DUNE;PIEDRA;;POLIVALENTE;;BASE;;;;NO;;;;CLASE 1;R9;;GRUPO BIa;GL Esmaltado;;;NO;;;1;085.021.0957.15765;8X40CHV;CATLOGO PAMESA;;;30;60;7,8;1800;30x60;DUNE;CLAY;https://www.pamesa.com/ERP/4.0/empresas/151/045/imagenes/t00010602/0850210035283.jpg
85;21;169;15765;0850210035282;SI;GR.CEPILLADA;30X60(T)C DUNE PEARL;A;SI;SI;0.0000;TECH05;PAMESA;PAMESA;24/48/08;8429991165307;;8429991773199;M2;8;1.44;48;69.12;26.50;1,302.00;122.00;84.00;;;7.80;30/07/2025;PAMESA;PAMESA;GRES PORCELNICO;0850210035282;;TECH;DUNE;PIEDRA;;POLIVALENTE;;BASE;;;;NO;;;;CLASE 1;R9;;GRUPO BIa;GL Esmaltado;;;NO;;;1;085.021.0169.15765;20x120 (n);CATLOGO PAMESA;;;30;60;7,8;1800;30x60;DUNE;PEARL;https://www.pamesa.com/ERP/4.0/empresas/151/045/imagenes/t00010602/0850210035282.jpg
85;21;285;15765;0850210035281;SI;GR.CEPILLADA;30X60(T)C DUNE TAUPE;A;SI;SI;0.0000;TECH05;PAMESA;PAMESA;24/48/08;8429991165291;;8429991773199;M2;8;1.44;48;69.12;26.50;1,302.00;122.00;84.00;;;7.80;30/07/2025;PAMESA;PAMESA;GRES PORCELNICO;0850210035281;;TECH;DUNE;PIEDRA;;POLIVALENTE;;BASE;;;;NO;;;;CLASE 1;R9;;GRUPO BIa;GL Esmaltado;;;NO;;;1;085.021.0285.15765;8X40CHV;CATLOGO PAMESA;;;30;60;7,8;1800;30x60;DUNE;TAUPE;https://www.pamesa.com/ERP/4.0/empresas/151/045/imagenes/t00010602/0850210035281.jpg
85;21;108;15765;0850210035280;SI;GR.CEPILLADA;30X60(T)C DUNE WHITE;A;SI;SI;0.0000;TECH05;PAMESA;PAMESA;24/48/08;8429991165284;;8429991773199;M2;8;1.44;48;69.12;26.50;1,302.00;122.00;84.00;;;7.80;30/07/2025;PAMESA;PAMESA;GRES PORCELNICO;0850210035280;;TECH;DUNE;PIEDRA;;POLIVALENTE;;BASE;;;;NO;;;;CLASE 1;R9;;GRUPO BIa;GL Esmaltado;;;NO;;;1;085.021.0108.15765;20x120 (n);CATLOGO PAMESA;;;30;60;7,8;1800;30x60;DUNE;WHITE;https://www.pamesa.com/ERP/4.0/empresas/151/045/imagenes/t00010602/0850210035280.jpg
52;961;184;16193;0529610042780;SI;SLIM MATE RECTIF.;120x280(6mm) OPULUS DARK;A;SI;SI;0.0000;;PAMESA;PAMESA;05/20/01;8429991198466;;8429991773199;M2;1;3.36;20;67.20;52.00;1,140.00;290.00;140.00;36.00;;;21/11/2025;PAMESA;PAMESA;GRES PORCELNICO;0529610042780;;TECH;OPULUS;PIEDRA;;POLIVALENTE;BASE;BASE;MATE RECTIFICADO;VARIACION MODERADA;;;;;;;;;GRUPO BIa;GL Esmaltado;;;NO;;>700 N - 35-45 N/mm2;1;052.961.0184.16193;20x120 (n);CATLOGO PAMESA;;;120;280;6;33600;120x280;OPULUS;DARK;https://www.pamesa.com/ERP/4.0/empresas/151/045/imagenes/t00010602/0529610042780.jpg
85;2;184;16193;0850020042785;SI;GR.CEPILLADA;120x120(T) OPULUS DARK;A;SI;SI;0.0000;TECH08;PAMESA;PAMESA;23/24/02;8429991198497;;8429991773199;M2;2;2.88;24;69.12;49.00;1,216.00;126.00;126.00;70.00;;7.80;21/11/2025;PAMESA;PAMESA;GRES PORCELNICO;0850020042785;;TECH;OPULUS;PIEDRA;;POLIVALENTE;BASE;BASE;MATE RECTIFICADO;VARIACION MODERADA;;;;;;;;;GRUPO BIa;GL Esmaltado;;;NO;;1600-2400 N - 35-45 N/mm2;1;085.002.0184.16193;30x180;CATLOGO PAMESA;;;120;120;7,8;14400;120x120;OPULUS;DARK;https://www.pamesa.com/ERP/4.0/empresas/151/045/imagenes/t00010602/0850020042785.jpg
85;22;184;16193;0850220042784;SI;GR.CEPILLADA;60X120(T)C OPULUS DARK;A;SI;SI;0.0000;TECH07;PAMESA;PAMESA;24/40/02;8429991198503;;8429991773199;M2;2;1.44;40;57.60;27.00;1,110.00;122.00;84.00;73.50;;7.80;21/11/2025;PAMESA;PAMESA;GRES PORCELNICO;0850220042784;;TECH;OPULUS;PIEDRA;;POLIVALENTE;BASE;BASE;MATE RECTIFICADO;VARIACION MODERADA;;;;;;;;;GRUPO BIa;;;;;;;1;085.022.0184.16193;25X150;CATLOGO PAMESA;;;60;120;7,8;7200;60x120;OPULUS;DARK;https://www.pamesa.com/ERP/4.0/empresas/151/045/imagenes/t00010602/0850220042784.jpg
85;17;184;16193;0850170042786;SI;GR.CEPILLADA;60X60(T)C OPULUS DARK;A;SI;SI;0.0000;TECH06;PAMESA;PAMESA;F/40/04;8429991198510;;8429991773199;M2;4;1.44;40;57.60;27.00;1,100.00;120.00;80.00;73.50;;7.80;21/11/2025;PAMESA;PAMESA;GRES PORCELNICO;0850170042786;;TECH;OPULUS;PIEDRA;;POLIVALENTE;BASE;BASE;MATE RECTIFICADO;VARIACION MODERADA;;;;;;;;;GRUPO BIa;;;;;;;1;085.017.0184.16193;20x120 (n);CATLOGO PAMESA;;;60;60;7,8;3600;60x60;OPULUS;DARK;https://www.pamesa.com/ERP/4.0/empresas/151/045/imagenes/t00010602/0850170042786.jpg
85;21;184;16193;0850210042788;SI;GR.CEPILLADA;30X60(T)C OPULUS DARK;A;SI;SI;0.0000;TECH05;PAMESA;PAMESA;24/42/08;8429991198527;;8429991773199;M2;8;1.44;42;60.48;24.00;1,038.00;122.00;84.00;73.50;;7.80;21/11/2025;PAMESA;PAMESA;GRES PORCELNICO;0850210042788;;TECH;OPULUS;PIEDRA;;POLIVALENTE;BASE;BASE;MATE RECTIFICADO;VARIACION MODERADA;;;;;;;;;GRUPO BIa;;;;;;;1;085.021.0184.16193;8X40CHV;CATLOGO PAMESA;;;30;60;7,8;1800;30x60;OPULUS;DARK;https://www.pamesa.com/ERP/4.0/empresas/151/045/imagenes/t00010602/0850210042788.jpg
33;2;150;15921;0330020038541;SI;POLIMAT;120x120(T) PERLINO BIANCO;A;SI;SI;0.0000;TECH20;PAMESA;PAMESA;23/24/02;8429991182090;;8429991773199;M2;2;2.88;24;69.12;49.00;1,216.00;126.00;126.00;70.00;;7.80;02/10/2025;PAMESA;PAMESA;GRES PORCELNICO;0330020038541;;TECH;PERLINO;MARMOL;;POLIVALENTE;BASE;BASE;ANTIC;VARIACION MODERADA;;NO;;;;CLASE 1;;;GRUPO BIa;GL Esmaltado;;;NO;;1600-2400 N - 35-45 N/mm2;1;033.002.0150.15921;120X280(6MM);CATLOGO PAMESA;;;120;120;7,8;14400;120x120;PERLINO;BIANCO;https://www.pamesa.com/ERP/4.0/empresas/151/045/imagenes/t00010602/0330020038541.jpg
33;2;6;15921;0330020038547;SI;POLIMAT;120x120(T) PERLINO ROSA;A;SI;SI;0.0000;TECH20;PAMESA;PAMESA;23/24/02;8429991182137;;8429991773199;M2;2;2.88;24;69.12;49.00;1,216.00;126.00;126.00;70.00;;7.80;02/10/2025;PAMESA;PAMESA;GRES PORCELNICO;0330020038547;;TECH;PERLINO;MARMOL;;POLIVALENTE;BASE;BASE;ANTIC;VARIACION MODERADA;;NO;;;;CLASE 1;;;GRUPO BIa;GL Esmaltado;;;NO;;1600-2400 N - 35-45 N/mm2;1;033.002.0006.15921;30X60(T)C;CATLOGO PAMESA;;;120;120;7,8;14400;120x120;PERLINO;ROSA;https://www.pamesa.com/ERP/4.0/empresas/151/045/imagenes/t00010602/0330020038547.jpg
33;22;150;15921;0330220038545;SI;POLIMAT;60X120(T)C PERLINO BIANCO;A;SI;SI;0.0000;TECH19;PAMESA;PAMESA;24/40/02;8429991182120;;8429991773199;M2;2;1.44;40;57.60;27.00;1,110.00;122.00;84.00;73.50;;7.80;02/10/2025;PAMESA;PAMESA;GRES PORCELNICO;0330220038545;;TECH;PERLINO;MARMOL;;POLIVALENTE;BASE;BASE;ANTIC;VARIACION MODERADA;;NO;;;;CLASE 1;;;GRUPO BIa;GL Esmaltado;;;NO;;1600-2400 N - 35-45 N/mm2;1;033.022.0150.15921;60X120 RF;CATLOGO PAMESA;;;60;120;7,8;7200;60x120;PERLINO;BIANCO;https://www.pamesa.com/ERP/4.0/empresas/151/045/imagenes/t00010602/0330220038545.jpg
33;22;6;15921;0330220038549;SI;POLIMAT;60X120(T)C PERLINO ROSA;A;SI;SI;0.0000;TECH19;PAMESA;PAMESA;24/40/02;8429991182151;;8429991773199;M2;2;1.44;40;57.60;27.00;1,110.00;122.00;84.00;73.50;;7.80;02/10/2025;PAMESA;PAMESA;GRES PORCELNICO;0330220038549;;TECH;PERLINO;MARMOL;;POLIVALENTE;BASE;BASE;ANTIC;VARIACION MODERADA;;NO;;;;CLASE 1;;;GRUPO BIa;GL Esmaltado;;;NO;;1600-2400 N - 35-45 N/mm2;1;033.022.0006.15921;60X120 RF;CATLOGO PAMESA;;;60;120;7,8;7200;60x120;PERLINO;ROSA;https://www.pamesa.com/ERP/4.0/empresas/151/045/imagenes/t00010602/0330220038549.jpg
33;17;150;15921;0330170038542;SI;POLIMAT;60X60(T)C PERLINO BIANCO;A;SI;SI;0.0000;TECH18;PAMESA;PAMESA;F/40/04;8429991182106;;8429991773199;M2;4;1.44;40;57.60;27.00;1,100.00;120.00;80.00;73.50;;7.80;02/10/2025;PAMESA;PAMESA;GRES PORCELNICO;0330170038542;;TECH;PERLINO;MARMOL;;POLIVALENTE;BASE;BASE;ANTIC;VARIACION MODERADA;;NO;;;;CLASE 1;;;GRUPO BIa;GL Esmaltado;;;NO;;1600-2400 N - 35-45 N/mm2;1;033.017.0150.15921;120X120(T);CATLOGO PAMESA;;;60;60;7,8;3600;60x60;PERLINO;BIANCO;https://www.pamesa.com/ERP/4.0/empresas/151/045/imagenes/t00010602/0330170038542.jpg
33;17;6;15921;0330170038548;SI;POLIMAT;60X60(T)C PERLINO ROSA;A;SI;SI;0.0000;TECH18;PAMESA;PAMESA;F/40/04;8429991182144;;8429991773199;M2;4;1.44;40;57.60;27.00;1,100.00;120.00;80.00;73.50;;7.80;02/10/2025;PAMESA;PAMESA;GRES PORCELNICO;0330170038548;;TECH;PERLINO;MARMOL;;POLIVALENTE;BASE;BASE;ANTIC;VARIACION MODERADA;;NO;;;;CLASE 1;;;GRUPO BIa;GL Esmaltado;;;NO;;1600-2400 N - 35-45 N/mm2;1;033.017.0006.15921;120X280(6MM);CATLOGO PAMESA;;;60;60;7,8;3600;60x60;PERLINO;ROSA;https://www.pamesa.com/ERP/4.0/empresas/151/045/imagenes/t00010602/0330170038548.jpg
33;21;150;15921;0330210038544;SI;POLIMAT;30X60(T)C PERLINO BIANCO;A;SI;SI;0.0000;TECH17;PAMESA;PAMESA;24/48/08;8429991182113;;8429991773199;M2;8;1.44;48;69.12;26.50;1,302.00;122.00;84.00;;;7.80;02/10/2025;PAMESA;PAMESA;GRES PORCELNICO;0330210038544;;TECH;PERLINO;MARMOL;;POLIVALENTE;;BASE;;;;NO;;;;CLASE 1;;;GRUPO BIa;GL Esmaltado;;;NO;;1600-2400 N - 35-45 N/mm2;1;033.021.0150.15921;60X120 RF;CATLOGO PAMESA;;;30;60;7,8;1800;30x60;PERLINO;BIANCO;https://www.pamesa.com/ERP/4.0/empresas/151/045/imagenes/t00010602/0330210038544.jpg
33;21;6;15921;0330210038550;SI;POLIMAT;30X60(T)C PERLINO ROSA;A;SI;SI;0.0000;TECH17;PAMESA;PAMESA;24/48/08;8429991182168;;8429991773199;M2;8;1.44;48;69.12;26.50;1,302.00;122.00;84.00;;;7.80;02/10/2025;PAMESA;PAMESA;GRES PORCELNICO;0330210038550;;TECH;PERLINO;MARMOL;;POLIVALENTE;;BASE;;;;NO;;;;CLASE 1;;;GRUPO BIa;GL Esmaltado;;;NO;;1600-2400 N - 35-45 N/mm2;1;033.021.0006.15921;60X120(T)C;CATLOGO PAMESA;;;30;60;7,8;1800;30x60;PERLINO;ROSA;https://www.pamesa.com/ERP/4.0/empresas/151/045/imagenes/t00010602/0330210038550.jpg
54;961;1;15749;0549610034881;SI;SLIM PULIDO RECTIF.;120x280(6mm) PURE LIGHT 1.;A;SI;SI;0.0000;XXL02;PAMESA;PAMESA;05/20/01;8429991163877;;8429991773199;M2;1;3.36;20;67.20;52.00;1,140.00;290.00;140.00;36.00;;;25/07/2025;PAMESA;PAMESA;GRES PORCELNICO ESMALTADO;0549610034881;;TECH;PURE LIGHT;MARMOL;;POLIVALENTE;BASE;BASE;PULIDO;VARIACION ALTA;;NO;;;;CLASE 0;;;GRUPO BIa;GL Esmaltado;;;;;>700 N - 35-45 N/mm2;1;054.961.0001.15749;25X150;CATLOGO PAMESA;;;120;280;6;33600;120x280;PURE LIGHT;1.;https://www.pamesa.com/ERP/4.0/empresas/151/045/imagenes/t00010602/0549610034881.jpg
54;961;30;15749;0549610040283;SI;SLIM PULIDO RECTIF.;120x280(6mm) PURE LIGHT NACAR;A;SI;SI;0.0000;;PAMESA;PAMESA;05/20/01;8429991186906;;8429991773199;M2;1;3.36;20;67.20;52.00;1,140.00;290.00;140.00;36.00;;;20/10/2025;PAMESA;PAMESA;GRES PORCELNICO ESMALTADO;0549610040283;;TECH;PURE LIGHT;MARMOL;;POLIVALENTE;BASE;BASE;PULIDO;VARIACION ALTA;;NO;;;;CLASE 0;;;GRUPO BIa;GL Esmaltado;;;;;>700 N - 35-45 N/mm2;1;054.961.0030.15749;25X150;CATLOGO PAMESA;;;120;280;6;33600;120x280;PURE LIGHT;NACAR;https://www.pamesa.com/ERP/4.0/empresas/151/045/imagenes/t00010602/0549610040283.jpg
46;2;1;15749;0460020038576;SI;CG.PUL.GRANILLA;120x120(T) PURE LIGHT 1.;A;SI;SI;0.0000;TECH32;PAMESA;PAMESA;23/24/02;8429991179328;;8429991773199;M2;2;2.88;24;69.12;49.00;1,216.00;126.00;126.00;70.00;;7.80;02/10/2025;PAMESA;PAMESA;GRES PORCELNICO ESMALTADO;0460020038576;;TECH;PURE LIGHT;MARMOL;;POLIVALENTE;BASE;BASE;PULIDO;VARIACION ALTA;;;;;;;;;GRUPO BIa;GL Esmaltado;;;NO;;1600-2400 N - 35-45 N/mm2;1;046.002.0001.15749;20x120 (n);CATLOGO PAMESA;;;120;120;7,8;14400;120x120;PURE LIGHT;1.;https://www.pamesa.com/ERP/4.0/empresas/151/045/imagenes/t00010602/0460020038576.jpg
46;22;1;15749;0460220038575;SI;CG.PUL.GRANILLA;60X120(T)C PURE LIGHT 1.;A;SI;SI;0.0000;TECH31;PAMESA;PAMESA;24/40/02;8429991179342;;8429991773199;M2;2;1.44;40;57.60;27.00;1,110.00;122.00;84.00;73.50;;7.80;02/10/2025;PAMESA;PAMESA;GRES PORCELNICO ESMALTADO;0460220038575;;TECH;PURE LIGHT;MARMOL;;POLIVALENTE;BASE;BASE;PULIDO;VARIACION ALTA;;;;;;;;;GRUPO BIa;GL Esmaltado;;;NO;;1600-2400 N - 35-45 N/mm2;1;046.022.0001.15749;20x120 (n);CATLOGO PAMESA;;;60;120;7,8;7200;60x120;PURE LIGHT;1.;https://www.pamesa.com/ERP/4.0/empresas/151/045/imagenes/t00010602/0460220038575.jpg
46;869;14;5142;0468690145142;SI;CG.PUL.GRANILLA;60x120 CR.LUX DANAE ESMERALDA;A;SI;SI;45.0000;LUX03;PAMESA;PAMESA;L/32/02;8429991485689;;8429991773199;M2;2;1.44;32;46.08;34.25;1,121.00;122.00;84.00;75.00;;10.50;18/12/2019;PAMESA;SERIE CROMAT;GRES PORCELNICO-GRANILLA PULIDA RECTF.;0468690145142;;ULTRA LUX;LUX DANAE;MARMOL;;POLIVALENTE;BASE;BASE;PULIDO;VARIACION ALTA;;NO;;;PEI IV;CLASE 0;;;GRUPO BIa;GL Esmaltado;;;NO;;1600-2400 N - 35-45 N/mm2;1;046.869.0014.05142;20x60 P;CATLOGO PAMESA;;;60;120;10,5;7200;60x120;CR.LUX DANAE;ESMERALDA;https://www.pamesa.com/ERP/4.0/empresas/151/045/imagenes/t00010602/0468690145142.jpg
46;869;118;5142;0468691185142;SI;CG.PUL.GRANILLA;60x120 CR.LUX DANAE NAVI;A;SI;SI;45.0000;LUX03;PAMESA;PAMESA;L/32/02;8429991485672;;8429991773199;M2;2;1.44;32;46.08;34.25;1,121.00;122.00;84.00;75.00;;10.50;18/12/2019;PAMESA;SERIE CROMAT;GRES PORCELNICO-GRANILLA PULIDA RECTF.;0468691185142;;ULTRA LUX;LUX DANAE;MARMOL;;POLIVALENTE;BASE;BASE;PULIDO;VARIACION ALTA;;NO;;;PEI IV;CLASE 0;;;GRUPO BIa;GL Esmaltado;;;NO;;1600-2400 N - 35-45 N/mm2;1;046.869.0118.05142;20x120 (n);CATLOGO PAMESA;;;60;120;10,5;7200;60x120;CR.LUX DANAE;NAVI;https://www.pamesa.com/ERP/4.0/empresas/151/045/imagenes/t00010602/0468691185142.jpg
46;869;59;5142;0468690595142;SI;CG.PUL.GRANILLA;60x120 CR.LUX DANAE OPALO;A;SI;SI;45.0000;LUX03;PAMESA;PAMESA;L/32/02;8429991485696;;8429991773199;M2;2;1.44;32;46.08;34.25;1,121.00;122.00;84.00;75.00;;10.50;18/12/2019;PAMESA;SERIE CROMAT;GRES PORCELNICO-GRANILLA PULIDA RECTF.;0468690595142;;ULTRA LUX;LUX DANAE;MARMOL;;POLIVALENTE;BASE;BASE;PULIDO;VARIACION ALTA;;NO;;;PEI IV;CLASE 0;;;GRUPO BIa;GL Esmaltado;;;NO;;1600-2400 N - 35-45 N/mm2;1;046.869.0059.05142;20x60 P;CATLOGO PAMESA;;;60;120;10,5;7200;60x120;CR.LUX DANAE;OPALO;https://www.pamesa.com/ERP/4.0/empresas/151/045/imagenes/t00010602/0468690595142.jpg
86;281;14;5142;0862810145142;SI;PZ.E.CG.PU.GRAN;30x30 (5)Malla CR.LUX DANAE ESMERALDA;A;SI;SI;70.2500;MOS5;PAMESA;PAMESA;E/42/11;8429991606657;;;M2;11;1.00;42;42.00;23.00;986.00;120.00;80.00;;;;08/01/2021;PAMESA;SERIE CROMAT;GRES PORCELNICO-GRANILLA PULIDA RECTF.;0862810145142;;ULTRA LUX;LUX DANAE;MARMOL;;POLIVALENTE;MALLA;;PULIDO;VARIACION ALTA;;SIN INFORMAR;;;;CLASE 0;;;GRUPO BIa;GL Esmaltado;;;;;1600-2400 N - 35-45 N/mm2;1;086.281.0014.05142;60,8x60,8;CATLOGO PAMESA;;;30;30;0;900;30x30;CR.LUX DANAE;ESMERALDA;https://www.pamesa.com/ERP/4.0/empresas/151/045/imagenes/t00010602/0862810145142.jpg
86;281;118;5142;0862811185142;SI;PZ.E.CG.PU.GRAN;30x30 (5)Malla CR.LUX DANAE NAVI;A;SI;SI;70.2500;MOS5;PAMESA;PAMESA;E/42/11;8429991606671;;;M2;11;1.00;42;42.00;23.00;986.00;120.00;80.00;;;;08/01/2021;PAMESA;SERIE CROMAT;GRES PORCELNICO-GRANILLA PULIDA RECTF.;0862811185142;;ULTRA LUX;LUX DANAE;MARMOL;;POLIVALENTE;MALLA;;PULIDO;VARIACION ALTA;;SIN INFORMAR;;;;CLASE 0;;;GRUPO BIa;GL Esmaltado;;;;;1600-2400 N - 35-45 N/mm2;1;086.281.0118.05142;20x120 (n);CATLOGO PAMESA;;;30;30;0;900;30x30;CR.LUX DANAE;NAVI;https://www.pamesa.com/ERP/4.0/empresas/151/045/imagenes/t00010602/0862811185142.jpg
86;281;59;5142;0862810595142;SI;PZ.E.CG.PU.GRAN;30x30 (5)Malla CR.LUX DANAE OPALO;A;SI;SI;70.2500;MOS5;PAMESA;PAMESA;E/42/11;8429991606664;;;M2;11;1.00;42;42.00;23.00;986.00;120.00;80.00;;;;08/01/2021;PAMESA;SERIE CROMAT;GRES PORCELNICO-GRANILLA PULIDA RECTF.;0862810595142;;ULTRA LUX;LUX DANAE;MARMOL;;POLIVALENTE;MALLA;;PULIDO;VARIACION ALTA;;SIN INFORMAR;;;;CLASE 0;;;GRUPO BIa;GL Esmaltado;;;;;1600-2400 N - 35-45 N/mm2;1;086.281.0059.05142;60,8x60,8;CATLOGO PAMESA;;;30;30;0;900;30x30;CR.LUX DANAE;OPALO;https://www.pamesa.com/ERP/4.0/empresas/151/045/imagenes/t00010602/0862810595142.jpg
54;961;110;12230;0549610016528;SI;SLIM PULIDO RECTIF.;120x280(6mm) LUX.EUPHORIA GREEN;A;SI;SI;86.5000;XXL02;PAMESA;PAMESA;05/20/01;8429991799922;;8429991773199;M2;1;3.36;20;67.20;52.00;1,140.00;290.00;140.00;36.00;;;06/02/2023;PAMESA;XXL;GRES PORCELNICO-GRANILLA PULIDA RECTF.;0549610016528;;ULTRA LUX;LUX EUPHORIA;MARMOL;;POLIVALENTE;BASE;BASE;PULIDO;VARIACION ALTA;;NO;NO;;;CLASE 0;;;GRUPO BIa;GL Esmaltado;;;NO;;>700 N - 35-45 N/mm2;1;054.961.0110.12230;20x120 (n);CATLOGO PAMESA;;;120;280;6;33600;120x280;LUX.EUPHORIA;GREEN;https://www.pamesa.com/ERP/4.0/empresas/151/045/imagenes/t00010602/0549610016528.jpg
46;869;110;12230;0468690016528;SI;CG.PUL.GRANILLA;60x120 LUX.EUPHORIA GREEN;A;SI;SI;45.0000;LUX03;PAMESA;PAMESA;L/32/02;8429991783853;;8429991773199;M2;2;1.44;32;46.08;34.25;1,121.00;122.00;84.00;75.00;;10.50;17/11/2022;PAMESA;PAMESA;GRES PORCELNICO-GRANILLA PULIDA RECTF.;0468690016528;;ULTRA LUX;LUX EUPHORIA;MARMOL;;POLIVALENTE;BASE;BASE;PULIDO;VARIACION ALTA;;NO;;;;CLASE 0;;;GRUPO BIa;GL Esmaltado;;;NO;;1600-2400 N - 35-45 N/mm2;1;046.869.0110.12230;20x120 (n);CATLOGO PAMESA;;;60;120;10,5;7200;60x120;LUX.EUPHORIA;GREEN;https://www.pamesa.com/ERP/4.0/empresas/151/045/imagenes/t00010602/0468690016528.jpg
86;281;110;12230;0862810016528;SI;PZ.E.CG.PU.GRAN;30x30 (5)Malla LUX.EUPHORIA GREEN;A;SI;SI;70.2500;MOS5;PAMESA;PAMESA;E/42/11;8429991811938;;;M2;11;1.00;42;42.00;23.00;986.00;120.00;80.00;;;;16/03/2023;PAMESA;PAMESA;GRES PORCELNICO-GRANILLA PULIDA RECTF.;0862810016528;;ULTRA LUX;LUX EUPHORIA;MARMOL;;POLIVALENTE;MALLA;MOSAICO;PULIDO;VARIACION ALTA;;SIN INFORMAR;;;;CLASE 0;;;GRUPO BIa;GL Esmaltado;;;NO;;>1300 N - >35 N/mm2;1;086.281.0110.12230;20x120 (n);CATLOGO PAMESA;;;30;30;0;900;30x30;LUX.EUPHORIA;GREEN;https://www.pamesa.com/ERP/4.0/empresas/151/045/imagenes/t00010602/0862810016528.jpg
46;120;108;5163;0461201085163;SI;CG.PUL.GRANILLA;120x120 CR.LUX ICEBERG WHITE;A;SI;SI;58.2500;LUX05;PAMESA;PAMESA;23/36/01;8429991508296;;8429991773199;M2;1;1.44;36;51.84;34.36;1,276.96;126.00;126.00;71.00;;;19/02/2020;PAMESA;SERIE CROMAT;GRES PORCELNICO-GRANILLA PULIDA RECTF.;0461201085163;;ULTRA LUX;LUX ICEBERG;MARMOL;;POLIVALENTE;BASE;BASE;PULIDO;VARIACION ALTA;;NO;;;PEI IV;CLASE 0;;;GRUPO BIa;GL Esmaltado;;;NO;;1600-2400 N - 35-45 N/mm2;1;046.120.0108.05163;20x60 P;CATLOGO PAMESA;;;120;120;10,2;14400;120x120;CR.LUX ICEBERG;WHITE;https://www.pamesa.com/ERP/4.0/empresas/151/045/imagenes/t00010602/0461201085163.jpg
46;869;108;5163;0468691085163;SI;CG.PUL.GRANILLA;60x120 CR.LUX ICEBERG WHITE;A;SI;SI;45.0000;LUX03;PAMESA;PAMESA;L/32/02;8429991508289;;8429991773199;M2;2;1.44;32;46.08;34.25;1,121.00;122.00;84.00;75.00;;10.50;19/02/2020;PAMESA;SERIE CROMAT;GRES PORCELNICO-GRANILLA PULIDA RECTF.;0468691085163;;ULTRA LUX;LUX ICEBERG;MARMOL;;POLIVALENTE;BASE;BASE;PULIDO;VARIACION ALTA;;NO;;;PEI IV;CLASE 0;;;GRUPO BIa;GL Esmaltado;;;NO;;1600-2400 N - 35-45 N/mm2;1;046.869.0108.05163;20x120 (n);CATLOGO PAMESA;;;60;120;10,5;7200;60x120;CR.LUX ICEBERG;WHITE;https://www.pamesa.com/ERP/4.0/empresas/151/045/imagenes/t00010602/0468691085163.jpg
86;281;108;5163;0862811085163;SI;PZ.E.CG.PU.GRAN;30x30 (5)Malla CR.LUX ICEBERG WHITE;A;SI;SI;70.2500;MOS5;PAMESA;PAMESA;E/42/11;8429991606688;;;M2;11;1.00;42;42.00;23.00;986.00;120.00;80.00;;;;08/01/2021;PAMESA;SERIE CROMAT;GRES PORCELNICO-GRANILLA PULIDA RECTF.;0862811085163;;ULTRA LUX;LUX ICEBERG;MARMOL;;POLIVALENTE;MALLA;;PULIDO;VARIACION ALTA;;SIN INFORMAR;;;;CLASE 0;;;GRUPO BIa;GL Esmaltado;;;;;1600-2400 N - 35-45 N/mm2;1;086.281.0108.05163;20x120 (n);CATLOGO PAMESA;;;30;30;0;900;30x30;CR.LUX ICEBERG;WHITE;https://www.pamesa.com/ERP/4.0/empresas/151/045/imagenes/t00010602/0862811085163.jpg
54;961;109;9565;0549611099565;SI;SLIM PULIDO RECTIF.;120x280(6mm) CR.LUX JATOBA BROWN;A;SI;SI;86.5000;XXL02;PAMESA;PAMESA;05/20/01;8429991794606;;8429991773199;M2;1;3.36;20;67.20;52.00;1,140.00;290.00;140.00;36.00;;;11/01/2023;PAMESA;XXL;GRES PORCELNICO-GRANILLA PULIDA RECTF.;0549611099565;;ULTRA LUX;LUX JATOBA;MARMOL;;POLIVALENTE;;BASE;CR LUX;VARIACION ALTA;;NO;;;;CLASE 0;;;GRUPO BIa;GL Esmaltado;;;NO;;>700 N - 35-45 N/mm2;1;054.961.0109.09565;20x120 (n);CATLOGO PAMESA;;;120;280;6;33600;120x280;CR.LUX JATOBA;BROWN;https://www.pamesa.com/ERP/4.0/empresas/151/045/imagenes/t00010602/0549611099565.jpg
46;869;151;5154;0468691515154;SI;CG.PUL.GRANILLA;60x120 CR.LUX KIONIA AZZURRO;A;SI;SI;45.0000;LUX03;PAMESA;PAMESA;L/32/02;8429991485665;;8429991773199;M2;2;1.44;32;46.08;34.25;1,121.00;122.00;84.00;75.00;;10.50;18/12/2019;PAMESA;SERIE CROMAT;GRES PORCELNICO-GRANILLA PULIDA RECTF.;0468691515154;;ULTRA LUX;LUX KIONIA;MARMOL;;POLIVALENTE;BASE;BASE;PULIDO;VARIACION ALTA;;NO;;;PEI IV;CLASE 0;;;GRUPO BIa;GL Esmaltado;;;NO;;1600-2400 N - 35-45 N/mm2;1;046.869.0151.05154;20x120 (n);CATLOGO PAMESA;;;60;120;10,5;7200;60x120;CR.LUX KIONIA;AZZURRO;https://www.pamesa.com/ERP/4.0/empresas/151/045/imagenes/t00010602/0468691515154.jpg
46;869;519;5154;0468695195154;SI;CG.PUL.GRANILLA;60x120 CR.LUX KIONIA SMERALDO;A;SI;SI;45.0000;LUX03;PAMESA;PAMESA;L/32/02;8429991485658;;8429991773199;M2;2;1.44;32;46.08;34.25;1,121.00;122.00;84.00;75.00;;10.50;18/12/2019;PAMESA;SERIE CROMAT;GRES PORCELNICO-GRANILLA PULIDA RECTF.;0468695195154;;ULTRA LUX;LUX KIONIA;MARMOL;;POLIVALENTE;BASE;BASE;PULIDO;VARIACION ALTA;;NO;;;PEI IV;CLASE 0;;;GRUPO BIa;GL Esmaltado;;;NO;;1600-2400 N - 35-45 N/mm2;1;046.869.0519.05154;20x120 (n);CATLOGO PAMESA;;;60;120;10,5;7200;60x120;CR.LUX KIONIA;SMERALDO;https://www.pamesa.com/ERP/4.0/empresas/151/045/imagenes/t00010602/0468695195154.jpg
86;281;151;5154;0862811515154;SI;PZ.E.CG.PU.GRAN;30x30 (5)Malla CR.LUX KIONIA AZZURRO;A;SI;SI;70.2500;MOS5;PAMESA;PAMESA;E/42/11;8429991606718;;;M2;11;1.00;42;42.00;23.00;986.00;120.00;80.00;;;;08/01/2021;PAMESA;SERIE CROMAT;GRES PORCELNICO-GRANILLA PULIDA RECTF.;0862811515154;;ULTRA LUX;LUX KIONIA;MARMOL;;POLIVALENTE;MALLA;;PULIDO;VARIACION ALTA;;SIN INFORMAR;;;;CLASE 0;;;GRUPO BIa;GL Esmaltado;;;;;1600-2400 N - 35-45 N/mm2;1;086.281.0151.05154;20x120 (n);CATLOGO PAMESA;;;30;30;0;900;30x30;CR.LUX KIONIA;AZZURRO;https://www.pamesa.com/ERP/4.0/empresas/151/045/imagenes/t00010602/0862811515154.jpg
86;281;519;5154;0862815195154;SI;PZ.E.CG.PU.GRAN;30x30 (5)Malla CR.LUX KIONIA SMERALDO;A;SI;SI;70.2500;MOS5;PAMESA;PAMESA;E/42/11;8429991606725;;;M2;11;1.00;42;42.00;23.00;986.00;120.00;80.00;;;;08/01/2021;PAMESA;SERIE CROMAT;GRES PORCELNICO-GRANILLA PULIDA RECTF.;0862815195154;;ULTRA LUX;LUX KIONIA;MARMOL;;POLIVALENTE;MALLA;;PULIDO;VARIACION ALTA;;SIN INFORMAR;;;;CLASE 0;;;GRUPO BIa;GL Esmaltado;;;;;1600-2400 N - 35-45 N/mm2;1;086.281.0519.05154;20x120 (n);CATLOGO PAMESA;;;30;30;0;900;30x30;CR.LUX KIONIA;SMERALDO;https://www.pamesa.com/ERP/4.0/empresas/151/045/imagenes/t00010602/0862815195154.jpg
52;961;109;5151;0529611095151;SI;SLIM MATE RECTIF.;120x280(6mm) CR.LUX LAURANTS BROWN;A;SI;SI;62.5000;XXL04;PAMESA;PAMESA;05/20/01;8429991934170;;8429991773199;M2;1;3.36;20;67.20;52.00;1,140.00;290.00;140.00;36.00;;;22/05/2024;PAMESA;PAMESA;GRES PORCELNICO ESMALTADO;0529611095151;;ULTRA LUX;LUX LAURANTS;MARMOL;;POLIVALENTE;BASE;BASE;MATE RECTIFICADO;VARIACION ALTA;;NO;NO;;;;;;GRUPO BIa;GL Esmaltado;;;NO;;>700 N - 35-45 N/mm2;1;052.961.0109.05151;25X100;CATLOGO PAMESA;;;120;280;6;33600;120x280;CR.LUX LAURANTS;BROWN;https://www.pamesa.com/ERP/4.0/empresas/151/045/imagenes/t00010602/0529611095151.jpg
54;961;109;5151;0549611095151;SI;SLIM PULIDO RECTIF.;120x280(6mm) CR.LUX LAURANTS BROWN;A;SI;SI;86.5000;XXL02;PAMESA;PAMESA;05/20/01;8429991794569;;8429991773199;M2;1;3.36;20;67.20;52.00;1,140.00;290.00;140.00;36.00;;;11/01/2023;PAMESA;XXL;GRES PORCELNICO-GRANILLA PULIDA RECTF.;0549611095151;;ULTRA LUX;LUX LAURANTS;MARMOL;;POLIVALENTE;;BASE;CR LUX;VARIACION ALTA;;NO;;;;CLASE 0;;;GRUPO BIa;GL Esmaltado;;;NO;;>700 N - 35-45 N/mm2;1;054.961.0109.05151;20x120 (n);CATLOGO PAMESA;;;120;280;6;33600;120x280;CR.LUX LAURANTS;BROWN;https://www.pamesa.com/ERP/4.0/empresas/151/045/imagenes/t00010602/0549611095151.jpg
52;154;109;5151;0521541095151;SI;SLIM MATE RECTIF.;160X160(8MM) CR.LUX LAURANTS BROWN;A;SI;SI;47.5000;XXL03;PAMESA;PAMESA;O/20/01;8429991935849;;8429991773199;M2;1;2.56;20;51.20;48.62;1,062.40;176.00;176.00;34.00;;7.80;31/05/2024;PAMESA;PAMESA;GRES PORCELNICO ESMALTADO;0521541095151;;ULTRA LUX;LUX LAURANTS;MARMOL;;POLIVALENTE;BASE;BASE;MATE RECTIFICADO;VARIACION ALTA;;NO;NO;;;;;;GRUPO BIa;GL Esmaltado;;;NO;;1600-2400 N - 35-45 N/mm2;1;052.154.0109.05151;20x120 (n);CATLOGO PAMESA;;;160;160;8;25600;160x160;CR.LUX LAURANTS;BROWN;https://www.pamesa.com/ERP/4.0/empresas/151/045/imagenes/t00010602/0521541095151.jpg
54;154;109;5151;0541541095151;SI;SLIM PULIDO RECTIF.;160X160(8MM) CR.LUX LAURANTS BROWN;A;SI;SI;70.0000;XXL01;PAMESA;PAMESA;O/20/01;8429991877101;;8429991773199;M2;1;2.56;20;51.20;48.62;1,062.40;176.00;176.00;34.00;;7.80;16/01/2024;PAMESA;PAMESA;GRES PORCELNICO-GRANILLA PULIDA RECTF.;0541541095151;;ULTRA LUX;LUX LAURANTS;MARMOL;;POLIVALENTE;BASE;BASE;PULIDO;VARIACION ALTA;;NO;NO;;;CLASE 0;;;GRUPO BIa;GL Esmaltado;;;NO;;1600-2400 N - 35-45 N/mm2;1;054.154.0109.05151;30x180;CATLOGO PAMESA;;;160;160;8;25600;160x160;CR.LUX LAURANTS;BROWN;https://www.pamesa.com/ERP/4.0/empresas/151/045/imagenes/t00010602/0541541095151.jpg
46;120;109;5151;0461201095151;SI;CG.PUL.GRANILLA;120x120 CR.LUX LAURANTS BROWN;A;SI;SI;58.2500;LUX05;PAMESA;PAMESA;23/36/01;8429991491635;;8429991773199;M2;1;1.44;36;51.84;34.36;1,276.96;126.00;126.00;71.00;;;09/01/2020;PAMESA;SERIE CROMAT;GRES PORCELNICO-GRANILLA PULIDA RECTF.;0461201095151;;ULTRA LUX;LUX LAURANTS;MARMOL;;POLIVALENTE;BASE;BASE;PULIDO;VARIACION ALTA;;NO;NO;;PEI III;CLASE 0;;;GRUPO BIa;GL Esmaltado;;;NO;;1600-2400 N - 35-45 N/mm2;1;046.120.0109.05151;20x60 P;CATLOGO PAMESA;;;120;120;10,2;14400;120x120;CR.LUX LAURANTS;BROWN;https://www.pamesa.com/ERP/4.0/empresas/151/045/imagenes/t00010602/0461201095151.jpg
17;2;109;15975;0170020039460;SI;REC.GLASS;120x120(T) LAURANTS MATT BROWN;A;SI;SI;0.0000;TECH04;PAMESA;PAMESA;23/24/02;8429991184629;;8429991773199;M2;2;2.88;24;69.12;49.00;1,216.00;126.00;126.00;70.00;;7.80;10/10/2025;PAMESA;PAMESA;GRES PORCELNICO ESMALTADO;0170020039460;;ULTRA LUX;LUX LAURANTS;MARMOL;;POLIVALENTE;BASE;BASE;MATE RECTIFICADO;VARIACION ALTA;;NO;;;;CLASE 0;R9;;GRUPO BIa;GL Esmaltado;;;NO;;1600-2400 N - 35-45 N/mm2;1;017.002.0109.15975;30x30(7)Malla;CATLOGO PAMESA;;;120;120;7,8;14400;120x120;LAURANTS MATT;BROWN;https://www.pamesa.com/ERP/4.0/empresas/151/045/imagenes/t00010602/0170020039460.jpg
46;869;109;5151;0468691095151;SI;CG.PUL.GRANILLA;60x120 CR.LUX LAURANTS BROWN;A;SI;SI;45.0000;LUX03;PAMESA;PAMESA;L/32/02;8429991485627;;8429991773199;M2;2;1.44;32;46.08;34.25;1,121.00;122.00;84.00;75.00;;10.50;18/12/2019;PAMESA;SERIE CROMAT;GRES PORCELNICO-GRANILLA PULIDA RECTF.;0468691095151;;ULTRA LUX;LUX LAURANTS;MARMOL;;POLIVALENTE;;BASE;PULIDO;VARIACION ALTA;;NO;;;PEI III;CLASE 0;;;GRUPO BIa;GL Esmaltado;;;NO;;1600-2400 N - 35-45 N/mm2;1;046.869.0109.05151;20x120 (n);CATLOGO PAMESA;;;60;120;10,5;7200;60x120;CR.LUX LAURANTS;BROWN;https://www.pamesa.com/ERP/4.0/empresas/151/045/imagenes/t00010602/0468691095151.jpg
17;22;109;15975;0170220039461;SI;REC.GLASS;60X120(T)C LAURANTS MATT BROWN;A;SI;SI;0.0000;TECH03;PAMESA;PAMESA;24/40/02;8429991184636;;8429991773199;M2;2;1.44;40;57.60;27.00;1,110.00;122.00;84.00;73.50;;7.80;10/10/2025;PAMESA;PAMESA;GRES PORCELNICO ESMALTADO;0170220039461;;ULTRA LUX;LUX LAURANTS;MARMOL;;POLIVALENTE;BASE;BASE;MATE RECTIFICADO;VARIACION ALTA;;NO;;;;CLASE 0;R9;;GRUPO BIa;GL Esmaltado;;;NO;;1600-2400 N - 35-45 N/mm2;1;017.022.0109.15975;30x60 (C);CATLOGO PAMESA;;;60;120;7,8;7200;60x120;LAURANTS MATT;BROWN;https://www.pamesa.com/ERP/4.0/empresas/151/045/imagenes/t00010602/0170220039461.jpg
17;17;109;15975;0170170039462;SI;REC.GLASS;60X60(T)C LAURANTS MATT BROWN;A;SI;SI;0.0000;TECH02;PAMESA;PAMESA;F/40/04;8429991184643;;8429991773199;M2;4;1.44;40;57.60;27.00;1,100.00;120.00;80.00;73.50;;7.80;10/10/2025;PAMESA;PAMESA;GRES PORCELNICO ESMALTADO;0170170039462;;ULTRA LUX;LUX LAURANTS;MARMOL;;POLIVALENTE;BASE;BASE;MATE RECTIFICADO;VARIACION ALTA;;NO;;;;CLASE 0;R9;;GRUPO BIa;GL Esmaltado;;;NO;;1600-2400 N - 35-45 N/mm2;1;017.017.0109.15975;60X120(n);CATLOGO PAMESA;;;60;60;7,8;3600;60x60;LAURANTS MATT;BROWN;https://www.pamesa.com/ERP/4.0/empresas/151/045/imagenes/t00010602/0170170039462.jpg
17;21;109;15975;0170210039463;SI;REC.GLASS;30X60(T)C LAURANTS MATT BROWN;A;SI;SI;0.0000;TECH01;PAMESA;PAMESA;24/48/08;8429991184650;;8429991773199;M2;8;1.44;48;69.12;26.50;1,302.00;122.00;84.00;;;7.80;10/10/2025;PAMESA;PAMESA;GRES PORCELNICO ESMALTADO;0170210039463;;ULTRA LUX;LUX LAURANTS;MARMOL;;POLIVALENTE;BASE;BASE;MATE RECTIFICADO;VARIACION ALTA;;NO;;;;CLASE 0;R9;;GRUPO BIa;GL Esmaltado;;;NO;;1600-2400 N - 35-45 N/mm2;1;017.021.0109.15975;30x30(7)Malla;CATLOGO PAMESA;;;30;60;7,8;1800;30x60;LAURANTS MATT;BROWN;https://www.pamesa.com/ERP/4.0/empresas/151/045/imagenes/t00010602/0170210039463.jpg
86;281;109;5151;0862811095151;SI;PZ.E.CG.PU.GRAN;30x30 (5)Malla CR.LUX LAURANTS BROWN;A;SI;SI;70.2500;MOS5;PAMESA;PAMESA;E/42/11;8429991606695;;;M2;11;1.00;42;42.00;23.00;986.00;120.00;80.00;;;;08/01/2021;PAMESA;SERIE CROMAT;GRES PORCELNICO-GRANILLA PULIDA RECTF.;0862811095151;;ULTRA LUX;LUX LAURANTS;MARMOL;;POLIVALENTE;MALLA;;PULIDO;VARIACION ALTA;;NO;NO;;;CLASE 0;;;GRUPO BIa;GL Esmaltado;;;;;1600-2400 N - 35-45 N/mm2;1;086.281.0109.05151;20x120 (n);CATLOGO PAMESA;;;30;30;0;900;30x30;CR.LUX LAURANTS;BROWN;https://www.pamesa.com/ERP/4.0/empresas/151/045/imagenes/t00010602/0862811095151.jpg
4;120;97;10744;0041200042488;SI;PUL.COMP.;120x120 CR.NOOR ALMOND;A;SI;SI;0.0000;POL19;PAMESA;PAMESA;23/36/01;8429991197025;;8429991773199;M2;1;1.44;36;51.84;34.36;1,276.96;126.00;126.00;71.00;;;18/11/2025;PAMESA;PAMESA;GRES PORCELNICO ESMALTADO PULIDO RECTF.;0041200042488;;ULTRA LUX;LUX NOOR;MARMOL;;POLIVALENTE;BASE;BASE;PULIDO;VARIACION ALTA;;NO;;;;CLASE 0;;;GRUPO BIa;GL Esmaltado;;;NO;;1600-2400 N - 35-45 N/mm2;1;004.120.0097.10744;120X120;CATLOGO PAMESA;;;120;120;10,2;14400;120x120;CR.NOOR;ALMOND;https://www.pamesa.com/ERP/4.0/empresas/151/045/imagenes/t00010602/0041200042488.jpg
4;120;877;10744;0041200042490;SI;PUL.COMP.;120x120 CR.NOOR BERRY;A;SI;SI;0.0000;POL19;PAMESA;PAMESA;23/36/01;8429991197049;;8429991773199;M2;1;1.44;36;51.84;34.36;1,276.96;126.00;126.00;71.00;;;18/11/2025;PAMESA;PAMESA;GRES PORCELNICO ESMALTADO PULIDO RECTF.;0041200042490;;ULTRA LUX;LUX NOOR;MARMOL;;POLIVALENTE;BASE;BASE;PULIDO;VARIACION ALTA;;NO;;;;CLASE 0;;;GRUPO BIa;GL Esmaltado;;;NO;;1600-2400 N - 35-45 N/mm2;1;004.120.0877.10744;30x30(7)Malla;CATLOGO PAMESA;;;120;120;10,2;14400;120x120;CR.NOOR;BERRY;https://www.pamesa.com/ERP/4.0/empresas/151/045/imagenes/t00010602/0041200042490.jpg
4;120;310;10744;0041200042489;SI;PUL.COMP.;120x120 CR.NOOR NUT;A;SI;SI;0.0000;POL19;PAMESA;PAMESA;23/36/01;8429991197032;;8429991773199;M2;1;1.44;36;51.84;34.36;1,276.96;126.00;126.00;71.00;;;18/11/2025;PAMESA;PAMESA;GRES PORCELNICO ESMALTADO PULIDO RECTF.;0041200042489;;ULTRA LUX;LUX NOOR;MARMOL;;POLIVALENTE;BASE;BASE;PULIDO;VARIACION ALTA;;NO;;;;CLASE 0;;;GRUPO BIa;GL Esmaltado;;;NO;;1600-2400 N - 35-45 N/mm2;1;004.120.0310.10744;60X120 RF;CATLOGO PAMESA;;;120;120;10,2;14400;120x120;CR.NOOR;NUT;https://www.pamesa.com/ERP/4.0/empresas/151/045/imagenes/t00010602/0041200042489.jpg
4;120;108;10744;0041200012068;SI;PUL.COMP.;120x120 CR.NOOR WHITE;A;SI;SI;49.0000;POL19;PAMESA;PAMESA;23/36/01;8429991675806;;8429991773199;M2;1;1.44;36;51.84;34.36;1,276.96;126.00;126.00;71.00;;;27/10/2021;PAMESA;PAMESA;GRES PORCELNICO ESMALTADO PULIDO RECTF.;0041200012068;;ULTRA LUX;LUX NOOR;MARMOL;;POLIVALENTE;BASE;BASE;PULIDO;VARIACION ALTA;;NO;;;PEI IV;CLASE 0;;;GRUPO BIa;GL Esmaltado;;;NO;;1600-2400 N - 35-45 N/mm2;1;004.120.0108.10744;120X120;CATLOGO PAMESA;;;120;120;10,2;14400;120x120;CR.NOOR;WHITE;https://www.pamesa.com/ERP/4.0/empresas/151/045/imagenes/t00010602/0041200012068.jpg
17;120;108;10744;0171200012068;SI;REC.GLASS;120x120 CR.NOOR WHITE;A;SI;SI;42.2500;POL18;PAMESA;PAMESA;23/36/01;8429991917425;;8429991773199;M2;1;1.44;36;51.84;34.36;1,276.96;126.00;126.00;71.00;;;11/04/2024;PAMESA;PAMESA;GRES PORCELNICO ESMALTADO;0171200012068;;ULTRA LUX;LUX NOOR;MARMOL;;POLIVALENTE;BASE;BASE;MATE RECTIFICADO;VARIACION MODERADA;;NO;NO;;;CLASE 0;;;GRUPO BIa;GL Esmaltado;;;NO;;1600-2400 N - 35-45 N/mm2;1;017.120.0108.10744;33,3x55;CATLOGO PAMESA;;;120;120;10,2;14400;120x120;CR.NOOR;WHITE;https://www.pamesa.com/ERP/4.0/empresas/151/045/imagenes/t00010602/0171200012068.jpg
46;869;97;10660;0468690012066;SI;CG.PUL.GRANILLA;60x120 CR.LUX NOOR ALMOND;A;SI;SI;45.0000;LUX03;PAMESA;PAMESA;L/32/02;8429991675738;;8429991773199;M2;2;1.44;32;46.08;34.25;1,121.00;122.00;84.00;75.00;;10.50;27/10/2021;PAMESA;PAMESA;GRES PORCELNICO-GRANILLA PULIDA RECTF.;0468690012066;;ULTRA LUX;LUX NOOR;MARMOL;;POLIVALENTE;BASE;BASE;PULIDO;VARIACION ALTA;;NO;;;PEI IV;CLASE 0;;;GRUPO BIa;GL Esmaltado;;;NO;;1600-2400 N - 35-45 N/mm2;1;046.869.0097.10660;20x120 (n);CATLOGO PAMESA;;;60;120;10,5;7200;60x120;CR.LUX NOOR;ALMOND;https://www.pamesa.com/ERP/4.0/empresas/151/045/imagenes/t00010602/0468690012066.jpg
46;869;876;10660;0468690012061;SI;CG.PUL.GRANILLA;60x120 CR.LUX NOOR APPLE;A;SI;SI;45.0000;LUX03;PAMESA;PAMESA;L/32/02;8429991675707;;8429991773199;M2;2;1.44;32;46.08;34.25;1,121.00;122.00;84.00;75.00;;10.50;27/10/2021;PAMESA;PAMESA;GRES PORCELNICO-GRANILLA PULIDA RECTF.;0468690012061;;ULTRA LUX;LUX NOOR;MARMOL;;POLIVALENTE;BASE;BASE;PULIDO;VARIACION ALTA;;NO;;;PEI IV;CLASE 0;;;GRUPO BIa;GL Esmaltado;;;NO;;1600-2400 N - 35-45 N/mm2;1;046.869.0876.10660;20x120 (n);CATLOGO PAMESA;;;60;120;10,5;7200;60x120;CR.LUX NOOR;APPLE;https://www.pamesa.com/ERP/4.0/empresas/151/045/imagenes/t00010602/0468690012061.jpg
46;869;877;10660;0468690012064;SI;CG.PUL.GRANILLA;60x120 CR.LUX NOOR BERRY;A;SI;SI;45.0000;LUX03;PAMESA;PAMESA;L/32/02;8429991675721;;8429991773199;M2;2;1.44;32;46.08;34.25;1,121.00;122.00;84.00;75.00;;10.50;27/10/2021;PAMESA;PAMESA;GRES PORCELNICO-GRANILLA PULIDA RECTF.;0468690012064;;ULTRA LUX;LUX NOOR;MARMOL;;POLIVALENTE;;BASE;PULIDO;VARIACION ALTA;;NO;;;PEI III;CLASE 0;;;GRUPO BIa;GL Esmaltado;;;NO;;1600-2400 N - 35-45 N/mm2;1;046.869.0877.10660;23X120(N);CATLOGO PAMESA;;;60;120;10,5;7200;60x120;CR.LUX NOOR;BERRY;https://www.pamesa.com/ERP/4.0/empresas/151/045/imagenes/t00010602/0468690012064.jpg
46;869;310;10660;0468690012067;SI;CG.PUL.GRANILLA;60x120 CR.LUX NOOR NUT;A;SI;SI;45.0000;LUX03;PAMESA;PAMESA;L/32/02;8429991675745;;8429991773199;M2;2;1.44;32;46.08;34.25;1,121.00;122.00;84.00;75.00;;10.50;27/10/2021;PAMESA;PAMESA;GRES PORCELNICO-GRANILLA PULIDA RECTF.;0468690012067;;ULTRA LUX;LUX NOOR;MARMOL;;POLIVALENTE;BASE;BASE;PULIDO;VARIACION ALTA;;NO;;;PEI III;CLASE 0;;;GRUPO BIa;GL Esmaltado;;;NO;;1600-2400 N - 35-45 N/mm2;1;046.869.0310.10660;20x120 (n);CATLOGO PAMESA;;;60;120;10,5;7200;60x120;CR.LUX NOOR;NUT;https://www.pamesa.com/ERP/4.0/empresas/151/045/imagenes/t00010602/0468690012067.jpg
46;869;331;10660;0468690012063;SI;CG.PUL.GRANILLA;60x120 CR.LUX NOOR PEACH;A;SI;SI;45.0000;LUX03;PAMESA;PAMESA;L/32/02;8429991675714;;8429991773199;M2;2;1.44;32;46.08;34.25;1,121.00;122.00;84.00;75.00;;10.50;27/10/2021;PAMESA;PAMESA;GRES PORCELNICO-GRANILLA PULIDA RECTF.;0468690012063;;ULTRA LUX;LUX NOOR;MARMOL;;POLIVALENTE;BASE;BASE;PULIDO;VARIACION ALTA;;NO;;;PEI IV;CLASE 0;;;GRUPO BIa;GL Esmaltado;;;NO;;1600-2400 N - 35-45 N/mm2;1;046.869.0331.10660;20x120 (n);CATLOGO PAMESA;;;60;120;10,5;7200;60x120;CR.LUX NOOR;PEACH;https://www.pamesa.com/ERP/4.0/empresas/151/045/imagenes/t00010602/0468690012063.jpg
4;869;97;10744;0048690042491;SI;PUL.COMP.;60x120 CR.NOOR ALMOND;A;SI;SI;0.0000;POL13;PAMESA;PAMESA;L/32/02;8429991197056;;8429991773199;M2;2;1.44;32;46.08;34.25;1,121.00;122.00;84.00;75.00;;10.50;18/11/2025;PAMESA;PAMESA;GRES PORCELNICO ESMALTADO PULIDO RECTF.;0048690042491;;ULTRA LUX;LUX NOOR;MARMOL;;POLIVALENTE;BASE;BASE;PULIDO;VARIACION ALTA;;;;;;;;;GRUPO BIa;GL Esmaltado;;;NO;;1600-2400 N - 35-45 N/mm2;1;004.869.0097.10744;60X60;CATLOGO PAMESA;;;60;120;10,5;7200;60x120;CR.NOOR;ALMOND;https://www.pamesa.com/ERP/4.0/empresas/151/045/imagenes/t00010602/0048690042491.jpg
4;869;877;10744;0048690042495;SI;PUL.COMP.;60x120 CR.NOOR BERRY;A;SI;SI;0.0000;POL13;PAMESA;PAMESA;L/32/02;8429991197070;;8429991773199;M2;2;1.44;32;46.08;34.25;1,121.00;122.00;84.00;75.00;;10.50;18/11/2025;PAMESA;PAMESA;GRES PORCELNICO ESMALTADO PULIDO RECTF.;0048690042495;;ULTRA LUX;LUX NOOR;MARMOL;;POLIVALENTE;BASE;BASE;PULIDO;VARIACION ALTA;;;;;;;;;GRUPO BIa;GL Esmaltado;;;NO;;1600-2400 N - 35-45 N/mm2;1;004.869.0877.10744;30x30(7)Malla;CATLOGO PAMESA;;;60;120;10,5;7200;60x120;CR.NOOR;BERRY;https://www.pamesa.com/ERP/4.0/empresas/151/045/imagenes/t00010602/0048690042495.jpg
4;869;310;10744;0048690042492;SI;PUL.COMP.;60x120 CR.NOOR NUT;A;SI;SI;0.0000;POL13;PAMESA;PAMESA;L/32/02;8429991197063;;8429991773199;M2;2;1.44;32;46.08;34.25;1,121.00;122.00;84.00;75.00;;10.50;18/11/2025;PAMESA;PAMESA;GRES PORCELNICO ESMALTADO PULIDO RECTF.;0048690042492;;ULTRA LUX;LUX NOOR;MARMOL;;POLIVALENTE;BASE;BASE;PULIDO;VARIACION ALTA;;;;;;;;;GRUPO BIa;GL Esmaltado;;;NO;;1600-2400 N - 35-45 N/mm2;1;004.869.0310.10744;60X120 RF;CATLOGO PAMESA;;;60;120;10,5;7200;60x120;CR.NOOR;NUT;https://www.pamesa.com/ERP/4.0/empresas/151/045/imagenes/t00010602/0048690042492.jpg
4;869;108;10744;0048690012068;SI;PUL.COMP.;60x120 CR.NOOR WHITE;A;SI;SI;35.5000;POL13;PAMESA;PAMESA;L/32/02;8429991675813;;8429991773199;M2;2;1.44;32;46.08;34.25;1,121.00;122.00;84.00;75.00;;10.50;27/10/2021;PAMESA;PAMESA;GRES PORCELNICO ESMALTADO PULIDO RECTF.;0048690012068;;ULTRA LUX;LUX NOOR;MARMOL;;POLIVALENTE;;BASE;PULIDO;VARIACION ALTA;;NO;;;PEI IV;CLASE 0;;;GRUPO BIa;GL Esmaltado;;;NO;;1600-2400 N - 35-45 N/mm2;1;004.869.0108.10744;90X90(N);CATLOGO PAMESA;;;60;120;10,5;7200;60x120;CR.NOOR;WHITE;https://www.pamesa.com/ERP/4.0/empresas/151/045/imagenes/t00010602/0048690012068.jpg
17;869;108;10744;0178690012068;SI;REC.GLASS;60x120 CR.NOOR WHITE;A;SI;SI;32.2500;POL12;PAMESA;PAMESA;L/32/02;8429991741341;;8429991773199;M2;2;1.44;32;46.08;34.25;1,121.00;122.00;84.00;75.00;;10.50;13/06/2022;PAMESA;PAMESA;GRES PORCELNICO ESMALTADO;0178690012068;;ULTRA LUX;LUX NOOR;MARMOL;;POLIVALENTE;BASE;BASE;MATE RECTIFICADO;VARIACION ALTA;;NO;;;PEI IV;CLASE 0;;;GRUPO BIa;GL Esmaltado;;;NO;;1600-2400 N - 35-45 N/mm2;1;017.869.0108.10744;60X120(n);CATLOGO PAMESA;;;60;120;10,5;7200;60x120;CR.NOOR;WHITE;https://www.pamesa.com/ERP/4.0/empresas/151/045/imagenes/t00010602/0178690012068.jpg
4;840;108;10744;0048400012068;SI;PUL.COMP.;60x60 CR.NOOR WHITE;A;SI;SI;26.7500;POL06;PAMESA;PAMESA;F/30/04;8429991724375;;8429991773199;M2;4;1.44;30;43.20;30.00;920.00;120.00;80.00;73.50;;;11/04/2022;PAMESA;PAMESA;GRES PORCELNICO ESMALTADO PULIDO RECTF.;0048400012068;;ULTRA LUX;LUX NOOR;MARMOL;;POLIVALENTE;BASE;BASE;PULIDO;VARIACION ALTA;;NO;;;PEI IV;CLASE 0;;;GRUPO BIa;GL Esmaltado;;;NO;;1600-2400 N - 35-45 N/mm2;1;004.840.0108.10744;30x30(7)Malla;CATLOGO PAMESA;;;60;60;9;3600;60x60;CR.NOOR;WHITE;https://www.pamesa.com/ERP/4.0/empresas/151/045/imagenes/t00010602/0048400012068.jpg
17;840;108;10744;0178400012068;SI;REC.GLASS;60x60 CR.NOOR WHITE;A;SI;SI;22.5000;POL05;PAMESA;PAMESA;F/30/04;8429991724399;;8429991773199;M2;4;1.44;30;43.20;30.00;920.00;120.00;80.00;73.50;;;11/04/2022;PAMESA;PAMESA;GRES PORCELNICO ESMALTADO;0178400012068;;ULTRA LUX;LUX NOOR;MARMOL;;POLIVALENTE;BASE;BASE;MATE RECTIFICADO;VARIACION ALTA;;NO;;;PEI IV;CLASE 0;;;GRUPO BIa;GL Esmaltado;;;NO;;1600-2400 N - 35-45 N/mm2;1;017.840.0108.10744;60X120(n);CATLOGO PAMESA;;;60;60;9;3600;60x60;CR.NOOR;WHITE;https://www.pamesa.com/ERP/4.0/empresas/151/045/imagenes/t00010602/0178400012068.jpg
4;450;108;10744;0044500012068;SI;PUL.COMP.;30x60 (C) CR.NOOR WHITE;A;SI;SI;26.7500;POL04;PAMESA;PAMESA;F/48/06;8429991740801;;8429991773199;M2;6;1.08;48;51.84;23.60;1,152.80;120.00;80.00;74.00;;9.50;11/04/2022;PAMESA;PAMESA;GRES PORCELNICO ESMALTADO PULIDO RECTF.;0044500012068;;ULTRA LUX;LUX NOOR;MARMOL;;POLIVALENTE;BASE;BASE;PULIDO;VARIACION ALTA;;NO;;;PEI IV;CLASE 0;;;GRUPO BIa;GL Esmaltado;;;NO;;1600-2400 N - 35-45 N/mm2;1;004.450.0108.10744;120X120;CATLOGO PAMESA;;;30;60;9,5;1800;30x60;CR.NOOR;WHITE;https://www.pamesa.com/ERP/4.0/empresas/151/045/imagenes/t00010602/0044500012068.jpg
17;450;108;10744;0174500012068;SI;REC.GLASS;30x60 (C) CR.NOOR WHITE;A;SI;SI;22.5000;POL03;PAMESA;PAMESA;F/48/06;8429991724382;;8429991773199;M2;6;1.08;48;51.84;23.60;1,152.80;120.00;80.00;74.00;;9.50;11/04/2022;PAMESA;PAMESA;GRES PORCELNICO ESMALTADO;0174500012068;;ULTRA LUX;LUX NOOR;MARMOL;;POLIVALENTE;BASE;BASE;MATE RECTIFICADO;VARIACION ALTA;;NO;;;PEI IV;CLASE 0;;;GRUPO BIa;GL Esmaltado;;;NO;;1600-2400 N - 35-45 N/mm2;1;017.450.0108.10744;90X90(N);CATLOGO PAMESA;;;30;60;9,5;1800;30x60;CR.NOOR;WHITE;https://www.pamesa.com/ERP/4.0/empresas/151/045/imagenes/t00010602/0174500012068.jpg
86;281;97;10660;0862810012066;SI;PZ.E.CG.PU.GRAN;30x30 (5)Malla CR.LUX NOOR ALMOND;A;SI;SI;70.2500;MOS5;PAMESA;PAMESA;E/42/11;8429991683344;;;M2;11;1.00;42;42.00;23.00;986.00;120.00;80.00;;;;23/11/2021;PAMESA;PAMESA;GRES PORCELNICO-GRANILLA PULIDA RECTF.;0862810012066;;ULTRA LUX;LUX NOOR;MARMOL;;POLIVALENTE;MALLA;;PULIDO;VARIACION ALTA;;SIN INFORMAR;;;PEI IV;CLASE 0;;;GRUPO BIa;GL Esmaltado;;;;;1600-2400 N - 35-45 N/mm2;1;086.281.0097.10660;60,8x60,8;CATLOGO PAMESA;;;30;30;0;900;30x30;CR.LUX NOOR;ALMOND;https://www.pamesa.com/ERP/4.0/empresas/151/045/imagenes/t00010602/0862810012066.jpg
86;281;876;10660;0862810012061;SI;PZ.E.CG.PU.GRAN;30x30 (5)Malla CR.LUX NOOR APPLE;A;SI;SI;70.2500;MOS5;PAMESA;PAMESA;E/42/11;8429991683382;;;M2;11;1.00;42;42.00;23.00;986.00;120.00;80.00;;;;23/11/2021;PAMESA;PAMESA;GRES PORCELNICO-GRANILLA PULIDA RECTF.;0862810012061;;ULTRA LUX;LUX NOOR;MARMOL;;POLIVALENTE;MALLA;;PULIDO;VARIACION ALTA;;SIN INFORMAR;;;PEI IV;CLASE 0;;;GRUPO BIa;GL Esmaltado;;;;;1600-2400 N - 35-45 N/mm2;1;086.281.0876.10660;20x120 (n);CATLOGO PAMESA;;;30;30;0;900;30x30;CR.LUX NOOR;APPLE;https://www.pamesa.com/ERP/4.0/empresas/151/045/imagenes/t00010602/0862810012061.jpg
86;281;877;10660;0862810012064;SI;PZ.E.CG.PU.GRAN;30x30 (5)Malla CR.LUX NOOR BERRY;A;SI;SI;70.2500;MOS5;PAMESA;PAMESA;E/42/11;8429991683368;;;M2;11;1.00;42;42.00;23.00;986.00;120.00;80.00;;;;23/11/2021;PAMESA;PAMESA;GRES PORCELNICO-GRANILLA PULIDA RECTF.;0862810012064;;ULTRA LUX;LUX NOOR;MARMOL;;POLIVALENTE;MALLA;;PULIDO;VARIACION ALTA;;SIN INFORMAR;;;PEI III;CLASE 0;;;GRUPO BIa;GL Esmaltado;;;;;1600-2400 N - 35-45 N/mm2;1;086.281.0877.10660;20x120 (n);CATLOGO PAMESA;;;30;30;0;900;30x30;CR.LUX NOOR;BERRY;https://www.pamesa.com/ERP/4.0/empresas/151/045/imagenes/t00010602/0862810012064.jpg
86;281;310;10660;0862810012067;SI;PZ.E.CG.PU.GRAN;30x30 (5)Malla CR.LUX NOOR NUT;A;SI;SI;70.2500;MOS5;PAMESA;PAMESA;E/42/11;8429991683351;;;M2;11;1.00;42;42.00;23.00;986.00;120.00;80.00;;;;23/11/2021;PAMESA;PAMESA;GRES PORCELNICO-GRANILLA PULIDA RECTF.;0862810012067;;ULTRA LUX;LUX NOOR;MARMOL;;POLIVALENTE;MALLA;;PULIDO;VARIACION ALTA;;SIN INFORMAR;;;PEI III;CLASE 0;;;GRUPO BIa;GL Esmaltado;;;;;1600-2400 N - 35-45 N/mm2;1;086.281.0310.10660;20x120 (n);CATLOGO PAMESA;;;30;30;0;900;30x30;CR.LUX NOOR;NUT;https://www.pamesa.com/ERP/4.0/empresas/151/045/imagenes/t00010602/0862810012067.jpg
86;281;331;10660;0862810012063;SI;PZ.E.CG.PU.GRAN;30x30 (5)Malla CR.LUX NOOR PEACH;A;SI;SI;70.2500;MOS5;PAMESA;PAMESA;E/42/11;8429991683375;;;M2;11;1.00;42;42.00;23.00;986.00;120.00;80.00;;;;23/11/2021;PAMESA;PAMESA;GRES PORCELNICO-GRANILLA PULIDA RECTF.;0862810012063;;ULTRA LUX;LUX NOOR;MARMOL;;POLIVALENTE;MALLA;;PULIDO;VARIACION ALTA;;SIN INFORMAR;;;PEI IV;CLASE 0;;;GRUPO BIa;GL Esmaltado;;;;;1600-2400 N - 35-45 N/mm2;1;086.281.0331.10660;20x120 (n);CATLOGO PAMESA;;;30;30;0;900;30x30;CR.LUX NOOR;PEACH;https://www.pamesa.com/ERP/4.0/empresas/151/045/imagenes/t00010602/0862810012063.jpg
25;281;108;10744;0252810012068;SI;PZ.ESP COM-GLAS;30x30 (5)Malla CR.NOOR WHITE;A;SI;SI;70.2500;MOS5;PAMESA;PAMESA;E/42/11;8429991817220;;;M2;11;1.00;42;42.00;23.00;986.00;120.00;80.00;;;;11/04/2023;PAMESA;PAMESA;GRES PORCELNICO ESMALTADO;0252810012068;;ULTRA LUX;LUX NOOR;MARMOL;;POLIVALENTE;MALLA;;MATE;VARIACION MODERADA;;SIN INFORMAR;;;;CLASE 0;;;GRUPO BIa;GL Esmaltado;;;NO;;;1;025.281.0108.10744;60,8x60,8;CATLOGO PAMESA;;;30;30;0;900;30x30;CR.NOOR;WHITE;https://www.pamesa.com/ERP/4.0/empresas/151/045/imagenes/t00010602/0252810012068.jpg
38;281;108;10744;0382810012068;SI;PZ.E.CGLASS PUL;30x30 (5)Malla CR.NOOR WHITE;A;SI;SI;70.2500;MOS5;PAMESA;PAMESA;E/42/11;8429991683405;;;M2;11;1.00;42;42.00;23.00;986.00;120.00;80.00;;;;23/11/2021;PAMESA;PAMESA;GRES PORCELNICO ESMALTADO PULIDO RECTF.;0382810012068;;ULTRA LUX;LUX NOOR;MARMOL;;POLIVALENTE;MALLA;;PULIDO;VARIACION ALTA;NO;SIN INFORMAR;;;PEI IV;CLASE 0;;;GRUPO BIa;GL Esmaltado;;;;;1600-2400 N - 35-45 N/mm2;1;038.281.0108.10744;30X90PBCA;CATLOGO PAMESA;;;30;30;0;900;30x30;CR.NOOR;WHITE;https://www.pamesa.com/ERP/4.0/empresas/151/045/imagenes/t00010602/0382810012068.jpg
46;869;1;11342;0468690013855;SI;CG.PUL.GRANILLA;60x120 LUX VIOLA 1.;A;SI;SI;45.0000;LUX03;PAMESA;PAMESA;L/32/02;8429991716264;;8429991773199;M2;2;1.44;32;46.08;34.25;1,121.00;122.00;84.00;75.00;;10.50;01/03/2022;PAMESA;PAMESA;GRES PORCELNICO-GRANILLA PULIDA RECTF.;0468690013855;;ULTRA LUX;LUX VIOLA;MARMOL;;POLIVALENTE;BASE;BASE;PULIDO;VARIACION ALTA;;NO;;;PEI IV;CLASE 0;;;GRUPO BIa;GL Esmaltado;;;NO;;1600-2400 N - 35-45 N/mm2;1;046.869.0001.11342;20x60 P;CATLOGO PAMESA;;;60;120;10,5;7200;60x120;LUX VIOLA;1.;https://www.pamesa.com/ERP/4.0/empresas/151/045/imagenes/t00010602/0468690013855.jpg
86;281;1;11342;0862810013855;SI;PZ.E.CG.PU.GRAN;30x30 (5)Malla LUX VIOLA 1.;A;SI;SI;70.2500;MOS5;PAMESA;PAMESA;E/42/11;8429991716325;;;M2;11;1.00;42;42.00;23.00;986.00;120.00;80.00;;;;01/03/2022;PAMESA;PAMESA;GRES PORCELNICO-GRANILLA PULIDA RECTF.;0862810013855;;ULTRA LUX;LUX VIOLA;MARMOL;;POLIVALENTE;;;PULIDO;VARIACION ALTA;;SIN INFORMAR;;;PEI IV;CLASE 0;;;GRUPO BIa;GL Esmaltado;;;NO;;1600-2400 N - 35-45 N/mm2;1;086.281.0001.11342;60,8x60,8;CATLOGO PAMESA;;;30;30;0;900;30x30;LUX VIOLA;1.;https://www.pamesa.com/ERP/4.0/empresas/151/045/imagenes/t00010602/0862810013855.jpg
31;872;12;84;0318720120084;SI;PAS.BCA RECTIF;30x90 ADAIR BLANCO;A;SI;SI;23.5000;WHT12;PAMESA;PAMESA;09/63/05;8429991274955;;8429991773311;M2;5;1.35;63;85.05;20.22;1,298.86;112.00;95.00;104.00;;8.70;14/07/2016;PAMESA;SERIE EDEN;REVESTIMIENTO PASTA BLANCA;0318720120084;;WHITE BODY;ADAIR;CEMENTO;;REVESTIMIENTO;BASE;BASE;MATE RECTIFICADO;VARIACION LEVE;;NO;;;;SIN CLASE;;;GRUPO BIII;GL Esmaltado;;;NO;;600-900 N - 15-25 N/mm2;1;031.872.0012.00084;120X120(T);CATLOGO PAMESA;;;30;90;8,7;2700;30x90;ADAIR;BLANCO;https://www.pamesa.com/ERP/4.0/empresas/151/045/imagenes/t00010602/0318720120084.jpg
31;872;297;84;0318722970084;SI;PAS.BCA RECTIF;30x90 ADAIR TORTORA;A;SI;SI;23.5000;WHT12;PAMESA;PAMESA;09/63/05;8429991274962;;8429991773311;M2;5;1.35;63;85.05;20.22;1,298.86;112.00;95.00;104.00;;8.70;14/07/2016;PAMESA;SERIE EDEN;REVESTIMIENTO PASTA BLANCA;0318722970084;;WHITE BODY;ADAIR;CEMENTO;;REVESTIMIENTO;BASE;BASE;MATE RECTIFICADO;VARIACION LEVE;;NO;;;;SIN CLASE;;;GRUPO BIII;GL Esmaltado;;;NO;;600-900 N - 15-25 N/mm2;1;031.872.0297.00084;60X60(T)C;CATLOGO PAMESA;;;30;90;8,7;2700;30x90;ADAIR;TORTORA;https://www.pamesa.com/ERP/4.0/empresas/151/045/imagenes/t00010602/0318722970084.jpg
31;872;100;67;0318721000067;SI;PAS.BCA RECTIF;30x90 RLV.ADAIR MIX;A;SI;SI;23.5000;WHT11;PAMESA;PAMESA;09/63/05;8429991274658;;8429991773311;M2;5;1.35;63;85.05;20.22;1,298.86;112.00;95.00;104.00;;8.70;08/07/2016;PAMESA;SERIE EDEN;REVESTIMIENTO PASTA BLANCA;0318721000067;;WHITE BODY;ADAIR;CEMENTO;;REVESTIMIENTO;DECORADO;DECORADO;MATE RECTIFICADO;VARIACION LEVE;;SI;;;;SIN CLASE;;;GRUPO BIII;GL Esmaltado;;;NO;;600-900 N - 15-25 N/mm2;1;031.872.0100.00067;120X280(6MM);CATLOGO PAMESA;;;30;90;8,7;2700;30x90;RLV.ADAIR;MIX;https://www.pamesa.com/ERP/4.0/empresas/151/045/imagenes/t00010602/0318721000067.jpg
27;821;408;15262;0278210035568;SI;PASTA BLANCA;36x80 ALBA STONE GREIGE;A;SI;SI;0.0000;WHT08;PAMESA;PAMESA;A/54/04;8429991168599;;8429991773281;M2;4;1.15;54;62.10;20.00;1,100.00;126.00;84.00;86.00;4;9.50;05/08/2025;PAMESA;PAMESA;REVESTIMIENTO PASTA BLANCA;0278210035568;;WHITE BODY;ALBA STONE PASTA BLANCA;PIEDRA;;REVESTIMIENTO;BASE;BASE;MATE;VARIACION MODERADA;;NO;;;;SIN CLASE;;;GRUPO BIII;GL Esmaltado;;;NO;;600-900 N - 15-25 N/mm2;1;027.821.0408.15262;120X120(T);CATLOGO PAMESA;;;36;80;9,5;2880;36x80;ALBA STONE;GREIGE;https://www.pamesa.com/ERP/4.0/empresas/151/045/imagenes/t00010602/0278210035568.jpg
27;821;164;15262;0278210035565;SI;PASTA BLANCA;36x80 ALBA STONE IVORY;A;SI;SI;0.0000;WHT08;PAMESA;PAMESA;A/54/04;8429991168575;;8429991773281;M2;4;1.15;54;62.10;20.00;1,100.00;126.00;84.00;86.00;4;9.50;05/08/2025;PAMESA;PAMESA;REVESTIMIENTO PASTA BLANCA;0278210035565;;WHITE BODY;ALBA STONE PASTA BLANCA;PIEDRA;;REVESTIMIENTO;BASE;BASE;MATE;VARIACION MODERADA;;NO;;;;SIN CLASE;;;GRUPO BIII;GL Esmaltado;;;NO;;600-900 N - 15-25 N/mm2;1;027.821.0164.15262;120X120(T);CATLOGO PAMESA;;;36;80;9,5;2880;36x80;ALBA STONE;IVORY;https://www.pamesa.com/ERP/4.0/empresas/151/045/imagenes/t00010602/0278210035565.jpg
27;821;183;15262;0278210035566;SI;PASTA BLANCA;36x80 ALBA STONE SILVER;A;SI;SI;0.0000;WHT08;PAMESA;PAMESA;A/54/04;8429991168582;;8429991773281;M2;4;1.15;54;62.10;20.00;1,100.00;126.00;84.00;86.00;4;9.50;05/08/2025;PAMESA;PAMESA;REVESTIMIENTO PASTA BLANCA;0278210035566;;WHITE BODY;ALBA STONE PASTA BLANCA;PIEDRA;;REVESTIMIENTO;BASE;BASE;MATE;VARIACION MODERADA;;NO;;;;SIN CLASE;;;GRUPO BIII;GL Esmaltado;;;NO;;600-900 N - 15-25 N/mm2;1;027.821.0183.15262;120X120(T);CATLOGO PAMESA;;;36;80;9,5;2880;36x80;ALBA STONE;SILVER;https://www.pamesa.com/ERP/4.0/empresas/151/045/imagenes/t00010602/0278210035566.jpg
27;821;408;15263;0278210035571;SI;PASTA BLANCA;36x80 RLV.ALBA STONE GREIGE;A;SI;SI;0.0000;WHT07;PAMESA;PAMESA;A/54/04;8429991168629;;8429991773281;M2;4;1.15;54;62.10;20.00;1,100.00;126.00;84.00;86.00;4;9.50;05/08/2025;PAMESA;PAMESA;REVESTIMIENTO PASTA BLANCA;0278210035571;;WHITE BODY;ALBA STONE PASTA BLANCA;PIEDRA;;REVESTIMIENTO;DECORADO;RLV DECORADO;MATE;VARIACION MODERADA;;SI;;;;SIN CLASE;;;GRUPO BIII;GL Esmaltado;;;NO;;600-900 N - 15-25 N/mm2;1;027.821.0408.15263;120X120(T);CATLOGO PAMESA;;;36;80;9,5;2880;36x80;RLV.ALBA STONE;GREIGE;https://www.pamesa.com/ERP/4.0/empresas/151/045/imagenes/t00010602/0278210035571.jpg
27;821;164;15263;0278210035569;SI;PASTA BLANCA;36x80 RLV.ALBA STONE IVORY;A;SI;SI;0.0000;WHT07;PAMESA;PAMESA;A/54/04;8429991168605;;8429991773281;M2;4;1.15;54;62.10;20.00;1,100.00;126.00;84.00;86.00;4;9.50;05/08/2025;PAMESA;PAMESA;REVESTIMIENTO PASTA BLANCA;0278210035569;;WHITE BODY;ALBA STONE PASTA BLANCA;PIEDRA;;REVESTIMIENTO;DECORADO;RLV DECORADO;MATE;VARIACION MODERADA;;SI;;;;SIN CLASE;;;GRUPO BIII;GL Esmaltado;;;NO;;600-900 N - 15-25 N/mm2;1;027.821.0164.15263;120X120(T);CATLOGO PAMESA;;;36;80;9,5;2880;36x80;RLV.ALBA STONE;IVORY;https://www.pamesa.com/ERP/4.0/empresas/151/045/imagenes/t00010602/0278210035569.jpg
27;821;183;15263;0278210035570;SI;PASTA BLANCA;36x80 RLV.ALBA STONE SILVER;A;SI;SI;0.0000;WHT07;PAMESA;PAMESA;A/54/04;8429991168612;;8429991773281;M2;4;1.15;54;62.10;20.00;1,100.00;126.00;84.00;86.00;4;9.50;05/08/2025;PAMESA;PAMESA;REVESTIMIENTO PASTA BLANCA;0278210035570;;WHITE BODY;ALBA STONE PASTA BLANCA;PIEDRA;;REVESTIMIENTO;DECORADO;RLV DECORADO;MATE;VARIACION MODERADA;;SI;;;;SIN CLASE;;;GRUPO BIII;GL Esmaltado;;;NO;;600-900 N - 15-25 N/mm2;1;027.821.0183.15263;120X120(T);CATLOGO PAMESA;;;36;80;9,5;2880;36x80;RLV.ALBA STONE;SILVER;https://www.pamesa.com/ERP/4.0/empresas/151/045/imagenes/t00010602/0278210035570.jpg
27;821;12;1004;0278210032537;SI;PASTA BLANCA;36x80 ANZA BLANCO;A;SI;SI;0.0000;WHT08;PAMESA;PAMESA;A/54/04;8429991153069;;8429991773281;M2;4;1.15;54;62.10;20.00;1,100.00;126.00;84.00;86.00;4;9.50;18/06/2025;PAMESA;PAMESA;REVESTIMIENTO PASTA BLANCA;0278210032537;;WHITE BODY;ANZA;CEMENTO;;REVESTIMIENTO;BASE;BASE;MATE;VARIACION MODERADA;;SI;;;;SIN CLASE;;;GRUPO BIII;GL Esmaltado;;;NO;;600-900 N - 15-25 N/mm2;1;027.821.0012.01004;30X60(T)C;CATLOGO PAMESA;;;36;80;9,5;2880;36x80;ANZA;BLANCO;https://www.pamesa.com/ERP/4.0/empresas/151/045/imagenes/t00010602/0278210032537.jpg
27;821;2;1004;0278210032536;SI;PASTA BLANCA;36x80 ANZA GRIS;A;SI;SI;0.0000;WHT08;PAMESA;PAMESA;A/54/04;8429991153052;;8429991773281;M2;4;1.15;54;62.10;20.00;1,100.00;126.00;84.00;86.00;4;9.50;18/06/2025;PAMESA;PAMESA;REVESTIMIENTO PASTA BLANCA;0278210032536;;WHITE BODY;ANZA;CEMENTO;;REVESTIMIENTO;BASE;BASE;MATE;VARIACION MODERADA;;SI;;;;SIN CLASE;;;GRUPO BIII;GL Esmaltado;;;NO;;600-900 N - 15-25 N/mm2;1;027.821.0002.01004;30X60(T)C;CATLOGO PAMESA;;;36;80;9,5;2880;36x80;ANZA;GRIS;https://www.pamesa.com/ERP/4.0/empresas/151/045/imagenes/t00010602/0278210032536.jpg
27;821;100;65;0278210032539;SI;PASTA BLANCA;36x80 RLV.ANZA MIX;A;SI;SI;0.0000;WHT07;PAMESA;PAMESA;A/54/04;8429991153083;;8429991773281;M2;4;1.15;54;62.10;20.00;1,100.00;126.00;84.00;86.00;4;9.50;18/06/2025;PAMESA;PAMESA;REVESTIMIENTO PASTA BLANCA;0278210032539;;WHITE BODY;ANZA;CEMENTO;;REVESTIMIENTO;DECORADO;RLV DECORADO;MATE;VARIACION MODERADA;;SI;;;;SIN CLASE;;;GRUPO BIII;GL Esmaltado;;;NO;;600-900 N - 15-25 N/mm2;1;027.821.0100.00065;120X120(T);CATLOGO PAMESA;;;36;80;9,5;2880;36x80;RLV.ANZA;MIX;https://www.pamesa.com/ERP/4.0/empresas/151/045/imagenes/t00010602/0278210032539.jpg
31;869;165;14676;0318690024110;SI;PAS.BCA RECTIF;60x120 ASTRALE HAYA;A;SI;SI;0.0000;WHT15;PAMESA;PAMESA;L/36/02PB RLV;8429991955830;;8429991773311;M2;2;1.44;36;51.84;21.00;781.00;122.00;84.00;75.00;;8.20;30/07/2024;PAMESA;PAMESA;REVESTIMIENTO PASTA BLANCA;0318690024110;;WHITE BODY;ASTRALE;MADERA;;REVESTIMIENTO;;RLV DECORADO;MATE RECTIFICADO;VARIACION LEVE;;NO;NO;;;SIN CLASE;;;GRUPO BIII;GL Esmaltado;;;NO;;600-900 N - 15-25 N/mm2;1;031.869.0165.14676;60X60(T)C;CATLOGO PAMESA;;;60;120;10,5;7200;60x120;ASTRALE;HAYA;https://www.pamesa.com/ERP/4.0/empresas/151/045/imagenes/t00010602/0318690024110.jpg
31;869;36;14676;0318690023650;SI;PAS.BCA RECTIF;60x120 ASTRALE ROBLE;A;SI;SI;0.0000;WHT15;PAMESA;PAMESA;L/36/02PB RLV;8429991941147;;8429991773311;M2;2;1.44;36;51.84;21.00;781.00;122.00;84.00;75.00;;8.20;11/06/2024;PAMESA;PAMESA;REVESTIMIENTO PASTA BLANCA;0318690023650;;WHITE BODY;ASTRALE;MADERA;;REVESTIMIENTO;;RLV DECORADO;MATE RECTIFICADO;VARIACION LEVE;;NO;NO;;;SIN CLASE;;;GRUPO BIII;GL Esmaltado;;;NO;;600-900 N - 15-25 N/mm2;1;031.869.0036.14676;60X60(T)C;CATLOGO PAMESA;;;60;120;10,5;7200;60x120;ASTRALE;ROBLE;https://www.pamesa.com/ERP/4.0/empresas/151/045/imagenes/t00010602/0318690023650.jpg
27;821;12;5018;0278210033819;SI;PASTA BLANCA;36x80 MATE BLANCO;A;SI;SI;0.0000;WHT08;PAMESA;PAMESA;A/54/04;8429991294311;;8429991773281;M2;4;1.15;54;62.10;20.00;1,100.00;126.00;84.00;86.00;4;9.50;08/07/2025;PAMESA;PAMESA;REVESTIMIENTO PASTA BLANCA;0278210033819;;WHITE BODY;BRILLO-MATE;BASICO;;REVESTIMIENTO;BASE;;MATE;ASPECTO UNIFORME;;NO;;;;SIN CLASE;;;GRUPO BIII;GL Esmaltado;;;NO;;600-900 N - 15-25 N/mm2;1;027.821.0012.05018;30X60(T)C;CATLOGO PAMESA;;;36;80;9,5;2880;36x80;MATE;BLANCO;https://www.pamesa.com/ERP/4.0/empresas/151/045/imagenes/t00010602/0278210033819.jpg
31;872;804;11841;0318720016490;SI;PAS.BCA RECTIF;30x90 CALACATA GOLD BRILLO;A;SI;SI;23.5000;WHT12;PAMESA;PAMESA;09/63/05;8429991782689;;8429991773311;M2;5;1.35;63;85.05;20.22;1,298.86;112.00;95.00;104.00;;8.70;11/11/2022;PAMESA;PAMESA;REVESTIMIENTO PASTA BLANCA;0318720016490;;WHITE BODY;CALACATA GOLD PASTA BLANCA;MARMOL;;REVESTIMIENTO;BASE;BASE;BRILLO;VARIACION ALTA;;NO;;23;;SIN CLASE;;;GRUPO BIII;GL Esmaltado;;;NO;;600-900 N - 15-25 N/mm2;1;031.872.0804.11841;60X60(T)C;CATLOGO PAMESA;;;30;90;8,7;2700;30x90;CALACATA GOLD;BRILLO;https://www.pamesa.com/ERP/4.0/empresas/151/045/imagenes/t00010602/0318720016490.jpg
31;872;803;11841;0318720016489;SI;PAS.BCA RECTIF;30x90 CALACATA GOLD MATE;A;SI;SI;23.5000;WHT12;PAMESA;PAMESA;09/63/05;8429991782672;;8429991773311;M2;5;1.35;63;85.05;20.22;1,298.86;112.00;95.00;104.00;;8.70;11/11/2022;PAMESA;PAMESA;REVESTIMIENTO PASTA BLANCA;0318720016489;;WHITE BODY;CALACATA GOLD PASTA BLANCA;MARMOL;;REVESTIMIENTO;BASE;BASE;MATE RECTIFICADO;VARIACION ALTA;NO;NO;;;;SIN CLASE;;;GRUPO BIII;GL Esmaltado;;;NO;;600-900 N - 15-25 N/mm2;1;031.872.0803.11841;60X120(T)C;CATLOGO PAMESA;;;30;90;8,7;2700;30x90;CALACATA GOLD;MATE;https://www.pamesa.com/ERP/4.0/empresas/151/045/imagenes/t00010602/0318720016489.jpg
31;872;1;85;0318720010085;SI;PAS.BCA RECTIF;30x90 RLV.AGAR 1.;A;SI;SI;23.5000;WHT11;PAMESA;PAMESA;09/63/05;8429991787752;;8429991773311;M2;5;1.35;63;85.05;20.22;1,298.86;112.00;95.00;104.00;;8.70;30/11/2022;PAMESA;PAMESA;REVESTIMIENTO PASTA BLANCA;0318720010085;;WHITE BODY;CALACATA GOLD PASTA BLANCA;MARMOL;;REVESTIMIENTO;DECORADO;DECORADO;MATE RECTIFICADO;VARIACION ALTA;NO;SI;;;;SIN CLASE;;;GRUPO BIII;GL Esmaltado;;;NO;;600-900 N - 15-25 N/mm2;1;031.872.0001.00085;60X60(T)C;CATLOGO PAMESA;;;30;90;8,7;2700;30x90;RLV.AGAR;1.;https://www.pamesa.com/ERP/4.0/empresas/151/045/imagenes/t00010602/0318720010085.jpg
31;872;1;12210;0318720016488;SI;PAS.BCA RECTIF;30x90 RLV.LACIO 1.;A;SI;SI;23.5000;WHT11;PAMESA;PAMESA;09/63/05;8429991782665;;8429991773311;M2;5;1.35;63;85.05;20.22;1,298.86;112.00;95.00;104.00;;8.70;11/11/2022;PAMESA;PAMESA;REVESTIMIENTO PASTA BLANCA;0318720016488;;WHITE BODY;CALACATA GOLD PASTA BLANCA;MARMOL;;REVESTIMIENTO;DECORADO;RLV DECORADO;BRILLO RECTIFICADO;VARIACION ALTA;NO;SI;;;;SIN CLASE;;;GRUPO BIII;GL Esmaltado;;;NO;;600-900 N - 15-25 N/mm2;1;031.872.0001.12210;30X60(T)C;CATLOGO PAMESA;;;30;90;8,7;2700;30x90;RLV.LACIO;1.;https://www.pamesa.com/ERP/4.0/empresas/151/045/imagenes/t00010602/0318720016488.jpg
31;872;1;213;0318720010213;SI;PAS.BCA RECTIF;30x90 RLV.COWAN 1.;A;SI;SI;23.5000;WHT11;PAMESA;PAMESA;09/63/05;8429991787530;;8429991773311;M2;5;1.35;63;85.05;20.22;1,298.86;112.00;95.00;104.00;;8.70;30/11/2022;PAMESA;PAMESA;REVESTIMIENTO PASTA BLANCA;0318720010213;;WHITE BODY;CALACATA WHITE PASTA BLANCA;MARMOL;;REVESTIMIENTO;BASE;BASE;MATE RECTIFICADO;VARIACION ALTA;NO;SI;;;;SIN CLASE;;;GRUPO BIII;GL Esmaltado;;;NO;;600-900 N - 15-25 N/mm2;1;031.872.0001.00213;30X60(T)C;CATLOGO PAMESA;;;30;90;8,7;2700;30x90;RLV.COWAN;1.;https://www.pamesa.com/ERP/4.0/empresas/151/045/imagenes/t00010602/0318720010213.jpg
31;872;1;211;0318720010211;SI;PAS.BCA RECTIF;30x90 RLV.CREST 1.;A;SI;SI;23.5000;WHT11;PAMESA;PAMESA;09/63/05;8429991787547;;8429991773311;M2;5;1.35;63;85.05;20.22;1,298.86;112.00;95.00;104.00;;8.70;30/11/2022;PAMESA;PAMESA;REVESTIMIENTO PASTA BLANCA;0318720010211;;WHITE BODY;CALACATA WHITE PASTA BLANCA;MARMOL;;REVESTIMIENTO;DECORADO;RLV DECORADO;BRILLO RECTIFICADO;VARIACION ALTA;NO;SI;;;;SIN CLASE;;;GRUPO BIII;GL Esmaltado;;;NO;;600-900 N - 15-25 N/mm2;1;031.872.0001.00211;30X60(T)C;CATLOGO PAMESA;;;30;90;8,7;2700;30x90;RLV.CREST;1.;https://www.pamesa.com/ERP/4.0/empresas/151/045/imagenes/t00010602/0318720010211.jpg
31;872;804;12261;0318720016635;SI;PAS.BCA RECTIF;30x90 WHITE CALACATA BRILLO;A;SI;SI;23.5000;WHT12;PAMESA;PAMESA;09/63/05;8429991787042;;8429991773311;M2;5;1.35;63;85.05;20.22;1,298.86;112.00;95.00;104.00;;8.70;28/11/2022;PAMESA;PAMESA;REVESTIMIENTO PASTA BLANCA;0318720016635;;WHITE BODY;CALACATA WHITE PASTA BLANCA;MARMOL;;REVESTIMIENTO;BASE;BASE;BRILLO;VARIACION ALTA;;NO;;23;;SIN CLASE;;;GRUPO BIII;GL Esmaltado;;;NO;;600-900 N - 15-25 N/mm2;1;031.872.0804.12261;60X60(T)C;CATLOGO PAMESA;;;30;90;8,7;2700;30x90;WHITE CALACATA;BRILLO;https://www.pamesa.com/ERP/4.0/empresas/151/045/imagenes/t00010602/0318720016635.jpg
31;872;803;12261;0318720016633;SI;PAS.BCA RECTIF;30x90 WHITE CALACATA MATE;A;SI;SI;23.5000;WHT12;PAMESA;PAMESA;09/63/05;8429991787028;;8429991773311;M2;5;1.35;63;85.05;20.22;1,298.86;112.00;95.00;104.00;;8.70;28/11/2022;PAMESA;PAMESA;REVESTIMIENTO PASTA BLANCA;0318720016633;;WHITE BODY;CALACATA WHITE PASTA BLANCA;MARMOL;;REVESTIMIENTO;BASE;BASE;MATE RECTIFICADO;VARIACION ALTA;NO;NO;;;;SIN CLASE;;;GRUPO BIII;GL Esmaltado;;;NO;;600-900 N - 15-25 N/mm2;1;031.872.0803.12261;60X120(T)C;CATLOGO PAMESA;;;30;90;8,7;2700;30x90;WHITE CALACATA;MATE;https://www.pamesa.com/ERP/4.0/empresas/151/045/imagenes/t00010602/0318720016633.jpg
31;627;804;9556;0316278049556;SI;PAS.BCA RECTIF;33,3x100 CR.CELLINI BRILLO;A;SI;SI;23.5000;WHT10;PAMESA;PAMESA;T/48/06;8429991644659;;8429991773311;M2;6;2.00;48;96.00;25.00;1,222.00;123.00;103.00;80.50;4;7.00;04/06/2021;PAMESA;PAMESA;REVESTIMIENTO PASTA BLANCA;0316278049556;;WHITE BODY;CELLINI-PASTA-BLANCA;MARMOL;;REVESTIMIENTO;BASE;BASE;BRILLO RECTIFICADO;VARIACION MODERADA;;NO;;;;SIN CLASE;;;GRUPO BIII;GL Esmaltado;;;NO;;600-900 N - 15-25 N/mm2;1;031.627.0804.09556;60X120(T)C;CATLOGO PAMESA;;;33,3;100;7;3330;33,3x100;CR.CELLINI;BRILLO;https://www.pamesa.com/ERP/4.0/empresas/151/045/imagenes/t00010602/0316278049556.jpg
31;627;803;9556;0316278039556;SI;PAS.BCA RECTIF;33,3x100 CR.CELLINI MATE;A;SI;SI;23.5000;WHT10;PAMESA;PAMESA;T/48/06;8429991644642;;8429991773311;M2;6;2.00;48;96.00;25.00;1,222.00;123.00;103.00;80.50;4;7.00;04/06/2021;PAMESA;PAMESA;REVESTIMIENTO PASTA BLANCA;0316278039556;;WHITE BODY;CELLINI-PASTA-BLANCA;MARMOL;;REVESTIMIENTO;BASE;BASE;MATE RECTIFICADO;VARIACION MODERADA;;NO;;;;SIN CLASE;;;GRUPO BIII;GL Esmaltado;;;NO;;600-900 N - 15-25 N/mm2;1;031.627.0803.09556;60X120(T)C;CATLOGO PAMESA;;;33,3;100;7;3330;33,3x100;CR.CELLINI;MATE;https://www.pamesa.com/ERP/4.0/empresas/151/045/imagenes/t00010602/0316278039556.jpg
31;627;804;10102;0316270010743;SI;PAS.BCA RECTIF;33,3x100 CR.RLV.CELLINI BRILLO;A;SI;SI;23.5000;WHT09;PAMESA;PAMESA;T/48/05;8429991644673;;8429991773311;M2;5;1.67;48;80.16;23.00;1,126.00;123.00;103.00;80.50;3;8.00;04/06/2021;PAMESA;PAMESA;REVESTIMIENTO PASTA BLANCA;0316270010743;;WHITE BODY;CELLINI-PASTA-BLANCA;MARMOL;;REVESTIMIENTO;DECORADO;RLV DECORADO;BRILLO RECTIFICADO;VARIACION MODERADA;;SI;;;;SIN CLASE;;;GRUPO BIII;GL Esmaltado;;;NO;;600-900 N - 15-25 N/mm2;1;031.627.0804.10102;60X120(T)C;CATLOGO PAMESA;;;33,3;100;7;3330;33,3x100;CR.RLV.CELLINI;BRILLO;https://www.pamesa.com/ERP/4.0/empresas/151/045/imagenes/t00010602/0316270010743.jpg
31;627;803;10102;0316270010742;SI;PAS.BCA RECTIF;33,3x100 CR.RLV.CELLINI MATE;A;SI;SI;23.5000;WHT09;PAMESA;PAMESA;T/48/05;8429991644666;;8429991773311;M2;5;1.67;48;80.16;23.00;1,126.00;123.00;103.00;80.50;3;8.00;04/06/2021;PAMESA;PAMESA;REVESTIMIENTO PASTA BLANCA;0316270010742;;WHITE BODY;CELLINI-PASTA-BLANCA;MARMOL;;REVESTIMIENTO;DECORADO;RLV DECORADO;MATE RECTIFICADO;VARIACION MODERADA;;SI;;;;SIN CLASE;;;GRUPO BIII;GL Esmaltado;;;NO;;600-900 N - 15-25 N/mm2;1;031.627.0803.10102;60X120(T)C;CATLOGO PAMESA;;;33,3;100;7;3330;33,3x100;CR.RLV.CELLINI;MATE;https://www.pamesa.com/ERP/4.0/empresas/151/045/imagenes/t00010602/0316270010742.jpg
31;547;804;9556;0315478049556;SI;PAS.BCA RECTIF;30X60(n) CR.CELLINI BRILLO;A;SI;SI;18.5000;WHT06;PAMESA;PAMESA;F/60/09PB;8429991653705;;8429991773311;M2;9;1.62;60;97.20;20.00;1,220.00;120.00;80.00;105.00;;;21/07/2021;PAMESA;PAMESA;REVESTIMIENTO PASTA BLANCA;0315478049556;;WHITE BODY;CELLINI-PASTA-BLANCA;MARMOL;;REVESTIMIENTO;BASE;BASE;BRILLO RECTIFICADO;VARIACION MODERADA;;NO;;;;SIN CLASE;;;GRUPO BIII;GL Esmaltado;;;NO;;600-900 N - 15-25 N/mm2;1;031.547.0804.09556;30X60(T)C;CATLOGO PAMESA;;;30;60;7;1800;30x60;CR.CELLINI;BRILLO;https://www.pamesa.com/ERP/4.0/empresas/151/045/imagenes/t00010602/0315478049556.jpg
31;547;803;9556;0315478039556;SI;PAS.BCA RECTIF;30X60(n) CR.CELLINI MATE;A;SI;SI;18.5000;WHT06;PAMESA;PAMESA;F/60/09PB;8429991653682;;8429991773311;M2;9;1.62;60;97.20;20.00;1,220.00;120.00;80.00;105.00;;;21/07/2021;PAMESA;PAMESA;REVESTIMIENTO PASTA BLANCA;0315478039556;;WHITE BODY;CELLINI-PASTA-BLANCA;MARMOL;;REVESTIMIENTO;BASE;BASE;MATE RECTIFICADO;VARIACION MODERADA;;NO;;;;SIN CLASE;;;GRUPO BIII;GL Esmaltado;;;NO;;600-900 N - 15-25 N/mm2;1;031.547.0803.09556;60X60(T)C;CATLOGO PAMESA;;;30;60;7;1800;30x60;CR.CELLINI;MATE;https://www.pamesa.com/ERP/4.0/empresas/151/045/imagenes/t00010602/0315478039556.jpg
31;547;804;10102;0315470010743;SI;PAS.BCA RECTIF;30X60(n) CR.RLV.CELLINI BRILLO;A;SI;SI;18.5000;WHT05;PAMESA;PAMESA;F/60/09PB;8429991653712;;8429991773311;M2;9;1.62;60;97.20;20.00;1,220.00;120.00;80.00;105.00;;;21/07/2021;PAMESA;PAMESA;REVESTIMIENTO PASTA BLANCA;0315470010743;;WHITE BODY;CELLINI-PASTA-BLANCA;MARMOL;;REVESTIMIENTO;BASE;BASE;BRILLO RECTIFICADO;VARIACION MODERADA;;SI;;;;SIN CLASE;;;GRUPO BIII;GL Esmaltado;;;NO;;600-900 N - 15-25 N/mm2;1;031.547.0804.10102;30X60(T)C;CATLOGO PAMESA;;;30;60;7;1800;30x60;CR.RLV.CELLINI;BRILLO;https://www.pamesa.com/ERP/4.0/empresas/151/045/imagenes/t00010602/0315470010743.jpg
31;547;803;10102;0315470010742;SI;PAS.BCA RECTIF;30X60(n) CR.RLV.CELLINI MATE;A;SI;SI;18.5000;WHT05;PAMESA;PAMESA;F/60/09PB;8429991653699;;8429991773311;M2;9;1.62;60;97.20;20.00;1,220.00;120.00;80.00;105.00;;;21/07/2021;PAMESA;PAMESA;REVESTIMIENTO PASTA BLANCA;0315470010742;;WHITE BODY;CELLINI-PASTA-BLANCA;MARMOL;;REVESTIMIENTO;BASE;BASE;MATE RECTIFICADO;VARIACION MODERADA;;SI;;;;SIN CLASE;;;GRUPO BIII;GL Esmaltado;;;NO;;600-900 N - 15-25 N/mm2;1;031.547.0803.10102;30X60(T)C;CATLOGO PAMESA;;;30;60;7;1800;30x60;CR.RLV.CELLINI;MATE;https://www.pamesa.com/ERP/4.0/empresas/151/045/imagenes/t00010602/0315470010742.jpg
31;627;7;15481;0316270033199;SI;PAS.BCA RECTIF;33,3x100 CORE BEIGE;A;SI;SI;0.0000;WHT10;PAMESA;PAMESA;T/48/06;8429991156152;;8429991773311;M2;6;2.00;48;96.00;25.00;1,222.00;123.00;103.00;80.50;4;7.00;30/06/2025;PAMESA;PAMESA;REVESTIMIENTO PASTA BLANCA;0316270033199;;WHITE BODY;CORE PASTA BLANCA;PIEDRA;;REVESTIMIENTO;BASE;BASE;MATE RECTIFICADO;VARIACION LEVE;;NO;;;;SIN CLASE;;;GRUPO BIII;GL Esmaltado;;;NO;;600-900 N - 15-25 N/mm2;1;031.627.0007.15481;30X60(T)C;CATLOGO PAMESA;;;33,3;100;7;3330;33,3x100;CORE;BEIGE;https://www.pamesa.com/ERP/4.0/empresas/151/045/imagenes/t00010602/0316270033199.jpg
31;627;164;15481;0316270033198;SI;PAS.BCA RECTIF;33,3x100 CORE IVORY;A;SI;SI;0.0000;WHT10;PAMESA;PAMESA;T/48/06;8429991156145;;8429991773311;M2;6;2.00;48;96.00;25.00;1,222.00;123.00;103.00;80.50;4;7.00;30/06/2025;PAMESA;PAMESA;REVESTIMIENTO PASTA BLANCA;0316270033198;;WHITE BODY;CORE PASTA BLANCA;PIEDRA;;REVESTIMIENTO;BASE;BASE;MATE RECTIFICADO;VARIACION LEVE;;NO;;;;SIN CLASE;;;GRUPO BIII;GL Esmaltado;;;NO;;600-900 N - 15-25 N/mm2;1;031.627.0164.15481;120X120(T);CATLOGO PAMESA;;;33,3;100;7;3330;33,3x100;CORE;IVORY;https://www.pamesa.com/ERP/4.0/empresas/151/045/imagenes/t00010602/0316270033198.jpg
31;627;169;15481;0316270033200;SI;PAS.BCA RECTIF;33,3x100 CORE PEARL;A;SI;SI;0.0000;WHT10;PAMESA;PAMESA;T/48/06;8429991156169;;8429991773311;M2;6;2.00;48;96.00;25.00;1,222.00;123.00;103.00;80.50;4;7.00;30/06/2025;PAMESA;PAMESA;REVESTIMIENTO PASTA BLANCA;0316270033200;;WHITE BODY;CORE PASTA BLANCA;PIEDRA;;REVESTIMIENTO;BASE;BASE;MATE RECTIFICADO;VARIACION LEVE;;NO;;;;SIN CLASE;;;GRUPO BIII;GL Esmaltado;;;NO;;600-900 N - 15-25 N/mm2;1;031.627.0169.15481;120X120(T);CATLOGO PAMESA;;;33,3;100;7;3330;33,3x100;CORE;PEARL;https://www.pamesa.com/ERP/4.0/empresas/151/045/imagenes/t00010602/0316270033200.jpg
31;627;108;15481;0316270033197;SI;PAS.BCA RECTIF;33,3x100 CORE WHITE;A;SI;SI;0.0000;WHT10;PAMESA;PAMESA;T/48/06;8429991156138;;8429991773311;M2;6;2.00;48;96.00;25.00;1,222.00;123.00;103.00;80.50;4;7.00;30/06/2025;PAMESA;PAMESA;REVESTIMIENTO PASTA BLANCA;0316270033197;;WHITE BODY;CORE PASTA BLANCA;PIEDRA;;REVESTIMIENTO;BASE;BASE;MATE RECTIFICADO;VARIACION LEVE;;NO;;;;SIN CLASE;;;GRUPO BIII;GL Esmaltado;;;NO;;600-900 N - 15-25 N/mm2;1;031.627.0108.15481;160X160;CATLOGO PAMESA;;;33,3;100;7;3330;33,3x100;CORE;WHITE;https://www.pamesa.com/ERP/4.0/empresas/151/045/imagenes/t00010602/0316270033197.jpg
31;627;7;15655;0316270033206;SI;PAS.BCA RECTIF;33,3x100 RLV.CORE BEIGE;A;SI;SI;0.0000;WHT09;PAMESA;PAMESA;T/48/06;8429991156176;;8429991773311;M2;6;2.00;48;96.00;25.00;1,222.00;123.00;103.00;80.50;4;7.00;30/06/2025;PAMESA;PAMESA;REVESTIMIENTO PASTA BLANCA;0316270033206;;WHITE BODY;CORE PASTA BLANCA;PIEDRA;;REVESTIMIENTO;DECORADO;RLV DECORADO;MATE RECTIFICADO;VARIACION LEVE;;SI;;;;SIN CLASE;;;GRUPO BIII;GL Esmaltado;;;NO;;600-900 N - 15-25 N/mm2;1;031.627.0007.15655;30X60(T)C;CATLOGO PAMESA;;;33,3;100;7;3330;33,3x100;RLV.CORE;BEIGE;https://www.pamesa.com/ERP/4.0/empresas/151/045/imagenes/t00010602/0316270033206.jpg
31;627;164;15655;0316270033208;SI;PAS.BCA RECTIF;33,3x100 RLV.CORE IVORY;A;SI;SI;0.0000;WHT09;PAMESA;PAMESA;T/48/06;8429991156190;;8429991773311;M2;6;2.00;48;96.00;25.00;1,222.00;123.00;103.00;80.50;4;7.00;30/06/2025;PAMESA;PAMESA;REVESTIMIENTO PASTA BLANCA;0316270033208;;WHITE BODY;CORE PASTA BLANCA;PIEDRA;;REVESTIMIENTO;DECORADO;RLV DECORADO;MATE RECTIFICADO;VARIACION LEVE;;SI;;;;SIN CLASE;;;GRUPO BIII;GL Esmaltado;;;NO;;600-900 N - 15-25 N/mm2;1;031.627.0164.15655;120X120(T);CATLOGO PAMESA;;;33,3;100;7;3330;33,3x100;RLV.CORE;IVORY;https://www.pamesa.com/ERP/4.0/empresas/151/045/imagenes/t00010602/0316270033208.jpg
31;627;169;15655;0316270033209;SI;PAS.BCA RECTIF;33,3x100 RLV.CORE PEARL;A;SI;SI;0.0000;WHT09;PAMESA;PAMESA;T/48/06;8429991156206;;8429991773311;M2;6;2.00;48;96.00;25.00;1,222.00;123.00;103.00;80.50;4;7.00;30/06/2025;PAMESA;PAMESA;REVESTIMIENTO PASTA BLANCA;0316270033209;;WHITE BODY;CORE PASTA BLANCA;PIEDRA;;REVESTIMIENTO;DECORADO;RLV DECORADO;MATE RECTIFICADO;VARIACION LEVE;;SI;;;;SIN CLASE;;;GRUPO BIII;GL Esmaltado;;;NO;;600-900 N - 15-25 N/mm2;1;031.627.0169.15655;120X120(T);CATLOGO PAMESA;;;33,3;100;7;3330;33,3x100;RLV.CORE;PEARL;https://www.pamesa.com/ERP/4.0/empresas/151/045/imagenes/t00010602/0316270033209.jpg
31;627;108;15655;0316270033207;SI;PAS.BCA RECTIF;33,3x100 RLV.CORE WHITE;A;SI;SI;0.0000;WHT09;PAMESA;PAMESA;T/48/06;8429991156183;;8429991773311;M2;6;2.00;48;96.00;25.00;1,222.00;123.00;103.00;80.50;4;7.00;30/06/2025;PAMESA;PAMESA;REVESTIMIENTO PASTA BLANCA;0316270033207;;WHITE BODY;CORE PASTA BLANCA;PIEDRA;;REVESTIMIENTO;BASE;BASE;MATE RECTIFICADO;VARIACION LEVE;;SI;;;;SIN CLASE;;;GRUPO BIII;GL Esmaltado;;;NO;;600-900 N - 15-25 N/mm2;1;031.627.0108.15655;160X160;CATLOGO PAMESA;;;33,3;100;7;3330;33,3x100;RLV.CORE;WHITE;https://www.pamesa.com/ERP/4.0/empresas/151/045/imagenes/t00010602/0316270033207.jpg
31;872;1;14565;0318720023456;SI;PAS.BCA RECTIF;30x90 CREMA MARFIL 1.;A;SI;SI;23.5000;WHT12;PAMESA;PAMESA;09/63/05;8429991945404;;8429991773311;M2;5;1.35;63;85.05;20.22;1,298.86;112.00;95.00;104.00;;8.70;21/06/2024;PAMESA;PAMESA;REVESTIMIENTO PASTA BLANCA;0318720023456;;WHITE BODY;CREMA MARFIL;MARMOL;;REVESTIMIENTO;;BASE;MATE RECTIFICADO;VARIACION LEVE;;NO;NO;;;SIN CLASE;;;GRUPO BIII;GL Esmaltado;;;NO;;600-900 N - 15-25 N/mm2;1;031.872.0001.14565;30X60(T)C;CATLOGO PAMESA;;;30;90;8,7;2700;30x90;CREMA MARFIL;1.;https://www.pamesa.com/ERP/4.0/empresas/151/045/imagenes/t00010602/0318720023456.jpg
31;872;1;14696;0318720023736;SI;PAS.BCA RECTIF;30x90 RLV.CREMA MARFIL 1.;A;SI;SI;23.5000;WHT11;PAMESA;PAMESA;09/63/05;8429991943486;;8429991773311;M2;5;1.35;63;85.05;20.22;1,298.86;112.00;95.00;104.00;;8.70;18/06/2024;PAMESA;PAMESA;REVESTIMIENTO PASTA BLANCA;0318720023736;;WHITE BODY;CREMA MARFIL;PIEDRA;;REVESTIMIENTO;;RLV DECORADO;MATE RECTIFICADO;VARIACION LEVE;;SI;NO;;;SIN CLASE;;;GRUPO BIII;GL Esmaltado;;;NO;;600-900 N - 15-25 N/mm2;1;031.872.0001.14696;30X60(T)C;CATLOGO PAMESA;;;30;90;8,7;2700;30x90;RLV.CREMA MARFIL;1.;https://www.pamesa.com/ERP/4.0/empresas/151/045/imagenes/t00010602/0318720023736.jpg
31;872;12;2032;0318720122032;SI;PAS.BCA RECTIF;30x90 CROMAT BLANCO;A;SI;SI;23.5000;WHT12;PAMESA;PAMESA;09/63/05;8429991872885;;8429991773311;M2;5;1.35;63;85.05;20.22;1,298.86;112.00;95.00;104.00;;8.70;21/12/2023;PAMESA;PAMESA;REVESTIMIENTO PASTA BLANCA;0318720122032;;WHITE BODY;CROMAT PASTA BLANCA;PIEDRA;;REVESTIMIENTO;BASE;BASE;MATE RECTIFICADO;VARIACION LEVE;;SI;NO;;;SIN CLASE;;;GRUPO BIII;GL Esmaltado;;;NO;;600-900 N - 15-25 N/mm2;1;031.872.0012.02032;60X120(T)C;CATLOGO PAMESA;;;30;90;8,7;2700;30x90;CROMAT;BLANCO;https://www.pamesa.com/ERP/4.0/empresas/151/045/imagenes/t00010602/0318720122032.jpg
31;872;2;2032;0318720022032;SI;PAS.BCA RECTIF;30x90 CROMAT GRIS;A;SI;SI;23.5000;WHT12;PAMESA;PAMESA;09/63/05;8429991872892;;8429991773311;M2;5;1.35;63;85.05;20.22;1,298.86;112.00;95.00;104.00;;8.70;21/12/2023;PAMESA;PAMESA;REVESTIMIENTO PASTA BLANCA;0318720022032;;WHITE BODY;CROMAT PASTA BLANCA;PIEDRA;;REVESTIMIENTO;BASE;BASE;MATE RECTIFICADO;VARIACION LEVE;;SI;NO;;;SIN CLASE;;;GRUPO BIII;GL Esmaltado;;;NO;;600-900 N - 15-25 N/mm2;1;031.872.0002.02032;120X120(T);CATLOGO PAMESA;;;30;90;8,7;2700;30x90;CROMAT;GRIS;https://www.pamesa.com/ERP/4.0/empresas/151/045/imagenes/t00010602/0318720022032.jpg
31;872;28;2032;0318720282032;SI;PAS.BCA RECTIF;30x90 CROMAT MARENGO;A;SI;SI;23.5000;WHT12;PAMESA;PAMESA;09/63/05;8429991872908;;8429991773311;M2;5;1.35;63;85.05;20.22;1,298.86;112.00;95.00;104.00;;8.70;21/12/2023;PAMESA;PAMESA;REVESTIMIENTO PASTA BLANCA;0318720282032;;WHITE BODY;CROMAT PASTA BLANCA;PIEDRA;;REVESTIMIENTO;BASE;BASE;MATE RECTIFICADO;VARIACION LEVE;;SI;NO;;;SIN CLASE;;;GRUPO BIII;GL Esmaltado;;;NO;;600-900 N - 15-25 N/mm2;1;031.872.0028.02032;60X60(T)C;CATLOGO PAMESA;;;30;90;8,7;2700;30x90;CROMAT;MARENGO;https://www.pamesa.com/ERP/4.0/empresas/151/045/imagenes/t00010602/0318720282032.jpg
31;872;33;2032;0318720332032;SI;PAS.BCA RECTIF;30x90 CROMAT MARFIL;A;SI;SI;23.5000;WHT12;PAMESA;PAMESA;09/63/05;8429991872915;;8429991773311;M2;5;1.35;63;85.05;20.22;1,298.86;112.00;95.00;104.00;;8.70;21/12/2023;PAMESA;PAMESA;REVESTIMIENTO PASTA BLANCA;0318720332032;;WHITE BODY;CROMAT PASTA BLANCA;PIEDRA;;REVESTIMIENTO;BASE;BASE;MATE RECTIFICADO;VARIACION LEVE;;SI;NO;;;SIN CLASE;;;GRUPO BIII;GL Esmaltado;;;NO;;600-900 N - 15-25 N/mm2;1;031.872.0033.02032;60X60(T)C;CATLOGO PAMESA;;;30;90;8,7;2700;30x90;CROMAT;MARFIL;https://www.pamesa.com/ERP/4.0/empresas/151/045/imagenes/t00010602/0318720332032.jpg
31;872;160;2032;0318721602032;SI;PAS.BCA RECTIF;30x90 CROMAT NOCE;A;SI;SI;23.5000;WHT12;PAMESA;PAMESA;09/63/05;8429991872939;;8429991773311;M2;5;1.35;63;85.05;20.22;1,298.86;112.00;95.00;104.00;;8.70;21/12/2023;PAMESA;PAMESA;REVESTIMIENTO PASTA BLANCA;0318721602032;;WHITE BODY;CROMAT PASTA BLANCA;PIEDRA;;REVESTIMIENTO;BASE;BASE;MATE RECTIFICADO;VARIACION LEVE;;SI;NO;;;SIN CLASE;;;GRUPO BIII;GL Esmaltado;;;NO;;600-900 N - 15-25 N/mm2;1;031.872.0160.02032;60X120(T)C;CATLOGO PAMESA;;;30;90;8,7;2700;30x90;CROMAT;NOCE;https://www.pamesa.com/ERP/4.0/empresas/151/045/imagenes/t00010602/0318721602032.jpg
31;872;37;2032;0318720372032;SI;PAS.BCA RECTIF;30x90 CROMAT PERLA;A;SI;SI;23.5000;WHT12;PAMESA;PAMESA;09/63/05;8429991872922;;8429991773311;M2;5;1.35;63;85.05;20.22;1,298.86;112.00;95.00;104.00;;8.70;21/12/2023;PAMESA;PAMESA;REVESTIMIENTO PASTA BLANCA;0318720372032;;WHITE BODY;CROMAT PASTA BLANCA;PIEDRA;;REVESTIMIENTO;BASE;BASE;MATE RECTIFICADO;VARIACION LEVE;;SI;NO;;;SIN CLASE;;;GRUPO BIII;GL Esmaltado;;;NO;;600-900 N - 15-25 N/mm2;1;031.872.0037.02032;30X60(T)C;CATLOGO PAMESA;;;30;90;8,7;2700;30x90;CROMAT;PERLA;https://www.pamesa.com/ERP/4.0/empresas/151/045/imagenes/t00010602/0318720372032.jpg
31;872;12;14126;0318720021963;SI;PAS.BCA RECTIF;30x90 RLV.CROMAT BLANCO;A;SI;SI;23.5000;WHT11;PAMESA;PAMESA;09/63/05;8429991872946;;8429991773311;M2;5;1.35;63;85.05;20.22;1,298.86;112.00;95.00;104.00;;8.70;21/12/2023;PAMESA;PAMESA;REVESTIMIENTO PASTA BLANCA;0318720021963;;WHITE BODY;CROMAT PASTA BLANCA;PIEDRA;;REVESTIMIENTO;DECORADO;RLV DECORADO;MATE RECTIFICADO;VARIACION LEVE;;SI;NO;;;SIN CLASE;;;GRUPO BIII;GL Esmaltado;;;NO;;600-900 N - 15-25 N/mm2;1;031.872.0012.14126;60X120(T)C;CATLOGO PAMESA;;;30;90;8,7;2700;30x90;RLV.CROMAT;BLANCO;https://www.pamesa.com/ERP/4.0/empresas/151/045/imagenes/t00010602/0318720021963.jpg
31;872;2;14126;0318720021964;SI;PAS.BCA RECTIF;30x90 RLV.CROMAT GRIS;A;SI;SI;23.5000;WHT11;PAMESA;PAMESA;09/63/05;8429991872953;;8429991773311;M2;5;1.35;63;85.05;20.22;1,298.86;112.00;95.00;104.00;;8.70;21/12/2023;PAMESA;PAMESA;REVESTIMIENTO PASTA BLANCA;0318720021964;;WHITE BODY;CROMAT PASTA BLANCA;PIEDRA;;REVESTIMIENTO;DECORADO;RLV DECORADO;MATE RECTIFICADO;VARIACION LEVE;;SI;NO;;;SIN CLASE;;;GRUPO BIII;GL Esmaltado;;;NO;;600-900 N - 15-25 N/mm2;1;031.872.0002.14126;120X120(T);CATLOGO PAMESA;;;30;90;8,7;2700;30x90;RLV.CROMAT;GRIS;https://www.pamesa.com/ERP/4.0/empresas/151/045/imagenes/t00010602/0318720021964.jpg
31;872;28;14126;0318720021965;SI;PAS.BCA RECTIF;30x90 RLV.CROMAT MARENGO;A;SI;SI;23.5000;WHT11;PAMESA;PAMESA;09/63/05;8429991872960;;8429991773311;M2;5;1.35;63;85.05;20.22;1,298.86;112.00;95.00;104.00;;8.70;21/12/2023;PAMESA;PAMESA;REVESTIMIENTO PASTA BLANCA;0318720021965;;WHITE BODY;CROMAT PASTA BLANCA;PIEDRA;;REVESTIMIENTO;DECORADO;RLV DECORADO;MATE RECTIFICADO;VARIACION LEVE;;SI;NO;;;SIN CLASE;;;GRUPO BIII;GL Esmaltado;;;NO;;600-900 N - 15-25 N/mm2;1;031.872.0028.14126;60X60(T)C;CATLOGO PAMESA;;;30;90;8,7;2700;30x90;RLV.CROMAT;MARENGO;https://www.pamesa.com/ERP/4.0/empresas/151/045/imagenes/t00010602/0318720021965.jpg
31;872;33;14126;0318720021966;SI;PAS.BCA RECTIF;30x90 RLV.CROMAT MARFIL;A;SI;SI;23.5000;WHT11;PAMESA;PAMESA;09/63/05;8429991872977;;8429991773311;M2;5;1.35;63;85.05;20.22;1,298.86;112.00;95.00;104.00;;8.70;21/12/2023;PAMESA;PAMESA;REVESTIMIENTO PASTA BLANCA;0318720021966;;WHITE BODY;CROMAT PASTA BLANCA;PIEDRA;;REVESTIMIENTO;DECORADO;RLV DECORADO;MATE RECTIFICADO;VARIACION LEVE;;SI;NO;;;SIN CLASE;;;GRUPO BIII;GL Esmaltado;;;NO;;600-900 N - 15-25 N/mm2;1;031.872.0033.14126;60X60(T)C;CATLOGO PAMESA;;;30;90;8,7;2700;30x90;RLV.CROMAT;MARFIL;https://www.pamesa.com/ERP/4.0/empresas/151/045/imagenes/t00010602/0318720021966.jpg
31;872;160;14126;0318720021968;SI;PAS.BCA RECTIF;30x90 RLV.CROMAT NOCE;A;SI;SI;23.5000;WHT11;PAMESA;PAMESA;09/63/05;8429991872991;;8429991773311;M2;5;1.35;63;85.05;20.22;1,298.86;112.00;95.00;104.00;;8.70;21/12/2023;PAMESA;PAMESA;REVESTIMIENTO PASTA BLANCA;0318720021968;;WHITE BODY;CROMAT PASTA BLANCA;PIEDRA;;REVESTIMIENTO;DECORADO;RLV DECORADO;MATE RECTIFICADO;VARIACION LEVE;;SI;NO;;;SIN CLASE;;;GRUPO BIII;GL Esmaltado;;;NO;;600-900 N - 15-25 N/mm2;1;031.872.0160.14126;60X60(T)C;CATLOGO PAMESA;;;30;90;8,7;2700;30x90;RLV.CROMAT;NOCE;https://www.pamesa.com/ERP/4.0/empresas/151/045/imagenes/t00010602/0318720021968.jpg
31;872;37;14126;0318720021967;SI;PAS.BCA RECTIF;30x90 RLV.CROMAT PERLA;A;SI;SI;23.5000;WHT11;PAMESA;PAMESA;09/63/05;8429991872984;;8429991773311;M2;5;1.35;63;85.05;20.22;1,298.86;112.00;95.00;104.00;;8.70;21/12/2023;PAMESA;PAMESA;REVESTIMIENTO PASTA BLANCA;0318720021967;;WHITE BODY;CROMAT PASTA BLANCA;PIEDRA;;REVESTIMIENTO;DECORADO;RLV DECORADO;MATE RECTIFICADO;VARIACION LEVE;;SI;NO;;;SIN CLASE;;;GRUPO BIII;GL Esmaltado;;;NO;;600-900 N - 15-25 N/mm2;1;031.872.0037.14126;30X60(T)C;CATLOGO PAMESA;;;30;90;8,7;2700;30x90;RLV.CROMAT;PERLA;https://www.pamesa.com/ERP/4.0/empresas/151/045/imagenes/t00010602/0318720021967.jpg
31;412;150;10142;0314120010393;SI;PAS.BCA RECTIF;40x120 DOSSO BIANCO;A;SI;SI;27.2500;WHT14;PAMESA;PAMESA;F/20/03 AG;8429991634094;;8429991773311;M2;3;1.44;20;28.80;27.50;570.00;120.00;80.00;55.00;;10.80;13/04/2021;PAMESA;PAMESA;REVESTIMIENTO PASTA BLANCA;0314120010393;;WHITE BODY;DOSSO;PIEDRA;;REVESTIMIENTO;BASE;BASE;MATE RECTIFICADO;VARIACION LEVE;;SI;;;;SIN CLASE;;;GRUPO BIII;GL Esmaltado;;;NO;;600-900 N - 15-25 N/mm2;1;031.412.0150.10142;60X60(T)C;CATLOGO PAMESA;;;40;120;10,8;4800;40x120;DOSSO;BIANCO;https://www.pamesa.com/ERP/4.0/empresas/151/045/imagenes/t00010602/0314120010393.jpg
31;412;598;10142;0314120010397;SI;PAS.BCA RECTIF;40x120 DOSSO SABBIA;A;SI;SI;27.2500;WHT14;PAMESA;PAMESA;F/20/03 AG;8429991634131;;8429991773311;M2;3;1.44;20;28.80;27.50;570.00;120.00;80.00;55.00;;10.80;13/04/2021;PAMESA;PAMESA;REVESTIMIENTO PASTA BLANCA;0314120010397;;WHITE BODY;DOSSO;PIEDRA;;REVESTIMIENTO;BASE;BASE;MATE RECTIFICADO;VARIACION LEVE;;SI;;;;SIN CLASE;;;GRUPO BIII;GL Esmaltado;;;NO;;600-900 N - 15-25 N/mm2;1;031.412.0598.10142;60X60(T)C;CATLOGO PAMESA;;;40;120;10,8;4800;40x120;DOSSO;SABBIA;https://www.pamesa.com/ERP/4.0/empresas/151/045/imagenes/t00010602/0314120010397.jpg
31;412;150;10143;0314120010394;SI;PAS.BCA RECTIF;40x120 RLV.DOSSO BIANCO;A;SI;SI;27.2500;WHT13;PAMESA;PAMESA;F/20/03 AG;8429991634100;;8429991773311;M2;3;1.44;20;28.80;27.50;570.00;120.00;80.00;55.00;;10.80;13/04/2021;PAMESA;PAMESA;REVESTIMIENTO PASTA BLANCA;0314120010394;;WHITE BODY;DOSSO;PIEDRA;;REVESTIMIENTO;BASE;BASE;MATE RECTIFICADO;VARIACION LEVE;;SI;;;;SIN CLASE;;;GRUPO BIII;GL Esmaltado;;;NO;;600-900 N - 15-25 N/mm2;1;031.412.0150.10143;60X60(T)C;CATLOGO PAMESA;;;40;120;10,8;4800;40x120;RLV.DOSSO;BIANCO;https://www.pamesa.com/ERP/4.0/empresas/151/045/imagenes/t00010602/0314120010394.jpg
31;412;598;10143;0314120010398;SI;PAS.BCA RECTIF;40x120 RLV.DOSSO SABBIA;A;SI;SI;27.2500;WHT13;PAMESA;PAMESA;F/20/03 AG;8429991634148;;8429991773311;M2;3;1.44;20;28.80;27.50;570.00;120.00;80.00;55.00;;10.80;13/04/2021;PAMESA;PAMESA;REVESTIMIENTO PASTA BLANCA;0314120010398;;WHITE BODY;DOSSO;PIEDRA;;REVESTIMIENTO;BASE;BASE;MATE RECTIFICADO;VARIACION LEVE;;SI;;;;SIN CLASE;;;GRUPO BIII;GL Esmaltado;;;NO;;600-900 N - 15-25 N/mm2;1;031.412.0598.10143;60X60(T)C;CATLOGO PAMESA;;;40;120;10,8;4800;40x120;RLV.DOSSO;SABBIA;https://www.pamesa.com/ERP/4.0/empresas/151/045/imagenes/t00010602/0314120010398.jpg
27;821;150;10142;0278210032548;SI;PASTA BLANCA;36x80 DOSSO BIANCO;A;SI;SI;0.0000;WHT08;PAMESA;PAMESA;A/54/04;8429991153175;;8429991773281;M2;4;1.15;54;62.10;20.00;1,100.00;126.00;84.00;86.00;4;9.50;18/06/2025;PAMESA;PAMESA;REVESTIMIENTO PASTA BLANCA;0278210032548;;WHITE BODY;DOSSO;PIEDRA;;REVESTIMIENTO;BASE;BASE;MATE;VARIACION LEVE;;SI;;;;SIN CLASE;;;GRUPO BIII;GL Esmaltado;;;NO;;600-900 N - 15-25 N/mm2;1;027.821.0150.10142;120X120(T);CATLOGO PAMESA;;;36;80;9,5;2880;36x80;DOSSO;BIANCO;https://www.pamesa.com/ERP/4.0/empresas/151/045/imagenes/t00010602/0278210032548.jpg
27;821;598;10142;0278210032549;SI;PASTA BLANCA;36x80 DOSSO SABBIA;A;SI;SI;0.0000;WHT08;PAMESA;PAMESA;A/54/04;8429991153182;;8429991773281;M2;4;1.15;54;62.10;20.00;1,100.00;126.00;84.00;86.00;4;9.50;18/06/2025;PAMESA;PAMESA;REVESTIMIENTO PASTA BLANCA;0278210032549;;WHITE BODY;DOSSO;PIEDRA;;REVESTIMIENTO;BASE;BASE;MATE;VARIACION LEVE;;SI;;;;SIN CLASE;;;GRUPO BIII;GL Esmaltado;;;NO;;600-900 N - 15-25 N/mm2;1;027.821.0598.10142;120X120(T);CATLOGO PAMESA;;;36;80;9,5;2880;36x80;DOSSO;SABBIA;https://www.pamesa.com/ERP/4.0/empresas/151/045/imagenes/t00010602/0278210032549.jpg
27;821;150;10143;0278210035743;SI;PASTA BLANCA;36x80 RLV.DOSSO BIANCO;A;SI;SI;0.0000;WHT07;PAMESA;PAMESA;A/54/04;8429991168636;;8429991773281;M2;4;1.15;54;62.10;20.00;1,100.00;126.00;84.00;86.00;4;9.50;05/08/2025;PAMESA;PAMESA;REVESTIMIENTO PASTA BLANCA;0278210035743;;WHITE BODY;DOSSO;PIEDRA;;REVESTIMIENTO;DECORADO;RLV DECORADO;MATE;VARIACION LEVE;;;;;;;;;GRUPO BIII;GL Esmaltado;;;NO;;600-900 N - 15-25 N/mm2;1;027.821.0150.10143;120X120(T);CATLOGO PAMESA;;;36;80;9,5;2880;36x80;RLV.DOSSO;BIANCO;https://www.pamesa.com/ERP/4.0/empresas/151/045/imagenes/t00010602/0278210035743.jpg
27;821;598;10143;0278210035759;SI;PASTA BLANCA;36x80 RLV.DOSSO SABBIA;A;SI;SI;0.0000;WHT07;PAMESA;PAMESA;A/54/04;8429991168643;;8429991773281;M2;4;1.15;54;62.10;20.00;1,100.00;126.00;84.00;86.00;4;9.50;05/08/2025;PAMESA;PAMESA;REVESTIMIENTO PASTA BLANCA;0278210035759;;WHITE BODY;DOSSO;PIEDRA;;REVESTIMIENTO;DECORADO;RLV DECORADO;MATE;VARIACION LEVE;;;;;;;;;GRUPO BIII;GL Esmaltado;;;NO;;600-900 N - 15-25 N/mm2;1;027.821.0598.10143;120X120(T);CATLOGO PAMESA;;;36;80;9,5;2880;36x80;RLV.DOSSO;SABBIA;https://www.pamesa.com/ERP/4.0/empresas/151/045/imagenes/t00010602/0278210035759.jpg
31;627;7;11183;0316270013365;SI;PAS.BCA RECTIF;33,3x100 ELEGANZA BEIGE;A;SI;SI;23.5000;WHT10;PAMESA;PAMESA;T/48/06;8429991715878;;8429991773311;M2;6;2.00;48;96.00;25.00;1,222.00;123.00;103.00;80.50;4;7.00;28/02/2022;PAMESA;PAMESA;REVESTIMIENTO PASTA BLANCA;0316270013365;;WHITE BODY;ELEGANZA PASTA BLANCA;CEMENTO;;REVESTIMIENTO;BASE;BASE;MATE RECTIFICADO;VARIACION LEVE;;NO;;;;SIN CLASE;;;GRUPO BIII;GL Esmaltado;;;NO;;600-900 N - 15-25 N/mm2;1;031.627.0007.11183;30X60(T)C;CATLOGO PAMESA;;;33,3;100;7;3330;33,3x100;ELEGANZA;BEIGE;https://www.pamesa.com/ERP/4.0/empresas/151/045/imagenes/t00010602/0316270013365.jpg
31;627;158;11183;0316270013361;SI;PAS.BCA RECTIF;33,3x100 ELEGANZA BLU;A;SI;SI;23.5000;WHT10;PAMESA;PAMESA;T/48/06;8429991715847;;8429991773311;M2;6;2.00;48;96.00;25.00;1,222.00;123.00;103.00;80.50;4;7.00;28/02/2022;PAMESA;PAMESA;REVESTIMIENTO PASTA BLANCA;0316270013361;;WHITE BODY;ELEGANZA PASTA BLANCA;CEMENTO;;REVESTIMIENTO;BASE;BASE;MATE RECTIFICADO;VARIACION LEVE;;NO;;;;SIN CLASE;;;GRUPO BIII;GL Esmaltado;;;NO;;600-900 N - 15-25 N/mm2;1;031.627.0158.11183;120X120(T);CATLOGO PAMESA;;;33,3;100;7;3330;33,3x100;ELEGANZA;BLU;https://www.pamesa.com/ERP/4.0/empresas/151/045/imagenes/t00010602/0316270013361.jpg
31;627;213;11183;0316270013366;SI;PAS.BCA RECTIF;33,3x100 ELEGANZA GRIGIO;A;SI;SI;23.5000;WHT10;PAMESA;PAMESA;T/48/06;8429991715861;;8429991773311;M2;6;2.00;48;96.00;25.00;1,222.00;123.00;103.00;80.50;4;7.00;28/02/2022;PAMESA;PAMESA;REVESTIMIENTO PASTA BLANCA;0316270013366;;WHITE BODY;ELEGANZA PASTA BLANCA;CEMENTO;;REVESTIMIENTO;BASE;BASE;MATE RECTIFICADO;VARIACION LEVE;;NO;;;;SIN CLASE;;;GRUPO BIII;GL Esmaltado;;;NO;;600-900 N - 15-25 N/mm2;1;031.627.0213.11183;120X120(T);CATLOGO PAMESA;;;33,3;100;7;3330;33,3x100;ELEGANZA;GRIGIO;https://www.pamesa.com/ERP/4.0/empresas/151/045/imagenes/t00010602/0316270013366.jpg
31;627;37;11183;0316270013364;SI;PAS.BCA RECTIF;33,3x100 ELEGANZA PERLA;A;SI;SI;23.5000;WHT10;PAMESA;PAMESA;T/48/06;8429991715854;;8429991773311;M2;6;2.00;48;96.00;25.00;1,222.00;123.00;103.00;80.50;4;7.00;28/02/2022;PAMESA;PAMESA;REVESTIMIENTO PASTA BLANCA;0316270013364;;WHITE BODY;ELEGANZA PASTA BLANCA;CEMENTO;;REVESTIMIENTO;BASE;BASE;MATE RECTIFICADO;VARIACION LEVE;;NO;;;;SIN CLASE;;;GRUPO BIII;GL Esmaltado;;;NO;;600-900 N - 15-25 N/mm2;1;031.627.0037.11183;120X280(6MM);CATLOGO PAMESA;;;33,3;100;7;3330;33,3x100;ELEGANZA;PERLA;https://www.pamesa.com/ERP/4.0/empresas/151/045/imagenes/t00010602/0316270013364.jpg
31;627;942;11183;0316270013358;SI;PAS.BCA RECTIF;33,3x100 ELEGANZA SAGGIO;A;SI;SI;23.5000;WHT10;PAMESA;PAMESA;T/48/06;8429991715830;;8429991773311;M2;6;2.00;48;96.00;25.00;1,222.00;123.00;103.00;80.50;4;7.00;28/02/2022;PAMESA;PAMESA;REVESTIMIENTO PASTA BLANCA;0316270013358;;WHITE BODY;ELEGANZA PASTA BLANCA;CEMENTO;;REVESTIMIENTO;BASE;BASE;MATE RECTIFICADO;VARIACION LEVE;;NO;;;;SIN CLASE;;;GRUPO BIII;GL Esmaltado;;;NO;;600-900 N - 15-25 N/mm2;1;031.627.0942.11183;60X120(T)C;CATLOGO PAMESA;;;33,3;100;7;3330;33,3x100;ELEGANZA;SAGGIO;https://www.pamesa.com/ERP/4.0/empresas/151/045/imagenes/t00010602/0316270013358.jpg
31;627;53;11183;0316270013363;SI;PAS.BCA RECTIF;33,3x100 ELEGANZA SIENA;A;SI;SI;23.5000;WHT10;PAMESA;PAMESA;T/48/06;8429991715885;;8429991773311;M2;6;2.00;48;96.00;25.00;1,222.00;123.00;103.00;80.50;4;7.00;28/02/2022;PAMESA;PAMESA;REVESTIMIENTO PASTA BLANCA;0316270013363;;WHITE BODY;ELEGANZA PASTA BLANCA;CEMENTO;;REVESTIMIENTO;BASE;BASE;MATE RECTIFICADO;VARIACION LEVE;;NO;;;;SIN CLASE;;;GRUPO BIII;GL Esmaltado;;;NO;;600-900 N - 15-25 N/mm2;1;031.627.0053.11183;120X280(6MM);CATLOGO PAMESA;;;33,3;100;7;3330;33,3x100;ELEGANZA;SIENA;https://www.pamesa.com/ERP/4.0/empresas/151/045/imagenes/t00010602/0316270013363.jpg
31;627;56;11183;0316270013362;SI;PAS.BCA RECTIF;33,3x100 ELEGANZA TERRA;A;SI;SI;23.5000;WHT10;PAMESA;PAMESA;T/48/06;8429991715892;;8429991773311;M2;6;2.00;48;96.00;25.00;1,222.00;123.00;103.00;80.50;4;7.00;28/02/2022;PAMESA;PAMESA;REVESTIMIENTO PASTA BLANCA;0316270013362;;WHITE BODY;ELEGANZA PASTA BLANCA;CEMENTO;;REVESTIMIENTO;BASE;BASE;MATE RECTIFICADO;VARIACION LEVE;;NO;;;;SIN CLASE;;;GRUPO BIII;GL Esmaltado;;;NO;;600-900 N - 15-25 N/mm2;1;031.627.0056.11183;160X160;CATLOGO PAMESA;;;33,3;100;7;3330;33,3x100;ELEGANZA;TERRA;https://www.pamesa.com/ERP/4.0/empresas/151/045/imagenes/t00010602/0316270013362.jpg
31;627;1;11424;0316270013995;SI;PAS.BCA RECTIF;33,3x100 FIORELLA.ELGZ 1.;A;SI;SI;25.0000;WHT09;PAMESA;PAMESA;T/48/06;8429991721206;;8429991773311;M2;6;2.00;48;96.00;25.00;1,222.00;123.00;103.00;80.50;4;7.00;23/03/2022;PAMESA;PAMESA;REVESTIMIENTO PASTA BLANCA;0316270013995;;WHITE BODY;ELEGANZA PASTA BLANCA;CEMENTO;;REVESTIMIENTO;DECORADO;DECORADO;MATE RECTIFICADO;ASPECTO UNIFORME;;NO;;;;SIN CLASE;;;GRUPO BIII;GL Esmaltado;;;NO;;600-900 N - 15-25 N/mm2;1;031.627.0001.11424;30X60(T)C;CATLOGO PAMESA;;;33,3;100;7;3330;33,3x100;FIORELLA.ELGZ;1.;https://www.pamesa.com/ERP/4.0/empresas/151/045/imagenes/t00010602/0316270013995.jpg
31;627;1;11538;0316270014343;SI;PAS.BCA RECTIF;33,3x100 GUIDO.ELGZ 1.;A;SI;SI;25.0000;WHT09;PAMESA;PAMESA;T/48/06;8429991729738;;8429991773311;M2;6;2.00;48;96.00;25.00;1,222.00;123.00;103.00;80.50;4;7.00;12/05/2022;PAMESA;PAMESA;REVESTIMIENTO PASTA BLANCA;0316270014343;;WHITE BODY;ELEGANZA PASTA BLANCA;CEMENTO;;REVESTIMIENTO;DECORADO;DECORADO;MATE RECTIFICADO;ASPECTO UNIFORME;;NO;;;;SIN CLASE;;;GRUPO BIII;GL Esmaltado;;;NO;;600-900 N - 15-25 N/mm2;1;031.627.0001.11538;30X60(T)C;CATLOGO PAMESA;;;33,3;100;7;3330;33,3x100;GUIDO.ELGZ;1.;https://www.pamesa.com/ERP/4.0/empresas/151/045/imagenes/t00010602/0316270014343.jpg
27;821;7;11183;0278210032540;SI;PASTA BLANCA;36x80 ELEGANZA BEIGE;A;SI;SI;0.0000;WHT08;PAMESA;PAMESA;A/54/04;8429991153090;;8429991773281;M2;4;1.15;54;62.10;20.00;1,100.00;126.00;84.00;86.00;4;9.50;18/06/2025;PAMESA;PAMESA;REVESTIMIENTO PASTA BLANCA;0278210032540;;WHITE BODY;ELEGANZA PASTA BLANCA;CEMENTO;;REVESTIMIENTO;BASE;BASE;MATE;VARIACION LEVE;;NO;;;;SIN CLASE;;;GRUPO BIII;GL Esmaltado;;;NO;;600-900 N - 15-25 N/mm2;1;027.821.0007.11183;30X60(T)C;CATLOGO PAMESA;;;36;80;9,5;2880;36x80;ELEGANZA;BEIGE;https://www.pamesa.com/ERP/4.0/empresas/151/045/imagenes/t00010602/0278210032540.jpg
27;821;158;11183;0278210032543;SI;PASTA BLANCA;36x80 ELEGANZA BLU;A;SI;SI;0.0000;WHT08;PAMESA;PAMESA;A/54/04;8429991153120;;8429991773281;M2;4;1.15;54;62.10;20.00;1,100.00;126.00;84.00;86.00;4;9.50;18/06/2025;PAMESA;PAMESA;REVESTIMIENTO PASTA BLANCA;0278210032543;;WHITE BODY;ELEGANZA PASTA BLANCA;CEMENTO;;REVESTIMIENTO;BASE;BASE;MATE;VARIACION LEVE;;NO;;;;SIN CLASE;;;GRUPO BIII;GL Esmaltado;;;NO;;600-900 N - 15-25 N/mm2;1;027.821.0158.11183;120X120(T);CATLOGO PAMESA;;;36;80;9,5;2880;36x80;ELEGANZA;BLU;https://www.pamesa.com/ERP/4.0/empresas/151/045/imagenes/t00010602/0278210032543.jpg
27;821;37;11183;0278210032541;SI;PASTA BLANCA;36x80 ELEGANZA PERLA;A;SI;SI;0.0000;WHT08;PAMESA;PAMESA;A/54/04;8429991153106;;8429991773281;M2;4;1.15;54;62.10;20.00;1,100.00;126.00;84.00;86.00;4;9.50;18/06/2025;PAMESA;PAMESA;REVESTIMIENTO PASTA BLANCA;0278210032541;;WHITE BODY;ELEGANZA PASTA BLANCA;CEMENTO;;REVESTIMIENTO;BASE;BASE;MATE;VARIACION LEVE;;NO;;;;SIN CLASE;;;GRUPO BIII;GL Esmaltado;;;NO;;600-900 N - 15-25 N/mm2;1;027.821.0037.11183;30X60(T)C;CATLOGO PAMESA;;;36;80;9,5;2880;36x80;ELEGANZA;PERLA;https://www.pamesa.com/ERP/4.0/empresas/151/045/imagenes/t00010602/0278210032541.jpg
27;821;942;11183;0278210032542;SI;PASTA BLANCA;36x80 ELEGANZA SAGGIO;A;SI;SI;0.0000;WHT08;PAMESA;PAMESA;A/54/04;8429991153113;;8429991773281;M2;4;1.15;54;62.10;20.00;1,100.00;126.00;84.00;86.00;4;9.50;18/06/2025;PAMESA;PAMESA;REVESTIMIENTO PASTA BLANCA;0278210032542;;WHITE BODY;ELEGANZA PASTA BLANCA;CEMENTO;;REVESTIMIENTO;BASE;BASE;MATE;VARIACION LEVE;;NO;;;;SIN CLASE;;;GRUPO BIII;GL Esmaltado;;;NO;;600-900 N - 15-25 N/mm2;1;027.821.0942.11183;120X120(T);CATLOGO PAMESA;;;36;80;9,5;2880;36x80;ELEGANZA;SAGGIO;https://www.pamesa.com/ERP/4.0/empresas/151/045/imagenes/t00010602/0278210032542.jpg
27;821;7;13452;0278210032544;SI;PASTA BLANCA;36x80 RLV.ELEGANZA BEIGE;A;SI;SI;0.0000;WHT07;PAMESA;PAMESA;A/54/04;8429991153137;;8429991773281;M2;4;1.15;54;62.10;20.00;1,100.00;126.00;84.00;86.00;4;9.50;18/06/2025;PAMESA;PAMESA;REVESTIMIENTO PASTA BLANCA;0278210032544;;WHITE BODY;ELEGANZA PASTA BLANCA;CEMENTO;;REVESTIMIENTO;DECORADO;RLV DECORADO;MATE;VARIACION LEVE;;SI;;;;SIN CLASE;;;GRUPO BIII;GL Esmaltado;;;NO;;600-900 N - 15-25 N/mm2;1;027.821.0007.13452;30X60(T)C;CATLOGO PAMESA;;;36;80;9,5;2880;36x80;RLV.ELEGANZA;BEIGE;https://www.pamesa.com/ERP/4.0/empresas/151/045/imagenes/t00010602/0278210032544.jpg
27;821;158;13452;0278210032547;SI;PASTA BLANCA;36x80 RLV.ELEGANZA BLU;A;SI;SI;0.0000;WHT07;PAMESA;PAMESA;A/54/04;8429991153168;;8429991773281;M2;4;1.15;54;62.10;20.00;1,100.00;126.00;84.00;86.00;4;9.50;18/06/2025;PAMESA;PAMESA;REVESTIMIENTO PASTA BLANCA;0278210032547;;WHITE BODY;ELEGANZA PASTA BLANCA;CEMENTO;;REVESTIMIENTO;DECORADO;RLV DECORADO;MATE;VARIACION LEVE;;SI;;;;SIN CLASE;;;GRUPO BIII;GL Esmaltado;;;NO;;600-900 N - 15-25 N/mm2;1;027.821.0158.13452;120X120(T);CATLOGO PAMESA;;;36;80;9,5;2880;36x80;RLV.ELEGANZA;BLU;https://www.pamesa.com/ERP/4.0/empresas/151/045/imagenes/t00010602/0278210032547.jpg
27;821;37;13452;0278210032545;SI;PASTA BLANCA;36x80 RLV.ELEGANZA PERLA;A;SI;SI;0.0000;WHT07;PAMESA;PAMESA;A/54/04;8429991153144;;8429991773281;M2;4;1.15;54;62.10;20.00;1,100.00;126.00;84.00;86.00;4;9.50;18/06/2025;PAMESA;PAMESA;REVESTIMIENTO PASTA BLANCA;0278210032545;;WHITE BODY;ELEGANZA PASTA BLANCA;CEMENTO;;REVESTIMIENTO;DECORADO;RLV DECORADO;MATE;VARIACION LEVE;;SI;;;;SIN CLASE;;;GRUPO BIII;GL Esmaltado;;;NO;;600-900 N - 15-25 N/mm2;1;027.821.0037.13452;120X120(T);CATLOGO PAMESA;;;36;80;9,5;2880;36x80;RLV.ELEGANZA;PERLA;https://www.pamesa.com/ERP/4.0/empresas/151/045/imagenes/t00010602/0278210032545.jpg
27;821;942;13452;0278210032546;SI;PASTA BLANCA;36x80 RLV.ELEGANZA SAGGIO;A;SI;SI;0.0000;WHT07;PAMESA;PAMESA;A/54/04;8429991153151;;8429991773281;M2;4;1.15;54;62.10;20.00;1,100.00;126.00;84.00;86.00;4;9.50;18/06/2025;PAMESA;PAMESA;REVESTIMIENTO PASTA BLANCA;0278210032546;;WHITE BODY;ELEGANZA PASTA BLANCA;CEMENTO;;REVESTIMIENTO;DECORADO;RLV DECORADO;MATE;VARIACION LEVE;;SI;;;;SIN CLASE;;;GRUPO BIII;GL Esmaltado;;;NO;;600-900 N - 15-25 N/mm2;1;027.821.0942.13452;120X120(T);CATLOGO PAMESA;;;36;80;9,5;2880;36x80;RLV.ELEGANZA;SAGGIO;https://www.pamesa.com/ERP/4.0/empresas/151/045/imagenes/t00010602/0278210032546.jpg
31;872;1;11425;0318720013996;SI;PAS.BCA RECTIF;30x90 ALLORO.ESNZ 1.;A;SI;SI;25.0000;WHT11;PAMESA;PAMESA;09/63/05;8429991721213;;8429991773311;M2;5;1.35;63;85.05;20.22;1,298.86;112.00;95.00;104.00;;8.70;08/04/2022;PAMESA;PAMESA;REVESTIMIENTO PASTA BLANCA;0318720013996;;WHITE BODY;ESSENZA-PASTA-BLANCA;BASICO;;REVESTIMIENTO;DECORADO;DECORADO;MATE RECTIFICADO;ASPECTO UNIFORME;;NO;;;;SIN CLASE;;;GRUPO BIII;GL Esmaltado;;;NO;;600-900 N - 15-25 N/mm2;1;031.872.0001.11425;30X60(T)C;CATLOGO PAMESA;;;30;90;8,7;2700;30x90;ALLORO.ESNZ;1.;https://www.pamesa.com/ERP/4.0/empresas/151/045/imagenes/t00010602/0318720013996.jpg
31;872;1;9177;0318720019177;SI;PAS.BCA RECTIF;30x90 CHIARA.ESNZ 1.;A;SI;SI;25.0000;WHT11;PAMESA;PAMESA;09/63/05;8429991736897;;8429991773311;M2;5;1.35;63;85.05;20.22;1,298.86;112.00;95.00;104.00;;8.70;31/05/2022;PAMESA;PAMESA;REVESTIMIENTO PASTA BLANCA;0318720019177;;WHITE BODY;ESSENZA-PASTA-BLANCA;BASICO;;REVESTIMIENTO;DECORADO;DECORADO;MATE RECTIFICADO;ASPECTO UNIFORME;;NO;;;;SIN CLASE;;;GRUPO BIII;GL Esmaltado;;;NO;;600-900 N - 15-25 N/mm2;1;031.872.0001.09177;30X60(T)C;CATLOGO PAMESA;;;30;90;8,7;2700;30x90;CHIARA.ESNZ;1.;https://www.pamesa.com/ERP/4.0/empresas/151/045/imagenes/t00010602/0318720019177.jpg
31;872;7;10433;0318720011815;SI;PAS.BCA RECTIF;30x90 ESSENZA BEIGE;A;SI;SI;23.5000;WHT12;PAMESA;PAMESA;09/63/05;8429991720261;;8429991773311;M2;5;1.35;63;85.05;20.22;1,298.86;112.00;95.00;104.00;;8.70;21/03/2022;PAMESA;PAMESA;REVESTIMIENTO PASTA BLANCA;0318720011815;;WHITE BODY;ESSENZA-PASTA-BLANCA;BASICO;;REVESTIMIENTO;BASE;BASE;MATE RECTIFICADO;ASPECTO UNIFORME;;NO;;;;SIN CLASE;;;GRUPO BIII;GL Esmaltado;;;NO;;600-900 N - 15-25 N/mm2;1;031.872.0007.10433;120X120(T);CATLOGO PAMESA;;;30;90;8,7;2700;30x90;ESSENZA;BEIGE;https://www.pamesa.com/ERP/4.0/empresas/151/045/imagenes/t00010602/0318720011815.jpg
31;872;150;10433;0318720011286;SI;PAS.BCA RECTIF;30x90 ESSENZA BIANCO;A;SI;SI;23.5000;WHT12;PAMESA;PAMESA;09/63/05;8429991720278;;8429991773311;M2;5;1.35;63;85.05;20.22;1,298.86;112.00;95.00;104.00;;8.70;21/03/2022;PAMESA;PAMESA;REVESTIMIENTO PASTA BLANCA;0318720011286;;WHITE BODY;ESSENZA-PASTA-BLANCA;BASICO;;REVESTIMIENTO;BASE;BASE;MATE RECTIFICADO;ASPECTO UNIFORME;;NO;;;;SIN CLASE;;;GRUPO BIII;GL Esmaltado;;;NO;;600-900 N - 15-25 N/mm2;1;031.872.0150.10433;60X120(T)C;CATLOGO PAMESA;;;30;90;8,7;2700;30x90;ESSENZA;BIANCO;https://www.pamesa.com/ERP/4.0/empresas/151/045/imagenes/t00010602/0318720011286.jpg
31;872;37;10433;0318720011816;SI;PAS.BCA RECTIF;30x90 ESSENZA PERLA;A;SI;SI;23.5000;WHT12;PAMESA;PAMESA;09/63/05;8429991720285;;8429991773311;M2;5;1.35;63;85.05;20.22;1,298.86;112.00;95.00;104.00;;8.70;21/03/2022;PAMESA;PAMESA;REVESTIMIENTO PASTA BLANCA;0318720011816;;WHITE BODY;ESSENZA-PASTA-BLANCA;BASICO;;REVESTIMIENTO;BASE;BASE;MATE RECTIFICADO;ASPECTO UNIFORME;;NO;;;;SIN CLASE;;;GRUPO BIII;GL Esmaltado;;;NO;;600-900 N - 15-25 N/mm2;1;031.872.0037.10433;30X60(T)C;CATLOGO PAMESA;;;30;90;8,7;2700;30x90;ESSENZA;PERLA;https://www.pamesa.com/ERP/4.0/empresas/151/045/imagenes/t00010602/0318720011816.jpg
31;872;7;11400;0318720013958;SI;PAS.BCA RECTIF;30x90 RLV.ESSENZA BEIGE;A;SI;SI;23.5000;WHT11;PAMESA;PAMESA;09/63/04;8429991720292;;8429991773311;M2;4;1.08;63;68.04;18.00;1,156.00;123.00;95.00;104.00;;10.50;21/03/2022;PAMESA;PAMESA;REVESTIMIENTO PASTA BLANCA;0318720013958;;WHITE BODY;ESSENZA-PASTA-BLANCA;BASICO;;REVESTIMIENTO;DECORADO;RLV DECORADO;MATE RECTIFICADO;ASPECTO UNIFORME;;SI;;;;SIN CLASE;;;GRUPO BIII;GL Esmaltado;;;NO;;600-900 N - 15-25 N/mm2;1;031.872.0007.11400;120X120(T);CATLOGO PAMESA;;;30;90;8,7;2700;30x90;RLV.ESSENZA;BEIGE;https://www.pamesa.com/ERP/4.0/empresas/151/045/imagenes/t00010602/0318720013958.jpg
31;872;150;11400;0318720013959;SI;PAS.BCA RECTIF;30x90 RLV.ESSENZA BIANCO;A;SI;SI;23.5000;WHT11;PAMESA;PAMESA;09/63/04;8429991720308;;8429991773311;M2;4;1.08;63;68.04;18.00;1,156.00;123.00;95.00;104.00;;10.50;21/03/2022;PAMESA;PAMESA;REVESTIMIENTO PASTA BLANCA;0318720013959;;WHITE BODY;ESSENZA-PASTA-BLANCA;BASICO;;REVESTIMIENTO;DECORADO;RLV DECORADO;MATE RECTIFICADO;ASPECTO UNIFORME;;SI;;;;SIN CLASE;;;GRUPO BIII;GL Esmaltado;;;NO;;600-900 N - 15-25 N/mm2;1;031.872.0150.11400;60X120(T)C;CATLOGO PAMESA;;;30;90;8,7;2700;30x90;RLV.ESSENZA;BIANCO;https://www.pamesa.com/ERP/4.0/empresas/151/045/imagenes/t00010602/0318720013959.jpg
31;872;37;11400;0318720013960;SI;PAS.BCA RECTIF;30x90 RLV.ESSENZA PERLA;A;SI;SI;23.5000;WHT11;PAMESA;PAMESA;09/63/04;8429991720315;;8429991773311;M2;4;1.08;63;68.04;18.00;1,156.00;123.00;95.00;104.00;;10.50;21/03/2022;PAMESA;PAMESA;REVESTIMIENTO PASTA BLANCA;0318720013960;;WHITE BODY;ESSENZA-PASTA-BLANCA;BASICO;;REVESTIMIENTO;DECORADO;RLV DECORADO;MATE RECTIFICADO;ASPECTO UNIFORME;;SI;;;;SIN CLASE;;;GRUPO BIII;GL Esmaltado;;;NO;;600-900 N - 15-25 N/mm2;1;031.872.0037.11400;30X60(T)C;CATLOGO PAMESA;;;30;90;8,7;2700;30x90;RLV.ESSENZA;PERLA;https://www.pamesa.com/ERP/4.0/empresas/151/045/imagenes/t00010602/0318720013960.jpg
27;821;308;10185;0278210034242;SI;PASTA BLANCA;36x80 INCONTRO CHIARO;A;SI;SI;0.0000;WHT07;PAMESA;PAMESA;A/54/04;8429991160760;;8429991773281;M2;4;1.15;54;62.10;20.00;1,100.00;126.00;84.00;86.00;4;9.50;15/07/2025;PAMESA;PAMESA;REVESTIMIENTO PASTA BLANCA;0278210034242;;WHITE BODY;INCONTRO;MADERA;;REVESTIMIENTO;DECORADO;RLV DECORADO;MATE;VARIACION ALTA;;SI;;;;SIN CLASE;;;GRUPO BIII;GL Esmaltado;;;NO;;600-900 N - 15-25 N/mm2;1;027.821.0308.10185;120X120(T);CATLOGO PAMESA;;;36;80;9,5;2880;36x80;INCONTRO;CHIARO;https://www.pamesa.com/ERP/4.0/empresas/151/045/imagenes/t00010602/0278210034242.jpg
27;821;23;10185;0278210010538;SI;PASTA BLANCA;36x80 INCONTRO MADERA;A;SI;SI;18.2500;WHT07;PAMESA;PAMESA;A/54/04;8429991636791;;8429991773281;M2;4;1.15;54;62.10;20.00;1,100.00;126.00;84.00;86.00;4;9.50;22/04/2021;PAMESA;PAMESA;REVESTIMIENTO PASTA BLANCA;0278210010538;;WHITE BODY;INCONTRO;MADERA;;REVESTIMIENTO;DECORADO;RLV DECORADO;MATE;VARIACION ALTA;;SI;;;;SIN CLASE;;;GRUPO BIII;GL Esmaltado;;;NO;;600-900 N - 15-25 N/mm2;1;027.821.0023.10185;30X60(T)C;CATLOGO PAMESA;;;36;80;9,5;2880;36x80;INCONTRO;MADERA;https://www.pamesa.com/ERP/4.0/empresas/151/045/imagenes/t00010602/0278210010538.jpg
31;872;163;14718;0318720023820;SI;PAS.BCA RECTIF;30x90 DEC.IRIDA CREAM;A;SI;SI;23.5000;WHT11;PAMESA;PAMESA;09/63/05;8429991945923;;8429991773311;M2;5;1.35;63;85.05;20.22;1,298.86;112.00;95.00;104.00;;8.70;24/06/2024;PAMESA;PAMESA;REVESTIMIENTO PASTA BLANCA;0318720023820;;WHITE BODY;IRIDA;BASICO;;REVESTIMIENTO;DECORADO;RLV DECORADO;MATE RECTIFICADO;ASPECTO UNIFORME;;SI;NO;;;SIN CLASE;;;GRUPO BIII;GL Esmaltado;;;NO;;600-900 N - 15-25 N/mm2;1;031.872.0163.14718;30X60(T)C;CATLOGO PAMESA;;;30;90;8,7;2700;30x90;DEC.IRIDA;CREAM;https://www.pamesa.com/ERP/4.0/empresas/151/045/imagenes/t00010602/0318720023820.jpg
31;872;169;14718;0318720023822;SI;PAS.BCA RECTIF;30x90 DEC.IRIDA PEARL;A;SI;SI;23.5000;WHT11;PAMESA;PAMESA;09/63/05;8429991945930;;8429991773311;M2;5;1.35;63;85.05;20.22;1,298.86;112.00;95.00;104.00;;8.70;24/06/2024;PAMESA;PAMESA;REVESTIMIENTO PASTA BLANCA;0318720023822;;WHITE BODY;IRIDA;BASICO;;REVESTIMIENTO;DECORADO;RLV DECORADO;MATE RECTIFICADO;ASPECTO UNIFORME;;SI;NO;;;SIN CLASE;;;GRUPO BIII;GL Esmaltado;;;NO;;600-900 N - 15-25 N/mm2;1;031.872.0169.14718;120X120(T);CATLOGO PAMESA;;;30;90;8,7;2700;30x90;DEC.IRIDA;PEARL;https://www.pamesa.com/ERP/4.0/empresas/151/045/imagenes/t00010602/0318720023822.jpg
31;872;108;14718;0318720023819;SI;PAS.BCA RECTIF;30x90 DEC.IRIDA WHITE;A;SI;SI;23.5000;WHT11;PAMESA;PAMESA;09/63/05;8429991945916;;8429991773311;M2;5;1.35;63;85.05;20.22;1,298.86;112.00;95.00;104.00;;8.70;24/06/2024;PAMESA;PAMESA;REVESTIMIENTO PASTA BLANCA;0318720023819;;WHITE BODY;IRIDA;BASICO;;REVESTIMIENTO;DECORADO;RLV DECORADO;MATE RECTIFICADO;ASPECTO UNIFORME;;SI;NO;;;SIN CLASE;;;GRUPO BIII;GL Esmaltado;;;NO;;600-900 N - 15-25 N/mm2;1;031.872.0108.14718;120X120(T);CATLOGO PAMESA;;;30;90;8,7;2700;30x90;DEC.IRIDA;WHITE;https://www.pamesa.com/ERP/4.0/empresas/151/045/imagenes/t00010602/0318720023819.jpg
31;872;111;14549;0318720023204;SI;PAS.BCA RECTIF;30x90 IRIDA BLUE;A;SI;SI;23.5000;WHT12;PAMESA;PAMESA;09/63/05;8429991931551;;8429991773311;M2;5;1.35;63;85.05;20.22;1,298.86;112.00;95.00;104.00;;8.70;16/05/2024;PAMESA;PAMESA;REVESTIMIENTO PASTA BLANCA;0318720023204;;WHITE BODY;IRIDA;BASICO;;REVESTIMIENTO;BASE;BASE;MATE RECTIFICADO;ASPECTO UNIFORME;;NO;NO;;;SIN CLASE;;;GRUPO BIII;GL Esmaltado;;;NO;;600-900 N - 15-25 N/mm2;1;031.872.0111.14549;120X120(T);CATLOGO PAMESA;;;30;90;8,7;2700;30x90;IRIDA;BLUE;https://www.pamesa.com/ERP/4.0/empresas/151/045/imagenes/t00010602/0318720023204.jpg
31;872;163;14549;0318720023202;SI;PAS.BCA RECTIF;30x90 IRIDA CREAM;A;SI;SI;23.5000;WHT12;PAMESA;PAMESA;09/63/05;8429991931537;;8429991773311;M2;5;1.35;63;85.05;20.22;1,298.86;112.00;95.00;104.00;;8.70;16/05/2024;PAMESA;PAMESA;REVESTIMIENTO PASTA BLANCA;0318720023202;;WHITE BODY;IRIDA;BASICO;;REVESTIMIENTO;BASE;BASE;MATE RECTIFICADO;ASPECTO UNIFORME;;NO;NO;;;SIN CLASE;;;GRUPO BIII;GL Esmaltado;;;NO;;600-900 N - 15-25 N/mm2;1;031.872.0163.14549;60X60(T)C;CATLOGO PAMESA;;;30;90;8,7;2700;30x90;IRIDA;CREAM;https://www.pamesa.com/ERP/4.0/empresas/151/045/imagenes/t00010602/0318720023202.jpg
31;872;110;14549;0318720023205;SI;PAS.BCA RECTIF;30x90 IRIDA GREEN;A;SI;SI;23.5000;WHT12;PAMESA;PAMESA;09/63/05;8429991931568;;8429991773311;M2;5;1.35;63;85.05;20.22;1,298.86;112.00;95.00;104.00;;8.70;16/05/2024;PAMESA;PAMESA;REVESTIMIENTO PASTA BLANCA;0318720023205;;WHITE BODY;IRIDA;BASICO;;REVESTIMIENTO;BASE;BASE;MATE RECTIFICADO;ASPECTO UNIFORME;;NO;NO;;;SIN CLASE;;;GRUPO BIII;GL Esmaltado;;;NO;;600-900 N - 15-25 N/mm2;1;031.872.0110.14549;120X120(T);CATLOGO PAMESA;;;30;90;8,7;2700;30x90;IRIDA;GREEN;https://www.pamesa.com/ERP/4.0/empresas/151/045/imagenes/t00010602/0318720023205.jpg
31;872;383;14549;0318720023206;SI;PAS.BCA RECTIF;30x90 IRIDA NUDE;A;SI;SI;23.5000;WHT12;PAMESA;PAMESA;09/63/05;8429991931575;;8429991773311;M2;5;1.35;63;85.05;20.22;1,298.86;112.00;95.00;104.00;;8.70;16/05/2024;PAMESA;PAMESA;REVESTIMIENTO PASTA BLANCA;0318720023206;;WHITE BODY;IRIDA;BASICO;;REVESTIMIENTO;BASE;BASE;MATE RECTIFICADO;ASPECTO UNIFORME;;NO;NO;;;SIN CLASE;;;GRUPO BIII;GL Esmaltado;;;NO;;600-900 N - 15-25 N/mm2;1;031.872.0383.14549;30X60(T)C;CATLOGO PAMESA;;;30;90;8,7;2700;30x90;IRIDA;NUDE;https://www.pamesa.com/ERP/4.0/empresas/151/045/imagenes/t00010602/0318720023206.jpg
31;872;169;14549;0318720023203;SI;PAS.BCA RECTIF;30x90 IRIDA PEARL;A;SI;SI;23.5000;WHT12;PAMESA;PAMESA;09/63/05;8429991931544;;8429991773311;M2;5;1.35;63;85.05;20.22;1,298.86;112.00;95.00;104.00;;8.70;16/05/2024;PAMESA;PAMESA;REVESTIMIENTO PASTA BLANCA;0318720023203;;WHITE BODY;IRIDA;BASICO;;REVESTIMIENTO;BASE;BASE;MATE RECTIFICADO;ASPECTO UNIFORME;;NO;NO;;;SIN CLASE;;;GRUPO BIII;GL Esmaltado;;;NO;;600-900 N - 15-25 N/mm2;1;031.872.0169.14549;30X60(T)C;CATLOGO PAMESA;;;30;90;8,7;2700;30x90;IRIDA;PEARL;https://www.pamesa.com/ERP/4.0/empresas/151/045/imagenes/t00010602/0318720023203.jpg
31;872;285;14549;0318720023207;SI;PAS.BCA RECTIF;30x90 IRIDA TAUPE;A;SI;SI;23.5000;WHT12;PAMESA;PAMESA;09/63/05;8429991931582;;8429991773311;M2;5;1.35;63;85.05;20.22;1,298.86;112.00;95.00;104.00;;8.70;16/05/2024;PAMESA;PAMESA;REVESTIMIENTO PASTA BLANCA;0318720023207;;WHITE BODY;IRIDA;BASICO;;REVESTIMIENTO;BASE;BASE;MATE RECTIFICADO;ASPECTO UNIFORME;;NO;NO;;;SIN CLASE;;;GRUPO BIII;GL Esmaltado;;;NO;;600-900 N - 15-25 N/mm2;1;031.872.0285.14549;120X120(T);CATLOGO PAMESA;;;30;90;8,7;2700;30x90;IRIDA;TAUPE;https://www.pamesa.com/ERP/4.0/empresas/151/045/imagenes/t00010602/0318720023207.jpg
31;872;108;14549;0318720023201;SI;PAS.BCA RECTIF;30x90 IRIDA WHITE;A;SI;SI;23.5000;WHT12;PAMESA;PAMESA;09/63/05;8429991931520;;8429991773311;M2;5;1.35;63;85.05;20.22;1,298.86;112.00;95.00;104.00;;8.70;16/05/2024;PAMESA;PAMESA;REVESTIMIENTO PASTA BLANCA;0318720023201;;WHITE BODY;IRIDA;BASICO;;REVESTIMIENTO;BASE;BASE;MATE RECTIFICADO;ASPECTO UNIFORME;;NO;NO;;;SIN CLASE;;;GRUPO BIII;GL Esmaltado;;;NO;;600-900 N - 15-25 N/mm2;1;031.872.0108.14549;120X280(6MM);CATLOGO PAMESA;;;30;90;8,7;2700;30x90;IRIDA;WHITE;https://www.pamesa.com/ERP/4.0/empresas/151/045/imagenes/t00010602/0318720023201.jpg
31;872;163;14550;0318720023217;SI;PAS.BCA RECTIF;30x90 RLV.IRIDA CREAM;A;SI;SI;23.5000;WHT11;PAMESA;PAMESA;09/63/05;8429991931629;;8429991773311;M2;5;1.35;63;85.05;20.22;1,298.86;112.00;95.00;104.00;;8.70;16/05/2024;PAMESA;PAMESA;REVESTIMIENTO PASTA BLANCA;0318720023217;;WHITE BODY;IRIDA;BASICO;;REVESTIMIENTO;DECORADO;RLV DECORADO;MATE RECTIFICADO;ASPECTO UNIFORME;;SI;NO;;;SIN CLASE;;;GRUPO BIII;GL Esmaltado;;;NO;;600-900 N - 15-25 N/mm2;1;031.872.0163.14550;60X60(T)C;CATLOGO PAMESA;;;30;90;8,7;2700;30x90;RLV.IRIDA;CREAM;https://www.pamesa.com/ERP/4.0/empresas/151/045/imagenes/t00010602/0318720023217.jpg
31;872;169;14550;0318720023219;SI;PAS.BCA RECTIF;30x90 RLV.IRIDA PEARL;A;SI;SI;23.5000;WHT11;PAMESA;PAMESA;09/63/05;8429991931636;;8429991773311;M2;5;1.35;63;85.05;20.22;1,298.86;112.00;95.00;104.00;;8.70;16/05/2024;PAMESA;PAMESA;REVESTIMIENTO PASTA BLANCA;0318720023219;;WHITE BODY;IRIDA;BASICO;;REVESTIMIENTO;DECORADO;RLV DECORADO;MATE RECTIFICADO;ASPECTO UNIFORME;;SI;NO;;;SIN CLASE;;;GRUPO BIII;GL Esmaltado;;;NO;;600-900 N - 15-25 N/mm2;1;031.872.0169.14550;30X60(T)C;CATLOGO PAMESA;;;30;90;8,7;2700;30x90;RLV.IRIDA;PEARL;https://www.pamesa.com/ERP/4.0/empresas/151/045/imagenes/t00010602/0318720023219.jpg
31;872;108;14550;0318720023210;SI;PAS.BCA RECTIF;30x90 RLV.IRIDA WHITE;A;SI;SI;23.5000;WHT11;PAMESA;PAMESA;09/63/05;8429991931599;;8429991773311;M2;5;1.35;63;85.05;20.22;1,298.86;112.00;95.00;104.00;;8.70;16/05/2024;PAMESA;PAMESA;REVESTIMIENTO PASTA BLANCA;0318720023210;;WHITE BODY;IRIDA;BASICO;;REVESTIMIENTO;DECORADO;RLV DECORADO;MATE RECTIFICADO;ASPECTO UNIFORME;;SI;NO;;;SIN CLASE;;;GRUPO BIII;GL Esmaltado;;;NO;;600-900 N - 15-25 N/mm2;1;031.872.0108.14550;120X280(6MM);CATLOGO PAMESA;;;30;90;8,7;2700;30x90;RLV.IRIDA;WHITE;https://www.pamesa.com/ERP/4.0/empresas/151/045/imagenes/t00010602/0318720023210.jpg
31;872;260;9619;0318722609619;SI;PAS.BCA RECTIF;30x90 ES.KEDIRI NEUTRO;A;SI;SI;23.5000;WHT12;PAMESA;PAMESA;09/63/05;8429991410155;;8429991773311;M2;5;1.35;63;85.05;20.22;1,298.86;112.00;95.00;104.00;;8.70;21/11/2018;PAMESA;ESSENTIAL;REVESTIMIENTO PASTA BLANCA;0318722609619;;WHITE BODY;KEDIRI;PIEDRA;;REVESTIMIENTO;BASE;BASE;MATE RECTIFICADO;VARIACION LEVE;;SI;;;;SIN CLASE;;;GRUPO BIII;GL Esmaltado;;;NO;;600-900 N - 15-25 N/mm2;1;031.872.0260.09619;120X120(T);CATLOGO PAMESA;;;30;90;8,7;2700;30x90;ES.KEDIRI;NEUTRO;https://www.pamesa.com/ERP/4.0/empresas/151/045/imagenes/t00010602/0318722609619.jpg
31;872;37;9619;0318720379619;SI;PAS.BCA RECTIF;30x90 ES.KEDIRI PERLA;A;SI;SI;23.5000;WHT12;PAMESA;PAMESA;09/63/05;8429991410162;;8429991773311;M2;5;1.35;63;85.05;20.22;1,298.86;112.00;95.00;104.00;;8.70;21/11/2018;PAMESA;ESSENTIAL;REVESTIMIENTO PASTA BLANCA;0318720379619;;WHITE BODY;KEDIRI;PIEDRA;;REVESTIMIENTO;BASE;BASE;MATE RECTIFICADO;VARIACION LEVE;;SI;;;;SIN CLASE;;;GRUPO BIII;GL Esmaltado;;;NO;;600-900 N - 15-25 N/mm2;1;031.872.0037.09619;30X60(T)C;CATLOGO PAMESA;;;30;90;8,7;2700;30x90;ES.KEDIRI;PERLA;https://www.pamesa.com/ERP/4.0/empresas/151/045/imagenes/t00010602/0318720379619.jpg
31;872;100;9620;0318721009620;SI;PAS.BCA RECTIF;30x90 ES.RLV.KEDIRI MIX;A;SI;SI;23.5000;WHT11;PAMESA;PAMESA;09/63/05;8429991410186;;8429991773311;M2;5;1.35;63;85.05;20.22;1,298.86;112.00;95.00;104.00;;8.70;21/11/2018;PAMESA;ESSENTIAL;REVESTIMIENTO PASTA BLANCA;0318721009620;;WHITE BODY;KEDIRI;PIEDRA;;REVESTIMIENTO;DECORADO;DECORADO;MATE RECTIFICADO;VARIACION LEVE;;SI;;;;SIN CLASE;;;GRUPO BIII;GL Esmaltado;;;NO;;600-900 N - 15-25 N/mm2;1;031.872.0100.09620;120X280(6MM);CATLOGO PAMESA;;;30;90;8,7;2700;30x90;ES.RLV.KEDIRI;MIX;https://www.pamesa.com/ERP/4.0/empresas/151/045/imagenes/t00010602/0318721009620.jpg
31;872;12;911;0318720120911;SI;PAS.BCA RECTIF;30x90 KENZO BLANCO;A;SI;SI;0.0000;WHT12;PAMESA;PAMESA;09/63/05;8429991990114;;8429991773311;M2;5;1.35;63;85.05;20.22;1,298.86;112.00;95.00;104.00;;8.70;16/01/2025;PAMESA;PAMESA;REVESTIMIENTO PASTA BLANCA;0318720120911;;WHITE BODY;KENZO PASTA BLANCA;PIEDRA;;REVESTIMIENTO;BASE;BASE;MATE RECTIFICADO;VARIACION LEVE;;SI;;;;SIN CLASE;;;GRUPO BIII;GL Esmaltado;;;NO;;600-900 N - 15-25 N/mm2;1;031.872.0012.00911;60X120(T)C;CATLOGO PAMESA;;;30;90;8,7;2700;30x90;KENZO;BLANCO;https://www.pamesa.com/ERP/4.0/empresas/151/045/imagenes/t00010602/0318720120911.jpg
31;872;2;911;0318720020911;SI;PAS.BCA RECTIF;30x90 KENZO GRIS;A;SI;SI;0.0000;WHT12;PAMESA;PAMESA;09/63/05;8429991990138;;8429991773311;M2;5;1.35;63;85.05;20.22;1,298.86;112.00;95.00;104.00;;8.70;16/01/2025;PAMESA;PAMESA;REVESTIMIENTO PASTA BLANCA;0318720020911;;WHITE BODY;KENZO PASTA BLANCA;PIEDRA;;REVESTIMIENTO;BASE;BASE;MATE RECTIFICADO;VARIACION LEVE;;SI;;;;SIN CLASE;;;GRUPO BIII;GL Esmaltado;;;NO;;600-900 N - 15-25 N/mm2;1;031.872.0002.00911;30X60(T)C;CATLOGO PAMESA;;;30;90;8,7;2700;30x90;KENZO;GRIS;https://www.pamesa.com/ERP/4.0/empresas/151/045/imagenes/t00010602/0318720020911.jpg
31;872;33;911;0318720330911;SI;PAS.BCA RECTIF;30x90 KENZO MARFIL;A;SI;SI;0.0000;WHT12;PAMESA;PAMESA;09/63/05;8429991990121;;8429991773311;M2;5;1.35;63;85.05;20.22;1,298.86;112.00;95.00;104.00;;8.70;16/01/2025;PAMESA;PAMESA;REVESTIMIENTO PASTA BLANCA;0318720330911;;WHITE BODY;KENZO PASTA BLANCA;PIEDRA;;REVESTIMIENTO;BASE;BASE;MATE RECTIFICADO;VARIACION LEVE;;SI;;;;SIN CLASE;;;GRUPO BIII;GL Esmaltado;;;NO;;600-900 N - 15-25 N/mm2;1;031.872.0033.00911;60X60(T)C;CATLOGO PAMESA;;;30;90;8,7;2700;30x90;KENZO;MARFIL;https://www.pamesa.com/ERP/4.0/empresas/151/045/imagenes/t00010602/0318720330911.jpg
31;872;12;15090;0318720024955;SI;PAS.BCA RECTIF;30x90 RLV.KENZO BLANCO;A;SI;SI;0.0000;WHT11;PAMESA;PAMESA;09/63/05;8429991990145;;8429991773311;M2;5;1.35;63;85.05;20.22;1,298.86;112.00;95.00;104.00;;8.70;16/01/2025;PAMESA;PAMESA;REVESTIMIENTO PASTA BLANCA;0318720024955;;WHITE BODY;KENZO PASTA BLANCA;PIEDRA;;REVESTIMIENTO;DECORADO;RLV DECORADO;MATE RECTIFICADO;VARIACION LEVE;;SI;;;;SIN CLASE;;;GRUPO BIII;GL Esmaltado;;;NO;;600-900 N - 15-25 N/mm2;1;031.872.0012.15090;60X120(T)C;CATLOGO PAMESA;;;30;90;8,7;2700;30x90;RLV.KENZO;BLANCO;https://www.pamesa.com/ERP/4.0/empresas/151/045/imagenes/t00010602/0318720024955.jpg
31;872;2;15090;0318720024957;SI;PAS.BCA RECTIF;30x90 RLV.KENZO GRIS;A;SI;SI;0.0000;WHT11;PAMESA;PAMESA;09/63/05;8429991990169;;8429991773311;M2;5;1.35;63;85.05;20.22;1,298.86;112.00;95.00;104.00;;8.70;16/01/2025;PAMESA;PAMESA;REVESTIMIENTO PASTA BLANCA;0318720024957;;WHITE BODY;KENZO PASTA BLANCA;PIEDRA;;REVESTIMIENTO;DECORADO;RLV DECORADO;MATE RECTIFICADO;VARIACION LEVE;;SI;;;;SIN CLASE;;;GRUPO BIII;GL Esmaltado;;;NO;;600-900 N - 15-25 N/mm2;1;031.872.0002.15090;120X120(T);CATLOGO PAMESA;;;30;90;8,7;2700;30x90;RLV.KENZO;GRIS;https://www.pamesa.com/ERP/4.0/empresas/151/045/imagenes/t00010602/0318720024957.jpg
31;872;33;15090;0318720024956;SI;PAS.BCA RECTIF;30x90 RLV.KENZO MARFIL;A;SI;SI;0.0000;WHT11;PAMESA;PAMESA;09/63/05;8429991990152;;8429991773311;M2;5;1.35;63;85.05;20.22;1,298.86;112.00;95.00;104.00;;8.70;16/01/2025;PAMESA;PAMESA;REVESTIMIENTO PASTA BLANCA;0318720024956;;WHITE BODY;KENZO PASTA BLANCA;PIEDRA;;REVESTIMIENTO;DECORADO;RLV DECORADO;MATE RECTIFICADO;VARIACION LEVE;;SI;;;;SIN CLASE;;;GRUPO BIII;GL Esmaltado;;;NO;;600-900 N - 15-25 N/mm2;1;031.872.0033.15090;30X60(T)C;CATLOGO PAMESA;;;30;90;8,7;2700;30x90;RLV.KENZO;MARFIL;https://www.pamesa.com/ERP/4.0/empresas/151/045/imagenes/t00010602/0318720024956.jpg
31;412;30;2967;0314120302967;SI;PAS.BCA RECTIF;40x120 KONCEPT NACAR;A;SI;SI;27.2500;WHT14;PAMESA;PAMESA;F/20/03 AG;8429991652432;;8429991773311;M2;3;1.44;20;28.80;27.50;570.00;120.00;80.00;55.00;;10.80;16/07/2021;PAMESA;PAMESA;REVESTIMIENTO PASTA BLANCA;0314120302967;;WHITE BODY;KONCEPT PASTA BLANCA;CEMENTO;;REVESTIMIENTO;BASE;BASE;MATE RECTIFICADO;VARIACION LEVE;;NO;;;;SIN CLASE;;;GRUPO BIII;GL Esmaltado;;;NO;;>400 N - 15-25 N/mm2;1;031.412.0030.02967;60X60N(20MM);CATLOGO PAMESA;;;40;120;10,8;4800;40x120;KONCEPT;NACAR;https://www.pamesa.com/ERP/4.0/empresas/151/045/imagenes/t00010602/0314120302967.jpg
31;412;30;10404;0314120011074;SI;PAS.BCA RECTIF;40x120 RLV.KONCEPT NACAR;A;SI;SI;27.2500;WHT13;PAMESA;PAMESA;F/20/03 AG;8429991652470;;8429991773311;M2;3;1.44;20;28.80;27.50;570.00;120.00;80.00;55.00;;10.80;16/07/2021;PAMESA;PAMESA;REVESTIMIENTO PASTA BLANCA;0314120011074;;WHITE BODY;KONCEPT PASTA BLANCA;CEMENTO;;REVESTIMIENTO;BASE;BASE;MATE RECTIFICADO;VARIACION LEVE;;SI;;;;SIN CLASE;;;GRUPO BIII;GL Esmaltado;;;NO;;>400 N - 15-25 N/mm2;1;031.412.0030.10404;60X60(T)C;CATLOGO PAMESA;;;40;120;10,8;4800;40x120;RLV.KONCEPT;NACAR;https://www.pamesa.com/ERP/4.0/empresas/151/045/imagenes/t00010602/0314120011074.jpg
31;869;165;14038;0318690023873;SI;PAS.BCA RECTIF;60x120 KRONO HAYA;A;SI;SI;0.0000;WHT15;PAMESA;PAMESA;L/36/02PB RLV;8429991947187;;8429991773311;M2;2;1.44;36;51.84;21.00;781.00;122.00;84.00;75.00;;8.20;28/06/2024;PAMESA;PAMESA;REVESTIMIENTO PASTA BLANCA;0318690023873;;WHITE BODY;KRONO;MADERA;;REVESTIMIENTO;DECORADO;RLV DECORADO;MATE RECTIFICADO;VARIACION MODERADA;;NO;NO;;;SIN CLASE;;;GRUPO BIII;GL Esmaltado;;;NO;;600-900 N - 15-25 N/mm2;1;031.869.0165.14038;60X60(T)C;CATLOGO PAMESA;;;60;120;10,5;7200;60x120;KRONO;HAYA;https://www.pamesa.com/ERP/4.0/empresas/151/045/imagenes/t00010602/0318690023873.jpg
31;869;34;14038;0318690023870;SI;PAS.BCA RECTIF;60x120 KRONO NOGAL;A;SI;SI;0.0000;WHT15;PAMESA;PAMESA;L/36/02PB RLV;8429991947163;;8429991773311;M2;2;1.44;36;51.84;21.00;781.00;122.00;84.00;75.00;;8.20;28/06/2024;PAMESA;PAMESA;REVESTIMIENTO PASTA BLANCA;0318690023870;;WHITE BODY;KRONO;MADERA;;REVESTIMIENTO;DECORADO;RLV DECORADO;MATE RECTIFICADO;VARIACION MODERADA;;NO;NO;;;SIN CLASE;;;GRUPO BIII;GL Esmaltado;;;NO;;600-900 N - 15-25 N/mm2;1;031.869.0034.14038;60X60(T)C;CATLOGO PAMESA;;;60;120;10,5;7200;60x120;KRONO;NOGAL;https://www.pamesa.com/ERP/4.0/empresas/151/045/imagenes/t00010602/0318690023870.jpg
31;869;36;14038;0318690023871;SI;PAS.BCA RECTIF;60x120 KRONO ROBLE;A;SI;SI;0.0000;WHT15;PAMESA;PAMESA;L/36/02PB RLV;8429991947170;;8429991773311;M2;2;1.44;36;51.84;21.00;781.00;122.00;84.00;75.00;;8.20;28/06/2024;PAMESA;PAMESA;REVESTIMIENTO PASTA BLANCA;0318690023871;;WHITE BODY;KRONO;MADERA;;REVESTIMIENTO;DECORADO;RLV DECORADO;MATE RECTIFICADO;VARIACION MODERADA;;NO;NO;;;SIN CLASE;;;GRUPO BIII;GL Esmaltado;;;NO;;600-900 N - 15-25 N/mm2;1;031.869.0036.14038;60X60(T)C;CATLOGO PAMESA;;;60;120;10,5;7200;60x120;KRONO;ROBLE;https://www.pamesa.com/ERP/4.0/empresas/151/045/imagenes/t00010602/0318690023871.jpg
31;869;7;14677;0318690023640;SI;PAS.BCA RECTIF;60x120 LIN BEIGE;A;SI;SI;0.0000;WHT16;PAMESA;PAMESA;L/30/03PB;8429991941000;;0100112000;M2;3;2.16;30;64.80;27.00;835.00;122.00;84.00;75.00;;;11/06/2024;PAMESA;PAMESA;REVESTIMIENTO PASTA BLANCA;0318690023640;;WHITE BODY;LIN;BASICO;;REVESTIMIENTO;BASE;BASE;MATE RECTIFICADO;VARIACION LEVE;;NO;NO;;;SIN CLASE;;;GRUPO BIa;GL Esmaltado;;;NO;;600-900 N - 15-25 N/mm2;1;031.869.0007.14677;60X90(N)20MM;CATLOGO PAMESA;;;60;120;10,5;7200;60x120;LIN;BEIGE;https://www.pamesa.com/ERP/4.0/empresas/151/045/imagenes/t00010602/0318690023640.jpg
31;869;12;14677;0318690024207;SI;PAS.BCA RECTIF;60x120 LIN BLANCO;A;SI;SI;0.0000;WHT16;PAMESA;PAMESA;L/30/03PB;8429991958947;;0100112000;M2;3;2.16;30;64.80;27.00;835.00;122.00;84.00;75.00;;;08/08/2024;PAMESA;PAMESA;REVESTIMIENTO PASTA BLANCA;0318690024207;;WHITE BODY;LIN;BASICO;;REVESTIMIENTO;BASE;BASE;MATE RECTIFICADO;VARIACION LEVE;;NO;NO;;;SIN CLASE;;;GRUPO BIa;GL Esmaltado;;;NO;;600-900 N - 15-25 N/mm2;1;031.869.0012.14677;60X60(T)C;CATLOGO PAMESA;;;60;120;10,5;7200;60x120;LIN;BLANCO;https://www.pamesa.com/ERP/4.0/empresas/151/045/imagenes/t00010602/0318690024207.jpg
31;869;2;14677;0318690023638;SI;PAS.BCA RECTIF;60x120 LIN GRIS;A;SI;SI;0.0000;WHT16;PAMESA;PAMESA;L/30/03PB;8429991940997;;0100112000;M2;3;2.16;30;64.80;27.00;835.00;122.00;84.00;75.00;;;11/06/2024;PAMESA;PAMESA;REVESTIMIENTO PASTA BLANCA;0318690023638;;WHITE BODY;LIN;BASICO;;REVESTIMIENTO;BASE;BASE;MATE RECTIFICADO;VARIACION LEVE;;NO;NO;;;SIN CLASE;;;GRUPO BIa;GL Esmaltado;;;NO;;600-900 N - 15-25 N/mm2;1;031.869.0002.14677;60X120(T)C;CATLOGO PAMESA;;;60;120;10,5;7200;60x120;LIN;GRIS;https://www.pamesa.com/ERP/4.0/empresas/151/045/imagenes/t00010602/0318690023638.jpg
31;869;33;14677;0318690023642;SI;PAS.BCA RECTIF;60x120 LIN MARFIL;A;SI;SI;0.0000;WHT16;PAMESA;PAMESA;L/30/03PB;8429991941017;;0100112000;M2;3;2.16;30;64.80;27.00;835.00;122.00;84.00;75.00;;;11/06/2024;PAMESA;PAMESA;REVESTIMIENTO PASTA BLANCA;0318690023642;;WHITE BODY;LIN;BASICO;;REVESTIMIENTO;BASE;BASE;MATE RECTIFICADO;VARIACION LEVE;;NO;NO;;;SIN CLASE;;;GRUPO BIa;GL Esmaltado;;;NO;;600-900 N - 15-25 N/mm2;1;031.869.0033.14677;60X60(T)C;CATLOGO PAMESA;;;60;120;10,5;7200;60x120;LIN;MARFIL;https://www.pamesa.com/ERP/4.0/empresas/151/045/imagenes/t00010602/0318690023642.jpg
31;869;7;14678;0318690023647;SI;PAS.BCA RECTIF;60x120 RLV.LIN BEIGE;A;SI;SI;0.0000;WHT15;PAMESA;PAMESA;L/36/02PB RLV;8429991941062;;8429991773311;M2;2;1.44;36;51.84;21.00;781.00;122.00;84.00;75.00;;8.20;11/06/2024;PAMESA;PAMESA;REVESTIMIENTO PASTA BLANCA;0318690023647;;WHITE BODY;LIN;BASICO;;REVESTIMIENTO;BASE;RLV DECORADO;MATE RECTIFICADO;VARIACION LEVE;;SI;NO;;;SIN CLASE;;;GRUPO BIII;GL Esmaltado;;;NO;;600-900 N - 15-25 N/mm2;1;031.869.0007.14678;60X60N(20MM);CATLOGO PAMESA;;;60;120;10,5;7200;60x120;RLV.LIN;BEIGE;https://www.pamesa.com/ERP/4.0/empresas/151/045/imagenes/t00010602/0318690023647.jpg
31;869;12;14678;0318690024208;SI;PAS.BCA RECTIF;60x120 RLV.LIN BLANCO;A;SI;SI;0.0000;WHT15;PAMESA;PAMESA;L/36/02PB RLV;8429991958954;;8429991773311;M2;2;1.44;36;51.84;21.00;781.00;122.00;84.00;75.00;;8.20;08/08/2024;PAMESA;PAMESA;REVESTIMIENTO PASTA BLANCA;0318690024208;;WHITE BODY;LIN;BASICO;;REVESTIMIENTO;BASE;RLV DECORADO;MATE RECTIFICADO;VARIACION LEVE;;SI;NO;;;SIN CLASE;;;GRUPO BIII;GL Esmaltado;;;NO;;600-900 N - 15-25 N/mm2;1;031.869.0012.14678;60X60N(20MM);CATLOGO PAMESA;;;60;120;10,5;7200;60x120;RLV.LIN;BLANCO;https://www.pamesa.com/ERP/4.0/empresas/151/045/imagenes/t00010602/0318690024208.jpg
31;869;2;14678;0318690023645;SI;PAS.BCA RECTIF;60x120 RLV.LIN GRIS;A;SI;SI;0.0000;WHT15;PAMESA;PAMESA;L/36/02PB RLV;8429991941031;;8429991773311;M2;2;1.44;36;51.84;21.00;781.00;122.00;84.00;75.00;;8.20;11/06/2024;PAMESA;PAMESA;REVESTIMIENTO PASTA BLANCA;0318690023645;;WHITE BODY;LIN;BASICO;;REVESTIMIENTO;BASE;RLV DECORADO;MATE RECTIFICADO;VARIACION LEVE;;SI;NO;;;SIN CLASE;;;GRUPO BIII;GL Esmaltado;;;NO;;600-900 N - 15-25 N/mm2;1;031.869.0002.14678;60X90(N)20MM;CATLOGO PAMESA;;;60;120;10,5;7200;60x120;RLV.LIN;GRIS;https://www.pamesa.com/ERP/4.0/empresas/151/045/imagenes/t00010602/0318690023645.jpg
31;869;33;14678;0318690023646;SI;PAS.BCA RECTIF;60x120 RLV.LIN MARFIL;A;SI;SI;0.0000;WHT15;PAMESA;PAMESA;L/36/02PB RLV;8429991941048;;8429991773311;M2;2;1.44;36;51.84;21.00;781.00;122.00;84.00;75.00;;8.20;11/06/2024;PAMESA;PAMESA;REVESTIMIENTO PASTA BLANCA;0318690023646;;WHITE BODY;LIN;BASICO;;REVESTIMIENTO;BASE;RLV DECORADO;MATE RECTIFICADO;VARIACION LEVE;;SI;NO;;;SIN CLASE;;;GRUPO BIII;GL Esmaltado;;;NO;;600-900 N - 15-25 N/mm2;1;031.869.0033.14678;60X60(T)C;CATLOGO PAMESA;;;60;120;10,5;7200;60x120;RLV.LIN;MARFIL;https://www.pamesa.com/ERP/4.0/empresas/151/045/imagenes/t00010602/0318690023646.jpg
31;627;7;14677;0316270032828;SI;PAS.BCA RECTIF;33,3x100 LIN BEIGE;A;SI;SI;0.0000;WHT10;PAMESA;PAMESA;T/48/06;8429991154530;;0100112000;M2;6;2.00;48;96.00;25.00;1,222.00;123.00;103.00;80.50;4;7.00;23/06/2025;PAMESA;PAMESA;REVESTIMIENTO PASTA BLANCA;0316270032828;;WHITE BODY;LIN;BASICO;;REVESTIMIENTO;BASE;BASE;MATE RECTIFICADO;VARIACION LEVE;;NO;;;;SIN CLASE;;;GRUPO BIa;GL Esmaltado;;;NO;;600-900 N - 15-25 N/mm2;1;031.627.0007.14677;30X60(T)C;CATLOGO PAMESA;;;33,3;100;7;3330;33,3x100;LIN;BEIGE;https://www.pamesa.com/ERP/4.0/empresas/151/045/imagenes/t00010602/0316270032828.jpg
31;627;12;14677;0316270033219;SI;PAS.BCA RECTIF;33,3x100 LIN BLANCO;A;SI;SI;0.0000;WHT10;PAMESA;PAMESA;T/48/06;8429991156251;;0100112000;M2;6;2.00;48;96.00;25.00;1,222.00;123.00;103.00;80.50;4;7.00;30/06/2025;PAMESA;PAMESA;REVESTIMIENTO PASTA BLANCA;0316270033219;;WHITE BODY;LIN;BASICO;;REVESTIMIENTO;BASE;BASE;MATE RECTIFICADO;VARIACION LEVE;;NO;;;;SIN CLASE;;;GRUPO BIa;GL Esmaltado;;;NO;;600-900 N - 15-25 N/mm2;1;031.627.0012.14677;30X60(T)C;CATLOGO PAMESA;;;33,3;100;7;3330;33,3x100;LIN;BLANCO;https://www.pamesa.com/ERP/4.0/empresas/151/045/imagenes/t00010602/0316270033219.jpg
31;627;2;14677;0316270032831;SI;PAS.BCA RECTIF;33,3x100 LIN GRIS;A;SI;SI;0.0000;WHT10;PAMESA;PAMESA;T/48/06;8429991154561;;0100112000;M2;6;2.00;48;96.00;25.00;1,222.00;123.00;103.00;80.50;4;7.00;23/06/2025;PAMESA;PAMESA;REVESTIMIENTO PASTA BLANCA;0316270032831;;WHITE BODY;LIN;BASICO;;REVESTIMIENTO;BASE;BASE;MATE RECTIFICADO;VARIACION LEVE;;NO;;;;SIN CLASE;;;GRUPO BIa;GL Esmaltado;;;NO;;600-900 N - 15-25 N/mm2;1;031.627.0002.14677;30X60(T)C;CATLOGO PAMESA;;;33,3;100;7;3330;33,3x100;LIN;GRIS;https://www.pamesa.com/ERP/4.0/empresas/151/045/imagenes/t00010602/0316270032831.jpg
31;627;33;14677;0316270032829;SI;PAS.BCA RECTIF;33,3x100 LIN MARFIL;A;SI;SI;0.0000;WHT10;PAMESA;PAMESA;T/48/06;8429991154547;;0100112000;M2;6;2.00;48;96.00;25.00;1,222.00;123.00;103.00;80.50;4;7.00;23/06/2025;PAMESA;PAMESA;REVESTIMIENTO PASTA BLANCA;0316270032829;;WHITE BODY;LIN;BASICO;;REVESTIMIENTO;BASE;BASE;MATE RECTIFICADO;VARIACION LEVE;;NO;;;;SIN CLASE;;;GRUPO BIa;GL Esmaltado;;;NO;;600-900 N - 15-25 N/mm2;1;031.627.0033.14677;30X60(T)C;CATLOGO PAMESA;;;33,3;100;7;3330;33,3x100;LIN;MARFIL;https://www.pamesa.com/ERP/4.0/empresas/151/045/imagenes/t00010602/0316270032829.jpg
31;627;7;14678;0316270032838;SI;PAS.BCA RECTIF;33,3x100 RLV.LIN BEIGE;A;SI;SI;0.0000;WHT09;PAMESA;PAMESA;T/48/06;8429991154585;;8429991773311;M2;6;2.00;48;96.00;25.00;1,222.00;123.00;103.00;80.50;4;7.00;23/06/2025;PAMESA;PAMESA;REVESTIMIENTO PASTA BLANCA;0316270032838;;WHITE BODY;LIN;BASICO;;REVESTIMIENTO;BASE;BASE;MATE RECTIFICADO;VARIACION LEVE;;SI;;;;SIN CLASE;;;GRUPO BIII;GL Esmaltado;;;NO;;600-900 N - 15-25 N/mm2;1;031.627.0007.14678;30X60(T)C;CATLOGO PAMESA;;;33,3;100;7;3330;33,3x100;RLV.LIN;BEIGE;https://www.pamesa.com/ERP/4.0/empresas/151/045/imagenes/t00010602/0316270032838.jpg
31;627;12;14678;0316270033221;SI;PAS.BCA RECTIF;33,3x100 RLV.LIN BLANCO;A;SI;SI;0.0000;WHT09;PAMESA;PAMESA;T/48/06;8429991156268;;8429991773311;M2;6;2.00;48;96.00;25.00;1,222.00;123.00;103.00;80.50;4;7.00;30/06/2025;PAMESA;PAMESA;REVESTIMIENTO PASTA BLANCA;0316270033221;;WHITE BODY;LIN;BASICO;;REVESTIMIENTO;BASE;BASE;MATE RECTIFICADO;VARIACION LEVE;;SI;;;;SIN CLASE;;;GRUPO BIII;GL Esmaltado;;;NO;;600-900 N - 15-25 N/mm2;1;031.627.0012.14678;30X60(T)C;CATLOGO PAMESA;;;33,3;100;7;3330;33,3x100;RLV.LIN;BLANCO;https://www.pamesa.com/ERP/4.0/empresas/151/045/imagenes/t00010602/0316270033221.jpg
31;627;2;14678;0316270032837;SI;PAS.BCA RECTIF;33,3x100 RLV.LIN GRIS;A;SI;SI;0.0000;WHT09;PAMESA;PAMESA;T/48/06;8429991154578;;8429991773311;M2;6;2.00;48;96.00;25.00;1,222.00;123.00;103.00;80.50;4;7.00;23/06/2025;PAMESA;PAMESA;REVESTIMIENTO PASTA BLANCA;0316270032837;;WHITE BODY;LIN;BASICO;;REVESTIMIENTO;BASE;BASE;MATE RECTIFICADO;VARIACION LEVE;;SI;;;;SIN CLASE;;;GRUPO BIII;GL Esmaltado;;;NO;;600-900 N - 15-25 N/mm2;1;031.627.0002.14678;30X60(T)C;CATLOGO PAMESA;;;33,3;100;7;3330;33,3x100;RLV.LIN;GRIS;https://www.pamesa.com/ERP/4.0/empresas/151/045/imagenes/t00010602/0316270032837.jpg
31;627;33;14678;0316270032839;SI;PAS.BCA RECTIF;33,3x100 RLV.LIN MARFIL;A;SI;SI;0.0000;WHT09;PAMESA;PAMESA;T/48/06;8429991154592;;8429991773311;M2;6;2.00;48;96.00;25.00;1,222.00;123.00;103.00;80.50;4;7.00;23/06/2025;PAMESA;PAMESA;REVESTIMIENTO PASTA BLANCA;0316270032839;;WHITE BODY;LIN;BASICO;;REVESTIMIENTO;BASE;BASE;MATE RECTIFICADO;VARIACION LEVE;;SI;;;;SIN CLASE;;;GRUPO BIII;GL Esmaltado;;;NO;;600-900 N - 15-25 N/mm2;1;031.627.0033.14678;30X60(T)C;CATLOGO PAMESA;;;33,3;100;7;3330;33,3x100;RLV.LIN;MARFIL;https://www.pamesa.com/ERP/4.0/empresas/151/045/imagenes/t00010602/0316270032839.jpg
31;412;344;13282;0314120019423;SI;PAS.BCA RECTIF;40x120 MIDWAY ASH;A;SI;SI;27.2500;WHT14;PAMESA;PAMESA;F/20/03 AG;8429991857707;;8429991773311;M2;3;1.44;20;28.80;27.50;570.00;120.00;80.00;55.00;;10.80;06/10/2023;PAMESA;PAMESA;REVESTIMIENTO PASTA BLANCA;0314120019423;;WHITE BODY;MIDWAY PASTA BLANCA;CEMENTO;;REVESTIMIENTO;BASE;BASE;MATE RECTIFICADO;VARIACION LEVE;;NO;NO;;;SIN CLASE;;;GRUPO BIII;GL Esmaltado;;;NO;;600-900 N - 15-25 N/mm2;1;031.412.0344.13282;60X60(T)C;CATLOGO PAMESA;;;40;120;10,8;4800;40x120;MIDWAY;ASH;https://www.pamesa.com/ERP/4.0/empresas/151/045/imagenes/t00010602/0314120019423.jpg
31;412;7;13282;0314120021930;SI;PAS.BCA RECTIF;40x120 MIDWAY BEIGE;A;SI;SI;27.2500;WHT14;PAMESA;PAMESA;F/20/03 AG;8429991886936;;8429991773311;M2;3;1.44;20;28.80;27.50;570.00;120.00;80.00;55.00;;10.80;20/02/2024;PAMESA;PAMESA;REVESTIMIENTO PASTA BLANCA;0314120021930;;WHITE BODY;MIDWAY PASTA BLANCA;CEMENTO;;REVESTIMIENTO;BASE;BASE;MATE RECTIFICADO;VARIACION LEVE;;NO;NO;;;SIN CLASE;;;GRUPO BIII;GL Esmaltado;;;NO;;600-900 N - 15-25 N/mm2;1;031.412.0007.13282;60X60(T)C;CATLOGO PAMESA;;;40;120;10,8;4800;40x120;MIDWAY;BEIGE;https://www.pamesa.com/ERP/4.0/empresas/151/045/imagenes/t00010602/0314120021930.jpg
31;412;413;13282;0314120019425;SI;PAS.BCA RECTIF;40x120 MIDWAY BONE;A;SI;SI;27.2500;WHT14;PAMESA;PAMESA;F/20/03 AG;8429991857691;;8429991773311;M2;3;1.44;20;28.80;27.50;570.00;120.00;80.00;55.00;;10.80;06/10/2023;PAMESA;PAMESA;REVESTIMIENTO PASTA BLANCA;0314120019425;;WHITE BODY;MIDWAY PASTA BLANCA;CEMENTO;;REVESTIMIENTO;BASE;BASE;MATE RECTIFICADO;VARIACION LEVE;;NO;NO;;;SIN CLASE;;;GRUPO BIII;GL Esmaltado;;;NO;;600-900 N - 15-25 N/mm2;1;031.412.0413.13282;60X60(T)C;CATLOGO PAMESA;;;40;120;10,8;4800;40x120;MIDWAY;BONE;https://www.pamesa.com/ERP/4.0/empresas/151/045/imagenes/t00010602/0314120019425.jpg
31;412;344;13889;0314120021456;SI;PAS.BCA RECTIF;40x120 RLV.MIDWAY ASH;A;SI;SI;27.2500;WHT13;PAMESA;PAMESA;F/20/03 AG;8429991858766;;8429991773311;M2;3;1.44;20;28.80;27.50;570.00;120.00;80.00;55.00;;10.80;17/10/2023;PAMESA;PAMESA;REVESTIMIENTO PASTA BLANCA;0314120021456;;WHITE BODY;MIDWAY PASTA BLANCA;CEMENTO;;REVESTIMIENTO;DECORADO;RLV DECORADO;MATE RECTIFICADO;VARIACION LEVE;;SI;NO;;;SIN CLASE;;;GRUPO BIII;GL Esmaltado;;;NO;;600-900 N - 15-25 N/mm2;1;031.412.0344.13889;60X60(T)C;CATLOGO PAMESA;;;40;120;10,8;4800;40x120;RLV.MIDWAY;ASH;https://www.pamesa.com/ERP/4.0/empresas/151/045/imagenes/t00010602/0314120021456.jpg
31;412;7;13889;0314120022364;SI;PAS.BCA RECTIF;40x120 RLV.MIDWAY BEIGE;A;SI;SI;27.2500;WHT13;PAMESA;PAMESA;F/20/03 AG;8429991886943;;8429991773311;M2;3;1.44;20;28.80;27.50;570.00;120.00;80.00;55.00;;10.80;20/02/2024;PAMESA;PAMESA;REVESTIMIENTO PASTA BLANCA;0314120022364;;WHITE BODY;MIDWAY PASTA BLANCA;CEMENTO;;REVESTIMIENTO;DECORADO;RLV DECORADO;MATE RECTIFICADO;VARIACION LEVE;;SI;NO;;;SIN CLASE;;;GRUPO BIII;GL Esmaltado;;;NO;;600-900 N - 15-25 N/mm2;1;031.412.0007.13889;60X60(T)C;CATLOGO PAMESA;;;40;120;10,8;4800;40x120;RLV.MIDWAY;BEIGE;https://www.pamesa.com/ERP/4.0/empresas/151/045/imagenes/t00010602/0314120022364.jpg
31;412;413;13889;0314120021454;SI;PAS.BCA RECTIF;40x120 RLV.MIDWAY BONE;A;SI;SI;27.2500;WHT13;PAMESA;PAMESA;F/20/03 AG;8429991858759;;8429991773311;M2;3;1.44;20;28.80;27.50;570.00;120.00;80.00;55.00;;10.80;17/10/2023;PAMESA;PAMESA;REVESTIMIENTO PASTA BLANCA;0314120021454;;WHITE BODY;MIDWAY PASTA BLANCA;CEMENTO;;REVESTIMIENTO;DECORADO;RLV DECORADO;MATE RECTIFICADO;VARIACION LEVE;;SI;NO;;;SIN CLASE;;;GRUPO BIII;GL Esmaltado;;;NO;;600-900 N - 15-25 N/mm2;1;031.412.0413.13889;60X60(T)C;CATLOGO PAMESA;;;40;120;10,8;4800;40x120;RLV.MIDWAY;BONE;https://www.pamesa.com/ERP/4.0/empresas/151/045/imagenes/t00010602/0314120021454.jpg
31;872;344;13282;0318720019423;SI;PAS.BCA RECTIF;30x90 MIDWAY ASH;A;SI;SI;23.5000;WHT12;PAMESA;PAMESA;09/63/05;8429991881825;;8429991773311;M2;5;1.35;63;85.05;20.22;1,298.86;112.00;95.00;104.00;;8.70;31/01/2024;PAMESA;PAMESA;REVESTIMIENTO PASTA BLANCA;0318720019423;;WHITE BODY;MIDWAY PASTA BLANCA;CEMENTO;;REVESTIMIENTO;BASE;BASE;MATE RECTIFICADO;VARIACION LEVE;;SI;NO;;;SIN CLASE;;;GRUPO BIII;GL Esmaltado;;;NO;;600-900 N - 15-25 N/mm2;1;031.872.0344.13282;30X60(T)C;CATLOGO PAMESA;;;30;90;8,7;2700;30x90;MIDWAY;ASH;https://www.pamesa.com/ERP/4.0/empresas/151/045/imagenes/t00010602/0318720019423.jpg
31;872;7;13282;0318720021930;SI;PAS.BCA RECTIF;30x90 MIDWAY BEIGE;A;SI;SI;23.5000;WHT12;PAMESA;PAMESA;09/63/05;8429991881832;;8429991773311;M2;5;1.35;63;85.05;20.22;1,298.86;112.00;95.00;104.00;;8.70;31/01/2024;PAMESA;PAMESA;REVESTIMIENTO PASTA BLANCA;0318720021930;;WHITE BODY;MIDWAY PASTA BLANCA;CEMENTO;;REVESTIMIENTO;BASE;BASE;MATE RECTIFICADO;VARIACION LEVE;;SI;NO;;;SIN CLASE;;;GRUPO BIII;GL Esmaltado;;;NO;;600-900 N - 15-25 N/mm2;1;031.872.0007.13282;120X120(T);CATLOGO PAMESA;;;30;90;8,7;2700;30x90;MIDWAY;BEIGE;https://www.pamesa.com/ERP/4.0/empresas/151/045/imagenes/t00010602/0318720021930.jpg
31;872;413;13282;0318720019425;SI;PAS.BCA RECTIF;30x90 MIDWAY BONE;A;SI;SI;23.5000;WHT12;PAMESA;PAMESA;09/63/05;8429991881849;;8429991773311;M2;5;1.35;63;85.05;20.22;1,298.86;112.00;95.00;104.00;;8.70;31/01/2024;PAMESA;PAMESA;REVESTIMIENTO PASTA BLANCA;0318720019425;;WHITE BODY;MIDWAY PASTA BLANCA;CEMENTO;;REVESTIMIENTO;BASE;BASE;MATE RECTIFICADO;VARIACION LEVE;;SI;NO;;;SIN CLASE;;;GRUPO BIII;GL Esmaltado;;;NO;;600-900 N - 15-25 N/mm2;1;031.872.0413.13282;120X120(T);CATLOGO PAMESA;;;30;90;8,7;2700;30x90;MIDWAY;BONE;https://www.pamesa.com/ERP/4.0/empresas/151/045/imagenes/t00010602/0318720019425.jpg
31;872;344;13889;0318720021456;SI;PAS.BCA RECTIF;30x90 RLV.MIDWAY ASH;A;SI;SI;23.5000;WHT11;PAMESA;PAMESA;09/63/05;8429991881856;;8429991773311;M2;5;1.35;63;85.05;20.22;1,298.86;112.00;95.00;104.00;;8.70;31/01/2024;PAMESA;PAMESA;REVESTIMIENTO PASTA BLANCA;0318720021456;;WHITE BODY;MIDWAY PASTA BLANCA;CEMENTO;;REVESTIMIENTO;DECORADO;RLV DECORADO;MATE RECTIFICADO;VARIACION LEVE;;SI;NO;;;SIN CLASE;;;GRUPO BIII;GL Esmaltado;;;NO;;600-900 N - 15-25 N/mm2;1;031.872.0344.13889;30X60(T)C;CATLOGO PAMESA;;;30;90;8,7;2700;30x90;RLV.MIDWAY;ASH;https://www.pamesa.com/ERP/4.0/empresas/151/045/imagenes/t00010602/0318720021456.jpg
31;872;7;13889;0318720022364;SI;PAS.BCA RECTIF;30x90 RLV.MIDWAY BEIGE;A;SI;SI;23.5000;WHT11;PAMESA;PAMESA;09/63/05;8429991881863;;8429991773311;M2;5;1.35;63;85.05;20.22;1,298.86;112.00;95.00;104.00;;8.70;31/01/2024;PAMESA;PAMESA;REVESTIMIENTO PASTA BLANCA;0318720022364;;WHITE BODY;MIDWAY PASTA BLANCA;CEMENTO;;REVESTIMIENTO;DECORADO;RLV DECORADO;MATE RECTIFICADO;VARIACION LEVE;;SI;NO;;;SIN CLASE;;;GRUPO BIII;GL Esmaltado;;;NO;;600-900 N - 15-25 N/mm2;1;031.872.0007.13889;120X120(T);CATLOGO PAMESA;;;30;90;8,7;2700;30x90;RLV.MIDWAY;BEIGE;https://www.pamesa.com/ERP/4.0/empresas/151/045/imagenes/t00010602/0318720022364.jpg
31;872;413;13889;0318720021454;SI;PAS.BCA RECTIF;30x90 RLV.MIDWAY BONE;A;SI;SI;23.5000;WHT11;PAMESA;PAMESA;09/63/05;8429991881870;;8429991773311;M2;5;1.35;63;85.05;20.22;1,298.86;112.00;95.00;104.00;;8.70;31/01/2024;PAMESA;PAMESA;REVESTIMIENTO PASTA BLANCA;0318720021454;;WHITE BODY;MIDWAY PASTA BLANCA;CEMENTO;;REVESTIMIENTO;DECORADO;RLV DECORADO;MATE RECTIFICADO;VARIACION LEVE;;SI;NO;;;SIN CLASE;;;GRUPO BIII;GL Esmaltado;;;NO;;600-900 N - 15-25 N/mm2;1;031.872.0413.13889;120X120(T);CATLOGO PAMESA;;;30;90;8,7;2700;30x90;RLV.MIDWAY;BONE;https://www.pamesa.com/ERP/4.0/empresas/151/045/imagenes/t00010602/0318720021454.jpg
27;821;63;4106;0278210634106;SI;PASTA BLANCA;36x80 RLV.MUREN BCO.BRILLO;A;SI;SI;18.2500;WHT07;PAMESA;PAMESA;A/54/04;8429991294342;;8429991773281;M2;4;1.15;54;62.10;20.00;1,100.00;126.00;84.00;86.00;4;9.50;17/01/2017;ATRIUM;SERIE ATRIUM;REVESTIMIENTO PASTA BLANCA;0278210634106;;WHITE BODY;MUREN;PIEDRA;;REVESTIMIENTO;BASE;BASE;MATE RECTIFICADO;ASPECTO UNIFORME;;SI;;;;SIN CLASE;;;GRUPO BIII;GL Esmaltado;;;NO;;600-900 N - 15-25 N/mm2;3;027.821.0063.04106;120X120(T);CATLOGO PAMESA;;;36;80;9,5;2880;36x80;RLV.MUREN;BCO.BRILLO;https://www.pamesa.com/ERP/4.0/empresas/151/045/imagenes/t00010602/0278210634106.jpg
27;821;174;4106;0278211744106;SI;PASTA BLANCA;36x80 RLV.MUREN BCO.MATE;A;SI;SI;18.2500;WHT07;PAMESA;PAMESA;A/54/04;8429991294380;;8429991773281;M2;4;1.15;54;62.10;20.00;1,100.00;126.00;84.00;86.00;4;9.50;17/01/2017;ATRIUM;SERIE ATRIUM;REVESTIMIENTO PASTA BLANCA;0278211744106;;WHITE BODY;MUREN;PIEDRA;;REVESTIMIENTO;BASE;BASE;MATE RECTIFICADO;ASPECTO UNIFORME;;SI;;;;SIN CLASE;;;GRUPO BIII;GL Esmaltado;;;NO;;600-900 N - 15-25 N/mm2;3;027.821.0174.04106;120X120(T);CATLOGO PAMESA;;;36;80;9,5;2880;36x80;RLV.MUREN;BCO.MATE;https://www.pamesa.com/ERP/4.0/empresas/151/045/imagenes/t00010602/0278211744106.jpg
27;422;169;16180;0274220042690;NO;PASTA BLANCA;30x60 MYST PEARL;A;SI;SI;0.0000;WHT20;PAMESA;PAMESA;F/48/10 PB;8429991198022;;8429991773281;M2;10;1.80;48;86.40;25.00;1,220.00;120.00;80.00;;;8.00;20/11/2025;PAMESA;PAMESA;REVESTIMIENTO PASTA BLANCA;0274220042690;;WHITE BODY;MYST;PIEDRA;;REVESTIMIENTO;BASE;BASE;MATE;VARIACION LEVE;;;;;;;;;GRUPO BIII;GL Esmaltado;;;NO;;600-900 N - 15-25 N/mm2;1;027.422.0169.16180;60X60(T)C;CATLOGO PAMESA;;;30;60;8;1800;30x60;MYST;PEARL;https://www.pamesa.com/ERP/4.0/empresas/151/045/imagenes/t00010602/0274220042690.jpg
27;422;119;16180;0274220042691;NO;PASTA BLANCA;30x60 MYST SAND;A;SI;SI;0.0000;WHT20;PAMESA;PAMESA;F/48/10 PB;8429991198039;;8429991773281;M2;10;1.80;48;86.40;25.00;1,220.00;120.00;80.00;;;8.00;20/11/2025;PAMESA;PAMESA;REVESTIMIENTO PASTA BLANCA;0274220042691;;WHITE BODY;MYST;PIEDRA;;REVESTIMIENTO;BASE;BASE;MATE;VARIACION LEVE;;;;;;;;;GRUPO BIII;GL Esmaltado;;;NO;;600-900 N - 15-25 N/mm2;1;027.422.0119.16180;60X60(T)C;CATLOGO PAMESA;;;30;60;8;1800;30x60;MYST;SAND;https://www.pamesa.com/ERP/4.0/empresas/151/045/imagenes/t00010602/0274220042691.jpg
27;422;108;16180;0274220042689;NO;PASTA BLANCA;30x60 MYST WHITE;A;SI;SI;0.0000;WHT20;PAMESA;PAMESA;F/48/10 PB;8429991198015;;8429991773281;M2;10;1.80;48;86.40;25.00;1,220.00;120.00;80.00;;;8.00;20/11/2025;PAMESA;PAMESA;REVESTIMIENTO PASTA BLANCA;0274220042689;;WHITE BODY;MYST;PIEDRA;;REVESTIMIENTO;BASE;BASE;MATE;VARIACION LEVE;;;;;;;;;GRUPO BIII;GL Esmaltado;;;NO;;600-900 N - 15-25 N/mm2;1;027.422.0108.16180;60X60(T)C;CATLOGO PAMESA;;;30;60;8;1800;30x60;MYST;WHITE;https://www.pamesa.com/ERP/4.0/empresas/151/045/imagenes/t00010602/0274220042689.jpg
27;422;169;16181;0274220042693;NO;PASTA BLANCA;30x60 RLV.MYST PEARL;A;SI;SI;0.0000;WHT21;PAMESA;PAMESA;F/48/10 PB;8429991198053;;8429991773281;M2;10;1.80;48;86.40;25.00;1,220.00;120.00;80.00;;;8.00;20/11/2025;PAMESA;PAMESA;REVESTIMIENTO PASTA BLANCA;0274220042693;;WHITE BODY;MYST;PIEDRA;;REVESTIMIENTO;BASE;RLV DECORADO;MATE;VARIACION LEVE;;;;;;;;;GRUPO BIII;GL Esmaltado;;;NO;;600-900 N - 15-25 N/mm2;1;027.422.0169.16181;60X60(T)C;CATLOGO PAMESA;;;30;60;8;1800;30x60;RLV.MYST;PEARL;https://www.pamesa.com/ERP/4.0/empresas/151/045/imagenes/t00010602/0274220042693.jpg
27;422;119;16181;0274220042695;NO;PASTA BLANCA;30x60 RLV.MYST SAND;A;SI;SI;0.0000;WHT21;PAMESA;PAMESA;F/48/10 PB;8429991198060;;8429991773281;M2;10;1.80;48;86.40;25.00;1,220.00;120.00;80.00;;;8.00;20/11/2025;PAMESA;PAMESA;REVESTIMIENTO PASTA BLANCA;0274220042695;;WHITE BODY;MYST;PIEDRA;;REVESTIMIENTO;BASE;RLV DECORADO;MATE;VARIACION LEVE;;;;;;;;;GRUPO BIII;GL Esmaltado;;;NO;;600-900 N - 15-25 N/mm2;1;027.422.0119.16181;60X60(T)C;CATLOGO PAMESA;;;30;60;8;1800;30x60;RLV.MYST;SAND;https://www.pamesa.com/ERP/4.0/empresas/151/045/imagenes/t00010602/0274220042695.jpg
27;422;108;16181;0274220042692;NO;PASTA BLANCA;30x60 RLV.MYST WHITE;A;SI;SI;0.0000;WHT21;PAMESA;PAMESA;F/48/10 PB;8429991198046;;8429991773281;M2;10;1.80;48;86.40;25.00;1,220.00;120.00;80.00;;;8.00;20/11/2025;PAMESA;PAMESA;REVESTIMIENTO PASTA BLANCA;0274220042692;;WHITE BODY;MYST;PIEDRA;;REVESTIMIENTO;BASE;RLV DECORADO;MATE;VARIACION LEVE;;;;;;;;;GRUPO BIII;GL Esmaltado;;;NO;;600-900 N - 15-25 N/mm2;1;027.422.0108.16181;60X60(T)C;CATLOGO PAMESA;;;30;60;8;1800;30x60;RLV.MYST;WHITE;https://www.pamesa.com/ERP/4.0/empresas/151/045/imagenes/t00010602/0274220042692.jpg
31;872;7;9146;0318720079146;SI;PAS.BCA RECTIF;30x90 DEC.ODEON BEIGE;A;SI;SI;23.5000;WHT11;PAMESA;PAMESA;09/63/05;8429991612078;;8429991773311;M2;5;1.35;63;85.05;20.22;1,298.86;112.00;95.00;104.00;;8.70;22/01/2021;PAMESA;PAMESA;REVESTIMIENTO PASTA BLANCA;0318720079146;;WHITE BODY;ODEON PASTA BLANCA;PIEDRA;;REVESTIMIENTO;DECORADO;DECORADO;MATE RECTIFICADO;VARIACION MODERADA;;NO;;;;SIN CLASE;;;GRUPO BIII;GL Esmaltado;;;NO;;600-900 N - 15-25 N/mm2;1;031.872.0007.09146;120X120(T);CATLOGO PAMESA;;;30;90;8,7;2700;30x90;DEC.ODEON;BEIGE;https://www.pamesa.com/ERP/4.0/empresas/151/045/imagenes/t00010602/0318720079146.jpg
31;872;2;9146;0318720029146;SI;PAS.BCA RECTIF;30x90 DEC.ODEON GRIS;A;SI;SI;23.5000;WHT11;PAMESA;PAMESA;09/63/05;8429991612085;;8429991773311;M2;5;1.35;63;85.05;20.22;1,298.86;112.00;95.00;104.00;;8.70;22/01/2021;PAMESA;PAMESA;REVESTIMIENTO PASTA BLANCA;0318720029146;;WHITE BODY;ODEON PASTA BLANCA;PIEDRA;;REVESTIMIENTO;DECORADO;DECORADO;MATE RECTIFICADO;VARIACION MODERADA;;NO;;;;SIN CLASE;;;GRUPO BIII;GL Esmaltado;;;NO;;600-900 N - 15-25 N/mm2;1;031.872.0002.09146;120X120(T);CATLOGO PAMESA;;;30;90;8,7;2700;30x90;DEC.ODEON;GRIS;https://www.pamesa.com/ERP/4.0/empresas/151/045/imagenes/t00010602/0318720029146.jpg
31;872;12;9132;0318720129132;SI;PAS.BCA RECTIF;30x90 ODEON BLANCO;A;SI;SI;23.5000;WHT12;PAMESA;PAMESA;09/63/05;8429991612122;;8429991773311;M2;5;1.35;63;85.05;20.22;1,298.86;112.00;95.00;104.00;;8.70;22/01/2021;PAMESA;PAMESA;REVESTIMIENTO PASTA BLANCA;0318720129132;;WHITE BODY;ODEON PASTA BLANCA;PIEDRA;;REVESTIMIENTO;BASE;BASE;MATE RECTIFICADO;VARIACION MODERADA;;NO;;;;SIN CLASE;;;GRUPO BIII;GL Esmaltado;;;NO;;600-900 N - 15-25 N/mm2;1;031.872.0012.09132;60X120(T)C;CATLOGO PAMESA;;;30;90;8,7;2700;30x90;ODEON;BLANCO;https://www.pamesa.com/ERP/4.0/empresas/151/045/imagenes/t00010602/0318720129132.jpg
31;872;33;9132;0318720339132;SI;PAS.BCA RECTIF;30x90 ODEON MARFIL;A;SI;SI;23.5000;WHT12;PAMESA;PAMESA;09/63/05;8429991612139;;8429991773311;M2;5;1.35;63;85.05;20.22;1,298.86;112.00;95.00;104.00;;8.70;22/01/2021;PAMESA;PAMESA;REVESTIMIENTO PASTA BLANCA;0318720339132;;WHITE BODY;ODEON PASTA BLANCA;PIEDRA;;REVESTIMIENTO;BASE;BASE;MATE RECTIFICADO;VARIACION MODERADA;;NO;;;;SIN CLASE;;;GRUPO BIII;GL Esmaltado;;;NO;;600-900 N - 15-25 N/mm2;1;031.872.0033.09132;60X60(T)C;CATLOGO PAMESA;;;30;90;8,7;2700;30x90;ODEON;MARFIL;https://www.pamesa.com/ERP/4.0/empresas/151/045/imagenes/t00010602/0318720339132.jpg
31;872;12;9140;0318720129140;SI;PAS.BCA RECTIF;30x90 RLV.ODEON BLANCO;A;SI;SI;23.5000;WHT11;PAMESA;PAMESA;09/63/05;8429991612115;;8429991773311;M2;5;1.35;63;85.05;20.22;1,298.86;112.00;95.00;104.00;;8.70;22/01/2021;PAMESA;PAMESA;REVESTIMIENTO PASTA BLANCA;0318720129140;;WHITE BODY;ODEON PASTA BLANCA;PIEDRA;;REVESTIMIENTO;DECORADO;RLV DECORADO;MATE RECTIFICADO;VARIACION MODERADA;;SI;;;;SIN CLASE;;;GRUPO BIII;GL Esmaltado;;;NO;;600-900 N - 15-25 N/mm2;1;031.872.0012.09140;60X120(T)C;CATLOGO PAMESA;;;30;90;8,7;2700;30x90;RLV.ODEON;BLANCO;https://www.pamesa.com/ERP/4.0/empresas/151/045/imagenes/t00010602/0318720129140.jpg
31;872;33;9140;0318720339140;SI;PAS.BCA RECTIF;30x90 RLV.ODEON MARFIL;A;SI;SI;23.5000;WHT11;PAMESA;PAMESA;09/63/05;8429991612108;;8429991773311;M2;5;1.35;63;85.05;20.22;1,298.86;112.00;95.00;104.00;;8.70;22/01/2021;PAMESA;PAMESA;REVESTIMIENTO PASTA BLANCA;0318720339140;;WHITE BODY;ODEON PASTA BLANCA;PIEDRA;;REVESTIMIENTO;DECORADO;RLV DECORADO;MATE RECTIFICADO;VARIACION MODERADA;;SI;;;;SIN CLASE;;;GRUPO BIII;GL Esmaltado;;;NO;;600-900 N - 15-25 N/mm2;1;031.872.0033.09140;60X60(T)C;CATLOGO PAMESA;;;30;90;8,7;2700;30x90;RLV.ODEON;MARFIL;https://www.pamesa.com/ERP/4.0/empresas/151/045/imagenes/t00010602/0318720339140.jpg
31;872;12;14579;0318720023325;SI;PAS.BCA RECTIF;30x90 PORTLANDSTONE BLANCO;A;SI;SI;0.0000;WHT12;PAMESA;PAMESA;09/63/05;8429991992545;;8429991773311;M2;5;1.35;63;85.05;20.22;1,298.86;112.00;95.00;104.00;;8.70;20/01/2025;PAMESA;PAMESA;REVESTIMIENTO PASTA BLANCA;0318720023325;;WHITE BODY;PORTLANDSTONE PASTA BLANCA;PIEDRA;;REVESTIMIENTO;BASE;BASE;MATE RECTIFICADO;VARIACION LEVE;;SI;;;;SIN CLASE;;;GRUPO BIII;GL Esmaltado;;;NO;;600-900 N - 15-25 N/mm2;1;031.872.0012.14579;60X120(T)C;CATLOGO PAMESA;;;30;90;8,7;2700;30x90;PORTLANDSTONE;BLANCO;https://www.pamesa.com/ERP/4.0/empresas/151/045/imagenes/t00010602/0318720023325.jpg
31;872;2;14579;0318720023332;SI;PAS.BCA RECTIF;30x90 PORTLANDSTONE GRIS;A;SI;SI;0.0000;WHT12;PAMESA;PAMESA;09/63/05;8429991992538;;8429991773311;M2;5;1.35;63;85.05;20.22;1,298.86;112.00;95.00;104.00;;8.70;20/01/2025;PAMESA;PAMESA;REVESTIMIENTO PASTA BLANCA;0318720023332;;WHITE BODY;PORTLANDSTONE PASTA BLANCA;PIEDRA;;REVESTIMIENTO;BASE;BASE;MATE RECTIFICADO;VARIACION LEVE;;SI;;;;SIN CLASE;;;GRUPO BIII;GL Esmaltado;;;NO;;600-900 N - 15-25 N/mm2;1;031.872.0002.14579;120X120(T);CATLOGO PAMESA;;;30;90;8,7;2700;30x90;PORTLANDSTONE;GRIS;https://www.pamesa.com/ERP/4.0/empresas/151/045/imagenes/t00010602/0318720023332.jpg
31;872;33;14579;0318720023326;SI;PAS.BCA RECTIF;30x90 PORTLANDSTONE MARFIL;A;SI;SI;0.0000;WHT12;PAMESA;PAMESA;09/63/05;8429991992552;;8429991773311;M2;5;1.35;63;85.05;20.22;1,298.86;112.00;95.00;104.00;;8.70;20/01/2025;PAMESA;PAMESA;REVESTIMIENTO PASTA BLANCA;0318720023326;;WHITE BODY;PORTLANDSTONE PASTA BLANCA;PIEDRA;;REVESTIMIENTO;BASE;BASE;MATE RECTIFICADO;VARIACION LEVE;;SI;;;;SIN CLASE;;;GRUPO BIII;GL Esmaltado;;;NO;;600-900 N - 15-25 N/mm2;1;031.872.0033.14579;60X60(T)C;CATLOGO PAMESA;;;30;90;8,7;2700;30x90;PORTLANDSTONE;MARFIL;https://www.pamesa.com/ERP/4.0/empresas/151/045/imagenes/t00010602/0318720023326.jpg
31;872;285;14579;0318720023327;SI;PAS.BCA RECTIF;30x90 PORTLANDSTONE TAUPE;A;SI;SI;0.0000;WHT12;PAMESA;PAMESA;09/63/05;8429991992569;;8429991773311;M2;5;1.35;63;85.05;20.22;1,298.86;112.00;95.00;104.00;;8.70;20/01/2025;PAMESA;PAMESA;REVESTIMIENTO PASTA BLANCA;0318720023327;;WHITE BODY;PORTLANDSTONE PASTA BLANCA;PIEDRA;;REVESTIMIENTO;BASE;BASE;MATE RECTIFICADO;VARIACION LEVE;;SI;;;;SIN CLASE;;;GRUPO BIII;GL Esmaltado;;;NO;;600-900 N - 15-25 N/mm2;1;031.872.0285.14579;60X120(T)C;CATLOGO PAMESA;;;30;90;8,7;2700;30x90;PORTLANDSTONE;TAUPE;https://www.pamesa.com/ERP/4.0/empresas/151/045/imagenes/t00010602/0318720023327.jpg
31;872;12;15117;0318720025056;SI;PAS.BCA RECTIF;30x90 RLV.PORTLANDSTONE BLANCO;A;SI;SI;0.0000;WHT11;PAMESA;PAMESA;09/63/05;8429991992583;;8429991773311;M2;5;1.35;63;85.05;20.22;1,298.86;112.00;95.00;104.00;;8.70;20/01/2025;PAMESA;PAMESA;REVESTIMIENTO PASTA BLANCA;0318720025056;;WHITE BODY;PORTLANDSTONE PASTA BLANCA;PIEDRA;;REVESTIMIENTO;DECORADO;RLV DECORADO;MATE RECTIFICADO;VARIACION LEVE;;SI;;;;SIN CLASE;;;GRUPO BIII;GL Esmaltado;;;NO;;600-900 N - 15-25 N/mm2;1;031.872.0012.15117;60X120(T)C;CATLOGO PAMESA;;;30;90;8,7;2700;30x90;RLV.PORTLANDSTONE;BLANCO;https://www.pamesa.com/ERP/4.0/empresas/151/045/imagenes/t00010602/0318720025056.jpg
31;872;2;15117;0318720025054;SI;PAS.BCA RECTIF;30x90 RLV.PORTLANDSTONE GRIS;A;SI;SI;0.0000;WHT11;PAMESA;PAMESA;09/63/05;8429991992576;;8429991773311;M2;5;1.35;63;85.05;20.22;1,298.86;112.00;95.00;104.00;;8.70;20/01/2025;PAMESA;PAMESA;REVESTIMIENTO PASTA BLANCA;0318720025054;;WHITE BODY;PORTLANDSTONE PASTA BLANCA;PIEDRA;;REVESTIMIENTO;BASE;BASE;MATE RECTIFICADO;VARIACION LEVE;;SI;;;;SIN CLASE;;;GRUPO BIII;GL Esmaltado;;;NO;;600-900 N - 15-25 N/mm2;1;031.872.0002.15117;120X120(T);CATLOGO PAMESA;;;30;90;8,7;2700;30x90;RLV.PORTLANDSTONE;GRIS;https://www.pamesa.com/ERP/4.0/empresas/151/045/imagenes/t00010602/0318720025054.jpg
31;872;33;15117;0318720025055;SI;PAS.BCA RECTIF;30x90 RLV.PORTLANDSTONE MARFIL;A;SI;SI;0.0000;WHT11;PAMESA;PAMESA;09/63/05;8429991992590;;8429991773311;M2;5;1.35;63;85.05;20.22;1,298.86;112.00;95.00;104.00;;8.70;20/01/2025;PAMESA;PAMESA;REVESTIMIENTO PASTA BLANCA;0318720025055;;WHITE BODY;PORTLANDSTONE PASTA BLANCA;PIEDRA;;REVESTIMIENTO;DECORADO;RLV DECORADO;MATE RECTIFICADO;VARIACION LEVE;;SI;;;;SIN CLASE;;;GRUPO BIII;GL Esmaltado;;;NO;;600-900 N - 15-25 N/mm2;1;031.872.0033.15117;30X60(T)C;CATLOGO PAMESA;;;30;90;8,7;2700;30x90;RLV.PORTLANDSTONE;MARFIL;https://www.pamesa.com/ERP/4.0/empresas/151/045/imagenes/t00010602/0318720025055.jpg
31;872;285;15117;0318720025057;SI;PAS.BCA RECTIF;30x90 RLV.PORTLANDSTONE TAUPE;A;SI;SI;0.0000;WHT11;PAMESA;PAMESA;09/63/05;8429991992606;;8429991773311;M2;5;1.35;63;85.05;20.22;1,298.86;112.00;95.00;104.00;;8.70;20/01/2025;PAMESA;PAMESA;REVESTIMIENTO PASTA BLANCA;0318720025057;;WHITE BODY;PORTLANDSTONE PASTA BLANCA;PIEDRA;;REVESTIMIENTO;DECORADO;RLV DECORADO;MATE RECTIFICADO;VARIACION LEVE;;SI;;;;SIN CLASE;;;GRUPO BIII;GL Esmaltado;;;NO;;600-900 N - 15-25 N/mm2;1;031.872.0285.15117;60X120(T)C;CATLOGO PAMESA;;;30;90;8,7;2700;30x90;RLV.PORTLANDSTONE;TAUPE;https://www.pamesa.com/ERP/4.0/empresas/151/045/imagenes/t00010602/0318720025057.jpg
31;872;17;9212;0318720179212;SI;PAS.BCA RECTIF;30x90 ONDAS REGAL ARENA;A;SI;SI;23.5000;WHT11;PAMESA;PAMESA;09/63/05;8429991616816;;8429991773311;M2;5;1.35;63;85.05;20.22;1,298.86;112.00;95.00;104.00;;8.70;11/02/2021;PAMESA;PAMESA;REVESTIMIENTO PASTA BLANCA;0318720179212;;WHITE BODY;REGAL;PIEDRA;;REVESTIMIENTO;BASE;BASE;MATE RECTIFICADO;VARIACION MODERADA;;SI;;;;SIN CLASE;;;GRUPO BIII;GL Esmaltado;;;NO;;600-900 N - 15-25 N/mm2;1;031.872.0017.09212;60X60(T)C;CATLOGO PAMESA;;;30;90;8,7;2700;30x90;ONDAS REGAL;ARENA;https://www.pamesa.com/ERP/4.0/empresas/151/045/imagenes/t00010602/0318720179212.jpg
31;872;37;9212;0318720379212;SI;PAS.BCA RECTIF;30x90 ONDAS REGAL PERLA;A;SI;SI;23.5000;WHT11;PAMESA;PAMESA;09/63/05;8429991616823;;8429991773311;M2;5;1.35;63;85.05;20.22;1,298.86;112.00;95.00;104.00;;8.70;11/02/2021;PAMESA;PAMESA;REVESTIMIENTO PASTA BLANCA;0318720379212;;WHITE BODY;REGAL;PIEDRA;;REVESTIMIENTO;BASE;BASE;MATE RECTIFICADO;VARIACION MODERADA;;SI;;;;SIN CLASE;;;GRUPO BIII;GL Esmaltado;;;NO;;600-900 N - 15-25 N/mm2;1;031.872.0037.09212;30X60(T)C;CATLOGO PAMESA;;;30;90;8,7;2700;30x90;ONDAS REGAL;PERLA;https://www.pamesa.com/ERP/4.0/empresas/151/045/imagenes/t00010602/0318720379212.jpg
31;872;17;2794;0318720172794;SI;PAS.BCA RECTIF;30x90 REGAL ARENA;A;SI;SI;23.5000;WHT12;PAMESA;PAMESA;09/63/05;8429991616762;;8429991773311;M2;5;1.35;63;85.05;20.22;1,298.86;112.00;95.00;104.00;;8.70;11/02/2021;PAMESA;PAMESA;REVESTIMIENTO PASTA BLANCA;0318720172794;;WHITE BODY;REGAL;PIEDRA;;REVESTIMIENTO;BASE;BASE;MATE RECTIFICADO;VARIACION MODERADA;;SI;;;;SIN CLASE;;;GRUPO BIII;GL Esmaltado;;;NO;;600-900 N - 15-25 N/mm2;1;031.872.0017.02794;60X60(T)C;CATLOGO PAMESA;;;30;90;8,7;2700;30x90;REGAL;ARENA;https://www.pamesa.com/ERP/4.0/empresas/151/045/imagenes/t00010602/0318720172794.jpg
31;872;37;2794;0318720372794;SI;PAS.BCA RECTIF;30x90 REGAL PERLA;A;SI;SI;23.5000;WHT12;PAMESA;PAMESA;09/63/05;8429991616755;;8429991773311;M2;5;1.35;63;85.05;20.22;1,298.86;112.00;95.00;104.00;;8.70;11/02/2021;PAMESA;PAMESA;REVESTIMIENTO PASTA BLANCA;0318720372794;;WHITE BODY;REGAL;PIEDRA;;REVESTIMIENTO;BASE;BASE;MATE RECTIFICADO;VARIACION MODERADA;;SI;;;;SIN CLASE;;;GRUPO BIII;GL Esmaltado;;;NO;;600-900 N - 15-25 N/mm2;1;031.872.0037.02794;30X60(T)C;CATLOGO PAMESA;;;30;90;8,7;2700;30x90;REGAL;PERLA;https://www.pamesa.com/ERP/4.0/empresas/151/045/imagenes/t00010602/0318720372794.jpg
31;872;17;9211;0318720179211;SI;PAS.BCA RECTIF;30x90 RLV.REGAL ARENA;A;SI;SI;23.5000;WHT11;PAMESA;PAMESA;09/63/05;8429991931506;;8429991773311;M2;5;1.35;63;85.05;20.22;1,298.86;112.00;95.00;104.00;;8.70;16/05/2024;PAMESA;PAMESA;REVESTIMIENTO PASTA BLANCA;0318720179211;;WHITE BODY;REGAL;PIEDRA;;REVESTIMIENTO;BASE;BASE;MATE RECTIFICADO;VARIACION MODERADA;;SI;;;;SIN CLASE;;;GRUPO BIII;GL Esmaltado;;;NO;;600-900 N - 15-25 N/mm2;1;031.872.0017.09211;60X60(T)C;CATLOGO PAMESA;;;30;90;8,7;2700;30x90;RLV.REGAL;ARENA;https://www.pamesa.com/ERP/4.0/empresas/151/045/imagenes/t00010602/0318720179211.jpg
31;872;37;9211;0318720379211;SI;PAS.BCA RECTIF;30x90 RLV.REGAL PERLA;A;SI;SI;23.5000;WHT11;PAMESA;PAMESA;09/63/05;8429991931513;;8429991773311;M2;5;1.35;63;85.05;20.22;1,298.86;112.00;95.00;104.00;;8.70;16/05/2024;PAMESA;PAMESA;REVESTIMIENTO PASTA BLANCA;0318720379211;;WHITE BODY;REGAL;PIEDRA;;REVESTIMIENTO;BASE;BASE;MATE RECTIFICADO;VARIACION MODERADA;;SI;;;;SIN CLASE;;;GRUPO BIII;GL Esmaltado;;;NO;;600-900 N - 15-25 N/mm2;1;031.872.0037.09211;30X60(T)C;CATLOGO PAMESA;;;30;90;8,7;2700;30x90;RLV.REGAL;PERLA;https://www.pamesa.com/ERP/4.0/empresas/151/045/imagenes/t00010602/0318720379211.jpg
31;872;266;11262;0318720013626;SI;PAS.BCA RECTIF;30x90 RLV.NERA ABETO;A;SI;SI;23.5000;WHT11;PAMESA;PAMESA;09/63/04;8429991709488;;8429991773311;M2;4;1.08;63;68.04;18.00;1,156.00;123.00;95.00;104.00;;10.50;07/02/2022;PAMESA;PAMESA;REVESTIMIENTO PASTA BLANCA;0318720013626;;WHITE BODY;RLV-NERA-PASTA-BLANCA;MADERA;;REVESTIMIENTO;DECORADO;RLV DECORADO;MATE RECTIFICADO;VARIACION LEVE;NO;SI;;;;SIN CLASE;;;GRUPO BIII;GL Esmaltado;;;NO;;600-900 N - 15-25 N/mm2;1;031.872.0266.11262;120X120(T);CATLOGO PAMESA;;;30;90;8,7;2700;30x90;RLV.NERA;ABETO;https://www.pamesa.com/ERP/4.0/empresas/151/045/imagenes/t00010602/0318720013626.jpg
31;872;36;11262;0318720013622;SI;PAS.BCA RECTIF;30x90 RLV.NERA ROBLE;A;SI;SI;23.5000;WHT11;PAMESA;PAMESA;09/63/04;8429991709471;;8429991773311;M2;4;1.08;63;68.04;18.00;1,156.00;123.00;95.00;104.00;;10.50;07/02/2022;PAMESA;PAMESA;REVESTIMIENTO PASTA BLANCA;0318720013622;;WHITE BODY;RLV-NERA-PASTA-BLANCA;MADERA;;REVESTIMIENTO;DECORADO;RLV DECORADO;MATE RECTIFICADO;VARIACION LEVE;NO;SI;;;;SIN CLASE;;;GRUPO BIII;GL Esmaltado;;;NO;;600-900 N - 15-25 N/mm2;1;031.872.0036.11262;30X60(T)C;CATLOGO PAMESA;;;30;90;8,7;2700;30x90;RLV.NERA;ROBLE;https://www.pamesa.com/ERP/4.0/empresas/151/045/imagenes/t00010602/0318720013622.jpg
31;872;296;14522;0318720023145;SI;PAS.BCA RECTIF;30x90 RLV.GHAT SNOW;A;SI;SI;23.5000;WHT11;PAMESA;PAMESA;09/63/05;8429991928339;;8429991773311;M2;5;1.35;63;85.05;20.22;1,298.86;112.00;95.00;104.00;;8.70;03/05/2024;PAMESA;PAMESA;REVESTIMIENTO PASTA BLANCA;0318720023145;;WHITE BODY;RLV.GHAT;BASICO;;REVESTIMIENTO;DECORADO;RLV DECORADO;MATE RECTIFICADO;ASPECTO UNIFORME;;SI;;;;SIN CLASE;;;GRUPO BIII;GL Esmaltado;;;NO;;600-900 N - 15-25 N/mm2;1;031.872.0296.14522;60X60(T)C;CATLOGO PAMESA;;;30;90;8,7;2700;30x90;RLV.GHAT;SNOW;https://www.pamesa.com/ERP/4.0/empresas/151/045/imagenes/t00010602/0318720023145.jpg
31;412;358;11428;0314120014017;SI;PAS.BCA RECTIF;40x120 RLV.ROVERE HONEY;A;SI;SI;27.2500;WHT13;PAMESA;PAMESA;F/20/03 AG;8429991721619;;8429991773311;M2;3;1.44;20;28.80;27.50;570.00;120.00;80.00;55.00;;10.80;24/03/2022;PAMESA;PAMESA;REVESTIMIENTO PASTA BLANCA;0314120014017;;WHITE BODY;RLV.ROVERE;MADERA;;REVESTIMIENTO;BASE;BASE;MATE RECTIFICADO;VARIACION MODERADA;;SI;;;;SIN CLASE;;;GRUPO BIII;GL Esmaltado;;;NO;;600-900 N - 15-25 N/mm2;1;031.412.0358.11428;60X60(T)C;CATLOGO PAMESA;;;40;120;10,8;4800;40x120;RLV.ROVERE;HONEY;https://www.pamesa.com/ERP/4.0/empresas/151/045/imagenes/t00010602/0314120014017.jpg
31;872;17;190;0318720170190;SI;PAS.BCA RECTIF;30x90 RLV.SILKSTONE ARENA;A;SI;SI;23.5000;WHT11;PAMESA;PAMESA;09/63/05;8429991492304;;8429991773311;M2;5;1.35;63;85.05;20.22;1,298.86;112.00;95.00;104.00;;8.70;10/01/2020;PAMESA;PAMESA;REVESTIMIENTO PASTA BLANCA;0318720170190;;WHITE BODY;SILKSTONE;PIEDRA;;REVESTIMIENTO;DECORADO;DECORADO;MATE RECTIFICADO;VARIACION MODERADA;;SI;;;;SIN CLASE;;;GRUPO BIII;GL Esmaltado;;;NO;;600-900 N - 15-25 N/mm2;1;031.872.0017.00190;60X60(T)C;CATLOGO PAMESA;;;30;90;8,7;2700;30x90;RLV.SILKSTONE;ARENA;https://www.pamesa.com/ERP/4.0/empresas/151/045/imagenes/t00010602/0318720170190.jpg
31;872;12;190;0318720120190;SI;PAS.BCA RECTIF;30x90 RLV.SILKSTONE BLANCO;A;SI;SI;23.5000;WHT11;PAMESA;PAMESA;09/63/05;8429991492298;;8429991773311;M2;5;1.35;63;85.05;20.22;1,298.86;112.00;95.00;104.00;;8.70;10/01/2020;PAMESA;PAMESA;REVESTIMIENTO PASTA BLANCA;0318720120190;;WHITE BODY;SILKSTONE;PIEDRA;;REVESTIMIENTO;DECORADO;DECORADO;MATE RECTIFICADO;VARIACION MODERADA;;SI;;;;SIN CLASE;;;GRUPO BIII;GL Esmaltado;;;NO;;600-900 N - 15-25 N/mm2;1;031.872.0012.00190;60X120(T)C;CATLOGO PAMESA;;;30;90;8,7;2700;30x90;RLV.SILKSTONE;BLANCO;https://www.pamesa.com/ERP/4.0/empresas/151/045/imagenes/t00010602/0318720120190.jpg
31;872;37;190;0318720370190;SI;PAS.BCA RECTIF;30x90 RLV.SILKSTONE PERLA;A;SI;SI;23.5000;WHT11;PAMESA;PAMESA;09/63/05;8429991492311;;8429991773311;M2;5;1.35;63;85.05;20.22;1,298.86;112.00;95.00;104.00;;8.70;10/01/2020;PAMESA;PAMESA;REVESTIMIENTO PASTA BLANCA;0318720370190;;WHITE BODY;SILKSTONE;PIEDRA;;REVESTIMIENTO;DECORADO;DECORADO;MATE RECTIFICADO;VARIACION MODERADA;;SI;;;;SIN CLASE;;;GRUPO BIII;GL Esmaltado;;;NO;;600-900 N - 15-25 N/mm2;1;031.872.0037.00190;30X60(T)C;CATLOGO PAMESA;;;30;90;8,7;2700;30x90;RLV.SILKSTONE;PERLA;https://www.pamesa.com/ERP/4.0/empresas/151/045/imagenes/t00010602/0318720370190.jpg
31;872;17;178;0318720170178;SI;PAS.BCA RECTIF;30x90 SILKSTONE ARENA;A;SI;SI;23.5000;WHT12;PAMESA;PAMESA;09/63/05;8429991492274;;8429991773311;M2;5;1.35;63;85.05;20.22;1,298.86;112.00;95.00;104.00;;8.70;10/01/2020;PAMESA;PAMESA;REVESTIMIENTO PASTA BLANCA;0318720170178;;WHITE BODY;SILKSTONE;PIEDRA;;REVESTIMIENTO;BASE;BASE;MATE RECTIFICADO;VARIACION MODERADA;;SI;;;;SIN CLASE;;;GRUPO BIII;GL Esmaltado;;;NO;;600-900 N - 15-25 N/mm2;1;031.872.0017.00178;60X120(T)C;CATLOGO PAMESA;;;30;90;8,7;2700;30x90;SILKSTONE;ARENA;https://www.pamesa.com/ERP/4.0/empresas/151/045/imagenes/t00010602/0318720170178.jpg
31;872;12;178;0318720120178;SI;PAS.BCA RECTIF;30x90 SILKSTONE BLANCO;A;SI;SI;23.5000;WHT12;PAMESA;PAMESA;09/63/05;8429991492267;;8429991773311;M2;5;1.35;63;85.05;20.22;1,298.86;112.00;95.00;104.00;;8.70;10/01/2020;PAMESA;PAMESA;REVESTIMIENTO PASTA BLANCA;0318720120178;;WHITE BODY;SILKSTONE;PIEDRA;;REVESTIMIENTO;BASE;BASE;MATE RECTIFICADO;VARIACION MODERADA;;SI;;;;SIN CLASE;;;GRUPO BIII;GL Esmaltado;;;NO;;600-900 N - 15-25 N/mm2;1;031.872.0012.00178;60X120(T)C;CATLOGO PAMESA;;;30;90;8,7;2700;30x90;SILKSTONE;BLANCO;https://www.pamesa.com/ERP/4.0/empresas/151/045/imagenes/t00010602/0318720120178.jpg
31;872;37;178;0318720370178;SI;PAS.BCA RECTIF;30x90 SILKSTONE PERLA;A;SI;SI;23.5000;WHT12;PAMESA;PAMESA;09/63/05;8429991492281;;8429991773311;M2;5;1.35;63;85.05;20.22;1,298.86;112.00;95.00;104.00;;8.70;10/01/2020;PAMESA;PAMESA;REVESTIMIENTO PASTA BLANCA;0318720370178;;WHITE BODY;SILKSTONE;PIEDRA;;REVESTIMIENTO;BASE;BASE;MATE RECTIFICADO;VARIACION MODERADA;;SI;;;;SIN CLASE;;;GRUPO BIII;GL Esmaltado;;;NO;;600-900 N - 15-25 N/mm2;1;031.872.0037.00178;30X60(T)C;CATLOGO PAMESA;;;30;90;8,7;2700;30x90;SILKSTONE;PERLA;https://www.pamesa.com/ERP/4.0/empresas/151/045/imagenes/t00010602/0318720370178.jpg
31;627;17;3834;0316270173834;SI;PAS.BCA RECTIF;33,3x100 RLV.SILS ARENA;A;SI;SI;23.5000;WHT09;PAMESA;PAMESA;T/48/06;8429991479763;;8429991773311;M2;6;2.00;48;96.00;25.00;1,222.00;123.00;103.00;80.50;4;7.00;29/11/2019;PAMESA;PAM-SLIM;REVESTIMIENTO PASTA BLANCA;0316270173834;;WHITE BODY;SILS;PIEDRA;;REVESTIMIENTO;DECORADO;DECORADO;MATE RECTIFICADO;VARIACION LEVE;NO;SI;;;;SIN CLASE;;;GRUPO BIII;GL Esmaltado;;;NO;;600-900 N - 15-25 N/mm2;1;031.627.0017.03834;30X60(T)C;CATLOGO PAMESA;;;33,3;100;7;3330;33,3x100;RLV.SILS;ARENA;https://www.pamesa.com/ERP/4.0/empresas/151/045/imagenes/t00010602/0316270173834.jpg
31;627;19;3834;0316270193834;SI;PAS.BCA RECTIF;33,3x100 RLV.SILS CENIZA;A;SI;SI;23.5000;WHT09;PAMESA;PAMESA;T/48/06;8429991479749;;8429991773311;M2;6;2.00;48;96.00;25.00;1,222.00;123.00;103.00;80.50;4;7.00;29/11/2019;PAMESA;PAM-SLIM;REVESTIMIENTO PASTA BLANCA;0316270193834;;WHITE BODY;SILS;PIEDRA;;REVESTIMIENTO;DECORADO;DECORADO;MATE RECTIFICADO;VARIACION LEVE;NO;SI;;;;SIN CLASE;;;GRUPO BIII;GL Esmaltado;;;NO;;600-900 N - 15-25 N/mm2;1;031.627.0019.03834;30X60(T)C;CATLOGO PAMESA;;;33,3;100;7;3330;33,3x100;RLV.SILS;CENIZA;https://www.pamesa.com/ERP/4.0/empresas/151/045/imagenes/t00010602/0316270193834.jpg
31;627;17;2568;0316270172568;SI;PAS.BCA RECTIF;33,3x100 SILS ARENA;A;SI;SI;23.5000;WHT10;PAMESA;PAMESA;T/48/06;8429991476281;;8429991773311;M2;6;2.00;48;96.00;25.00;1,222.00;123.00;103.00;80.50;4;7.00;15/11/2019;PAMESA;PAM-SLIM;REVESTIMIENTO PASTA BLANCA;0316270172568;;WHITE BODY;SILS;PIEDRA;;REVESTIMIENTO;BASE;BASE;MATE RECTIFICADO;VARIACION LEVE;NO;NO;;;;SIN CLASE;;;GRUPO BIII;GL Esmaltado;;;NO;;600-900 N - 15-25 N/mm2;1;031.627.0017.02568;30X60(T)C;CATLOGO PAMESA;;;33,3;100;7;3330;33,3x100;SILS;ARENA;https://www.pamesa.com/ERP/4.0/empresas/151/045/imagenes/t00010602/0316270172568.jpg
31;627;19;2568;0316270192568;SI;PAS.BCA RECTIF;33,3x100 SILS CENIZA;A;SI;SI;23.5000;WHT10;PAMESA;PAMESA;T/48/06;8429991476304;;8429991773311;M2;6;2.00;48;96.00;25.00;1,222.00;123.00;103.00;80.50;4;7.00;15/11/2019;PAMESA;PAM-SLIM;REVESTIMIENTO PASTA BLANCA;0316270192568;;WHITE BODY;SILS;PIEDRA;;REVESTIMIENTO;BASE;BASE;MATE RECTIFICADO;VARIACION LEVE;NO;NO;;;;SIN CLASE;;;GRUPO BIII;GL Esmaltado;;;NO;;600-900 N - 15-25 N/mm2;1;031.627.0019.02568;30X60(T)C;CATLOGO PAMESA;;;33,3;100;7;3330;33,3x100;SILS;CENIZA;https://www.pamesa.com/ERP/4.0/empresas/151/045/imagenes/t00010602/0316270192568.jpg
31;872;12;14697;0318720023731;SI;PAS.BCA RECTIF;30x90 RLV.SOSPIRO BLANCO;A;SI;SI;23.5000;WHT11;PAMESA;PAMESA;09/63/05;8429991943448;;8429991773311;M2;5;1.35;63;85.05;20.22;1,298.86;112.00;95.00;104.00;;8.70;18/06/2024;PAMESA;PAMESA;REVESTIMIENTO PASTA BLANCA;0318720023731;;WHITE BODY;SOSPIRO PASTA BLANCA;PIEDRA;;REVESTIMIENTO;BASE;RLV DECORADO;MATE RECTIFICADO;VARIACION LEVE;;SI;NO;;;SIN CLASE;;;GRUPO BIII;GL Esmaltado;;;NO;;600-900 N - 15-25 N/mm2;1;031.872.0012.14697;60X120(T)C;CATLOGO PAMESA;;;30;90;8,7;2700;30x90;RLV.SOSPIRO;BLANCO;https://www.pamesa.com/ERP/4.0/empresas/151/045/imagenes/t00010602/0318720023731.jpg
31;872;2;14697;0318720023734;SI;PAS.BCA RECTIF;30x90 RLV.SOSPIRO GRIS;A;SI;SI;23.5000;WHT11;PAMESA;PAMESA;09/63/05;8429991943462;;8429991773311;M2;5;1.35;63;85.05;20.22;1,298.86;112.00;95.00;104.00;;8.70;18/06/2024;PAMESA;PAMESA;REVESTIMIENTO PASTA BLANCA;0318720023734;;WHITE BODY;SOSPIRO PASTA BLANCA;PIEDRA;;REVESTIMIENTO;BASE;RLV DECORADO;MATE RECTIFICADO;VARIACION LEVE;;SI;NO;;;SIN CLASE;;;GRUPO BIII;GL Esmaltado;;;NO;;600-900 N - 15-25 N/mm2;1;031.872.0002.14697;120X120(T);CATLOGO PAMESA;;;30;90;8,7;2700;30x90;RLV.SOSPIRO;GRIS;https://www.pamesa.com/ERP/4.0/empresas/151/045/imagenes/t00010602/0318720023734.jpg
31;872;33;14697;0318720023732;SI;PAS.BCA RECTIF;30x90 RLV.SOSPIRO MARFIL;A;SI;SI;23.5000;WHT11;PAMESA;PAMESA;09/63/05;8429991943455;;8429991773311;M2;5;1.35;63;85.05;20.22;1,298.86;112.00;95.00;104.00;;8.70;18/06/2024;PAMESA;PAMESA;REVESTIMIENTO PASTA BLANCA;0318720023732;;WHITE BODY;SOSPIRO PASTA BLANCA;PIEDRA;;REVESTIMIENTO;BASE;RLV DECORADO;MATE RECTIFICADO;VARIACION LEVE;;SI;NO;;;SIN CLASE;;;GRUPO BIII;GL Esmaltado;;;NO;;600-900 N - 15-25 N/mm2;1;031.872.0033.14697;30X60(T)C;CATLOGO PAMESA;;;30;90;8,7;2700;30x90;RLV.SOSPIRO;MARFIL;https://www.pamesa.com/ERP/4.0/empresas/151/045/imagenes/t00010602/0318720023732.jpg
31;872;12;14684;0318720023663;SI;PAS.BCA RECTIF;30x90 SOSPIRO BLANCO;A;SI;SI;23.5000;WHT12;PAMESA;PAMESA;09/63/05;8429991942526;;8429991773311;M2;5;1.35;63;85.05;20.22;1,298.86;112.00;95.00;104.00;;8.70;14/06/2024;PAMESA;PAMESA;REVESTIMIENTO PASTA BLANCA;0318720023663;;WHITE BODY;SOSPIRO PASTA BLANCA;PIEDRA;;REVESTIMIENTO;BASE;BASE;MATE RECTIFICADO;VARIACION LEVE;;NO;NO;;;SIN CLASE;;;GRUPO BIII;GL Esmaltado;;;NO;;600-900 N - 15-25 N/mm2;1;031.872.0012.14684;60X120(T)C;CATLOGO PAMESA;;;30;90;8,7;2700;30x90;SOSPIRO;BLANCO;https://www.pamesa.com/ERP/4.0/empresas/151/045/imagenes/t00010602/0318720023663.jpg
31;872;2;14684;0318720023590;SI;PAS.BCA RECTIF;30x90 SOSPIRO GRIS;A;SI;SI;23.5000;WHT12;PAMESA;PAMESA;09/63/05;8429991942489;;8429991773311;M2;5;1.35;63;85.05;20.22;1,298.86;112.00;95.00;104.00;;8.70;14/06/2024;PAMESA;PAMESA;REVESTIMIENTO PASTA BLANCA;0318720023590;;WHITE BODY;SOSPIRO PASTA BLANCA;PIEDRA;;REVESTIMIENTO;BASE;BASE;MATE RECTIFICADO;VARIACION LEVE;;NO;NO;;;SIN CLASE;;;GRUPO BIII;GL Esmaltado;;;NO;;600-900 N - 15-25 N/mm2;1;031.872.0002.14684;120X120(T);CATLOGO PAMESA;;;30;90;8,7;2700;30x90;SOSPIRO;GRIS;https://www.pamesa.com/ERP/4.0/empresas/151/045/imagenes/t00010602/0318720023590.jpg
31;872;33;14684;0318720023664;SI;PAS.BCA RECTIF;30x90 SOSPIRO MARFIL;A;SI;SI;23.5000;WHT12;PAMESA;PAMESA;09/63/05;8429991976606;;8429991773311;M2;5;1.35;63;85.05;20.22;1,298.86;112.00;95.00;104.00;;8.70;14/06/2024;PAMESA;PAMESA;REVESTIMIENTO PASTA BLANCA;0318720023664;;WHITE BODY;SOSPIRO PASTA BLANCA;PIEDRA;;REVESTIMIENTO;;BASE;MATE RECTIFICADO;VARIACION LEVE;;NO;;;;SIN CLASE;;;GRUPO BIII;GL Esmaltado;;;NO;;600-900 N - 15-25 N/mm2;1;031.872.0033.14684;60X60(T)C;CATLOGO PAMESA;;;30;90;8,7;2700;30x90;SOSPIRO;MARFIL;https://www.pamesa.com/ERP/4.0/empresas/151/045/imagenes/t00010602/0318720023664.jpg
31;627;804;10103;0316270010746;SI;PAS.BCA RECTIF;33,3x100 CR.RLV.TORANO BRILLO;A;SI;SI;23.5000;WHT09;PAMESA;PAMESA;T/48/05;8429991644703;;8429991773311;M2;5;1.67;48;80.16;23.00;1,126.00;123.00;103.00;80.50;3;8.00;04/06/2021;PAMESA;PAMESA;REVESTIMIENTO PASTA BLANCA;0316270010746;;WHITE BODY;TORANO_PASTA_BLANCA;MARMOL;;REVESTIMIENTO;DECORADO;RLV DECORADO;MATE RECTIFICADO;VARIACION MODERADA;;SI;;;;SIN CLASE;;;GRUPO BIII;GL Esmaltado;;;NO;;600-900 N - 15-25 N/mm2;1;031.627.0804.10103;60X120(T)C;CATLOGO PAMESA;;;33,3;100;7;3330;33,3x100;CR.RLV.TORANO;BRILLO;https://www.pamesa.com/ERP/4.0/empresas/151/045/imagenes/t00010602/0316270010746.jpg
31;627;803;10103;0316270010744;SI;PAS.BCA RECTIF;33,3x100 CR.RLV.TORANO MATE;A;SI;SI;23.5000;WHT09;PAMESA;PAMESA;T/48/05;8429991644710;;8429991773311;M2;5;1.67;48;80.16;23.00;1,126.00;123.00;103.00;80.50;3;8.00;04/06/2021;PAMESA;PAMESA;REVESTIMIENTO PASTA BLANCA;0316270010744;;WHITE BODY;TORANO_PASTA_BLANCA;MARMOL;;REVESTIMIENTO;DECORADO;RLV DECORADO;MATE RECTIFICADO;VARIACION MODERADA;;SI;;;;SIN CLASE;;;GRUPO BIII;GL Esmaltado;;;NO;;600-900 N - 15-25 N/mm2;1;031.627.0803.10103;60X120(T)C;CATLOGO PAMESA;;;33,3;100;7;3330;33,3x100;CR.RLV.TORANO;MATE;https://www.pamesa.com/ERP/4.0/empresas/151/045/imagenes/t00010602/0316270010744.jpg
31;627;804;9878;0316278049878;SI;PAS.BCA RECTIF;33,3x100 CR.TORANO BRILLO;A;SI;SI;23.5000;WHT10;PAMESA;PAMESA;T/48/06;8429991644697;;8429991773311;M2;6;2.00;48;96.00;25.00;1,222.00;123.00;103.00;80.50;4;7.00;04/06/2021;PAMESA;PAMESA;REVESTIMIENTO PASTA BLANCA;0316278049878;;WHITE BODY;TORANO_PASTA_BLANCA;MARMOL;;REVESTIMIENTO;BASE;BASE;MATE RECTIFICADO;VARIACION MODERADA;;NO;;;;SIN CLASE;;;GRUPO BIII;GL Esmaltado;;;NO;;600-900 N - 15-25 N/mm2;1;031.627.0804.09878;60X120(T)C;CATLOGO PAMESA;;;33,3;100;7;3330;33,3x100;CR.TORANO;BRILLO;https://www.pamesa.com/ERP/4.0/empresas/151/045/imagenes/t00010602/0316278049878.jpg
31;627;803;9878;0316278039878;SI;PAS.BCA RECTIF;33,3x100 CR.TORANO MATE;A;SI;SI;23.5000;WHT10;PAMESA;PAMESA;T/48/06;8429991644680;;8429991773311;M2;6;2.00;48;96.00;25.00;1,222.00;123.00;103.00;80.50;4;7.00;04/06/2021;PAMESA;PAMESA;REVESTIMIENTO PASTA BLANCA;0316278039878;;WHITE BODY;TORANO_PASTA_BLANCA;MARMOL;;REVESTIMIENTO;BASE;BASE;MATE RECTIFICADO;VARIACION MODERADA;;NO;;;;SIN CLASE;;;GRUPO BIII;GL Esmaltado;;;NO;;600-900 N - 15-25 N/mm2;1;031.627.0803.09878;60x120(N)20MM;CATLOGO PAMESA;;;33,3;100;7;3330;33,3x100;CR.TORANO;MATE;https://www.pamesa.com/ERP/4.0/empresas/151/045/imagenes/t00010602/0316278039878.jpg
31;547;804;10103;0315470010746;SI;PAS.BCA RECTIF;30X60(n) CR.RLV.TORANO BRILLO;A;SI;SI;18.5000;WHT05;PAMESA;PAMESA;F/60/09PB;8429991653750;;8429991773311;M2;9;1.62;60;97.20;20.00;1,220.00;120.00;80.00;105.00;;;21/07/2021;PAMESA;PAMESA;REVESTIMIENTO PASTA BLANCA;0315470010746;;WHITE BODY;TORANO_PASTA_BLANCA;MARMOL;;REVESTIMIENTO;BASE;BASE;BRILLO RECTIFICADO;VARIACION MODERADA;;SI;;;;SIN CLASE;;;GRUPO BIII;GL Esmaltado;;;NO;;600-900 N - 15-25 N/mm2;1;031.547.0804.10103;30X60(T)C;CATLOGO PAMESA;;;30;60;7;1800;30x60;CR.RLV.TORANO;BRILLO;https://www.pamesa.com/ERP/4.0/empresas/151/045/imagenes/t00010602/0315470010746.jpg
31;547;803;10103;0315470010744;SI;PAS.BCA RECTIF;30X60(n) CR.RLV.TORANO MATE;A;SI;SI;18.5000;WHT05;PAMESA;PAMESA;F/60/09PB;8429991653736;;8429991773311;M2;9;1.62;60;97.20;20.00;1,220.00;120.00;80.00;105.00;;;21/07/2021;PAMESA;PAMESA;REVESTIMIENTO PASTA BLANCA;0315470010744;;WHITE BODY;TORANO_PASTA_BLANCA;MARMOL;;REVESTIMIENTO;BASE;BASE;MATE RECTIFICADO;VARIACION MODERADA;;SI;;;;SIN CLASE;;;GRUPO BIII;GL Esmaltado;;;NO;;600-900 N - 15-25 N/mm2;1;031.547.0803.10103;30X60(T)C;CATLOGO PAMESA;;;30;60;7;1800;30x60;CR.RLV.TORANO;MATE;https://www.pamesa.com/ERP/4.0/empresas/151/045/imagenes/t00010602/0315470010744.jpg
31;547;804;9878;0315478049878;SI;PAS.BCA RECTIF;30X60(n) CR.TORANO BRILLO;A;SI;SI;18.5000;WHT06;PAMESA;PAMESA;F/60/09PB;8429991653743;;8429991773311;M2;9;1.62;60;97.20;20.00;1,220.00;120.00;80.00;105.00;;;21/07/2021;PAMESA;PAMESA;REVESTIMIENTO PASTA BLANCA;0315478049878;;WHITE BODY;TORANO_PASTA_BLANCA;MARMOL;;REVESTIMIENTO;BASE;BASE;BRILLO RECTIFICADO;VARIACION MODERADA;;NO;;;;SIN CLASE;;;GRUPO BIII;GL Esmaltado;;;NO;;600-900 N - 15-25 N/mm2;1;031.547.0804.09878;30X60(T)C;CATLOGO PAMESA;;;30;60;7;1800;30x60;CR.TORANO;BRILLO;https://www.pamesa.com/ERP/4.0/empresas/151/045/imagenes/t00010602/0315478049878.jpg
31;547;803;9878;0315478039878;SI;PAS.BCA RECTIF;30X60(n) CR.TORANO MATE;A;SI;SI;18.5000;WHT06;PAMESA;PAMESA;F/60/09PB;8429991653729;;8429991773311;M2;9;1.62;60;97.20;20.00;1,220.00;120.00;80.00;105.00;;;21/07/2021;PAMESA;PAMESA;REVESTIMIENTO PASTA BLANCA;0315478039878;;WHITE BODY;TORANO_PASTA_BLANCA;MARMOL;;REVESTIMIENTO;BASE;BASE;MATE RECTIFICADO;VARIACION MODERADA;;NO;;;;SIN CLASE;;;GRUPO BIII;GL Esmaltado;;;NO;;600-900 N - 15-25 N/mm2;1;031.547.0803.09878;60X60(T)C;CATLOGO PAMESA;;;30;60;7;1800;30x60;CR.TORANO;MATE;https://www.pamesa.com/ERP/4.0/empresas/151/045/imagenes/t00010602/0315478039878.jpg
31;627;111;10290;0316270010748;SI;PAS.BCA RECTIF;33,3x100 ROYAL TREND BLUE;A;SI;SI;23.5000;WHT09;PAMESA;PAMESA;T/48/06;8429991644734;;8429991773311;M2;6;2.00;48;96.00;25.00;1,222.00;123.00;103.00;80.50;4;7.00;04/06/2021;PAMESA;PAMESA;REVESTIMIENTO PASTA BLANCA;0316270010748;;WHITE BODY;TREND COLLECTION;DECORADOS;;REVESTIMIENTO;DECORADO;DECORADO;MATE RECTIFICADO;VARIACION ALTA;;NO;;;;SIN CLASE;;;GRUPO BIII;GL Esmaltado;;;NO;;600-900 N - 15-25 N/mm2;1;031.627.0111.10290;120X120(T);CATLOGO PAMESA;;;33,3;100;7;3330;33,3x100;ROYAL TREND;BLUE;https://www.pamesa.com/ERP/4.0/empresas/151/045/imagenes/t00010602/0316270010748.jpg
31;627;110;10289;0316270010747;SI;PAS.BCA RECTIF;33,3x100 VEGETAL TREND GREEN;A;SI;SI;23.5000;WHT09;PAMESA;PAMESA;T/48/06;8429991644727;;8429991773311;M2;6;2.00;48;96.00;25.00;1,222.00;123.00;103.00;80.50;4;7.00;04/06/2021;PAMESA;PAMESA;REVESTIMIENTO PASTA BLANCA;0316270010747;;WHITE BODY;TREND COLLECTION;DECORADOS;;REVESTIMIENTO;DECORADO;DECORADO;MATE RECTIFICADO;VARIACION ALTA;;NO;;;;SIN CLASE;;;GRUPO BIII;GL Esmaltado;;;NO;;600-900 N - 15-25 N/mm2;1;031.627.0110.10289;120X120(T);CATLOGO PAMESA;;;33,3;100;7;3330;33,3x100;VEGETAL TREND;GREEN;https://www.pamesa.com/ERP/4.0/empresas/151/045/imagenes/t00010602/0316270010747.jpg
31;412;17;10145;0314120010408;SI;PAS.BCA RECTIF;40x120 RLV.VITA ARENA;A;SI;SI;27.2500;WHT13;PAMESA;PAMESA;F/20/03 AG;8429991634254;;8429991773311;M2;3;1.44;20;28.80;27.50;570.00;120.00;80.00;55.00;;10.80;13/04/2021;PAMESA;PAMESA;REVESTIMIENTO PASTA BLANCA;0314120010408;;WHITE BODY;VITA PASTA BLANCA;PIEDRA;;REVESTIMIENTO;BASE;BASE;MATE RECTIFICADO;VARIACION LEVE;NO;SI;;;;SIN CLASE;;;GRUPO BIII;GL Esmaltado;;;NO;;600-900 N - 15-25 N/mm2;1;031.412.0017.10145;60X60(T)C;CATLOGO PAMESA;;;40;120;10,8;4800;40x120;RLV.VITA;ARENA;https://www.pamesa.com/ERP/4.0/empresas/151/045/imagenes/t00010602/0314120010408.jpg
31;412;2;10145;0314120010405;SI;PAS.BCA RECTIF;40x120 RLV.VITA GRIS;A;SI;SI;27.2500;WHT13;PAMESA;PAMESA;F/20/03 AG;8429991634247;;8429991773311;M2;3;1.44;20;28.80;27.50;570.00;120.00;80.00;55.00;;10.80;13/04/2021;PAMESA;PAMESA;REVESTIMIENTO PASTA BLANCA;0314120010405;;WHITE BODY;VITA PASTA BLANCA;PIEDRA;;REVESTIMIENTO;BASE;BASE;MATE RECTIFICADO;VARIACION LEVE;NO;SI;;;;SIN CLASE;;;GRUPO BIII;GL Esmaltado;;;NO;;600-900 N - 15-25 N/mm2;1;031.412.0002.10145;60X60(T)C;CATLOGO PAMESA;;;40;120;10,8;4800;40x120;RLV.VITA;GRIS;https://www.pamesa.com/ERP/4.0/empresas/151/045/imagenes/t00010602/0314120010405.jpg
31;412;37;10145;0314120010410;SI;PAS.BCA RECTIF;40x120 RLV.VITA PERLA;A;SI;SI;27.2500;WHT13;PAMESA;PAMESA;F/20/03 AG;8429991634261;;8429991773311;M2;3;1.44;20;28.80;27.50;570.00;120.00;80.00;55.00;;10.80;13/04/2021;PAMESA;PAMESA;REVESTIMIENTO PASTA BLANCA;0314120010410;;WHITE BODY;VITA PASTA BLANCA;PIEDRA;;REVESTIMIENTO;BASE;BASE;MATE RECTIFICADO;VARIACION LEVE;NO;SI;;;;SIN CLASE;;;GRUPO BIII;GL Esmaltado;;;NO;;600-900 N - 15-25 N/mm2;1;031.412.0037.10145;60X60(T)C;CATLOGO PAMESA;;;40;120;10,8;4800;40x120;RLV.VITA;PERLA;https://www.pamesa.com/ERP/4.0/empresas/151/045/imagenes/t00010602/0314120010410.jpg
31;412;17;1227;0314120171227;SI;PAS.BCA RECTIF;40x120 VITA ARENA;A;SI;SI;27.2500;WHT14;PAMESA;PAMESA;F/20/03 AG;8429991634223;;8429991773311;M2;3;1.44;20;28.80;27.50;570.00;120.00;80.00;55.00;;10.80;13/04/2021;PAMESA;PAMESA;REVESTIMIENTO PASTA BLANCA;0314120171227;;WHITE BODY;VITA PASTA BLANCA;PIEDRA;;REVESTIMIENTO;BASE;BASE;MATE RECTIFICADO;VARIACION LEVE;NO;SI;;;;SIN CLASE;;;GRUPO BIII;GL Esmaltado;;;NO;;600-900 N - 15-25 N/mm2;1;031.412.0017.01227;60X60N(20MM);CATLOGO PAMESA;;;40;120;10,8;4800;40x120;VITA;ARENA;https://www.pamesa.com/ERP/4.0/empresas/151/045/imagenes/t00010602/0314120171227.jpg
31;412;2;1227;0314120021227;SI;PAS.BCA RECTIF;40x120 VITA GRIS;A;SI;SI;27.2500;WHT14;PAMESA;PAMESA;F/20/03 AG;8429991634216;;8429991773311;M2;3;1.44;20;28.80;27.50;570.00;120.00;80.00;55.00;;10.80;13/04/2021;PAMESA;PAMESA;REVESTIMIENTO PASTA BLANCA;0314120021227;;WHITE BODY;VITA PASTA BLANCA;PIEDRA;;REVESTIMIENTO;BASE;BASE;MATE RECTIFICADO;VARIACION LEVE;NO;SI;;;;SIN CLASE;;;GRUPO BIII;GL Esmaltado;;;NO;;600-900 N - 15-25 N/mm2;1;031.412.0002.01227;60X60(T)C;CATLOGO PAMESA;;;40;120;10,8;4800;40x120;VITA;GRIS;https://www.pamesa.com/ERP/4.0/empresas/151/045/imagenes/t00010602/0314120021227.jpg
31;412;37;1227;0314120371227;SI;PAS.BCA RECTIF;40x120 VITA PERLA;A;SI;SI;27.2500;WHT14;PAMESA;PAMESA;F/20/03 AG;8429991634230;;8429991773311;M2;3;1.44;20;28.80;27.50;570.00;120.00;80.00;55.00;;10.80;13/04/2021;PAMESA;PAMESA;REVESTIMIENTO PASTA BLANCA;0314120371227;;WHITE BODY;VITA PASTA BLANCA;PIEDRA;;REVESTIMIENTO;BASE;BASE;MATE RECTIFICADO;VARIACION LEVE;NO;SI;;;;SIN CLASE;;;GRUPO BIII;GL Esmaltado;;;NO;;600-900 N - 15-25 N/mm2;1;031.412.0037.01227;60X60(T)C;CATLOGO PAMESA;;;40;120;10,8;4800;40x120;VITA;PERLA;https://www.pamesa.com/ERP/4.0/empresas/151/045/imagenes/t00010602/0314120371227.jpg
31;872;17;11102;0318720013149;SI;PAS.BCA RECTIF;30x90 RLV.LIFE ARENA;A;SI;SI;23.5000;WHT11;PAMESA;PAMESA;09/63/04;8429991694432;;8429991773311;M2;4;1.08;63;68.04;18.00;1,156.00;123.00;95.00;104.00;;10.50;21/12/2021;PAMESA;PAMESA;REVESTIMIENTO PASTA BLANCA;0318720013149;;WHITE BODY;VITA PASTA BLANCA;PIEDRA;;REVESTIMIENTO;DECORADO;RLV DECORADO;MATE RECTIFICADO;VARIACION MODERADA;NO;SI;;;;SIN CLASE;;;GRUPO BIII;GL Esmaltado;;;NO;;600-900 N - 15-25 N/mm2;1;031.872.0017.11102;60X60(T)C;CATLOGO PAMESA;;;30;90;8,7;2700;30x90;RLV.LIFE;ARENA;https://www.pamesa.com/ERP/4.0/empresas/151/045/imagenes/t00010602/0318720013149.jpg
31;872;2;11102;0318720013148;SI;PAS.BCA RECTIF;30x90 RLV.LIFE GRIS;A;SI;SI;23.5000;WHT11;PAMESA;PAMESA;09/63/04;8429991694425;;8429991773311;M2;4;1.08;63;68.04;18.00;1,156.00;123.00;95.00;104.00;;10.50;21/12/2021;PAMESA;PAMESA;REVESTIMIENTO PASTA BLANCA;0318720013148;;WHITE BODY;VITA PASTA BLANCA;PIEDRA;;REVESTIMIENTO;DECORADO;RLV DECORADO;MATE RECTIFICADO;VARIACION MODERADA;NO;SI;;;;SIN CLASE;;;GRUPO BIII;GL Esmaltado;;;NO;;600-900 N - 15-25 N/mm2;1;031.872.0002.11102;120X120(T);CATLOGO PAMESA;;;30;90;8,7;2700;30x90;RLV.LIFE;GRIS;https://www.pamesa.com/ERP/4.0/empresas/151/045/imagenes/t00010602/0318720013148.jpg
31;872;37;11102;0318720013146;SI;PAS.BCA RECTIF;30x90 RLV.LIFE PERLA;A;SI;SI;23.5000;WHT11;PAMESA;PAMESA;09/63/04;8429991694418;;8429991773311;M2;4;1.08;63;68.04;18.00;1,156.00;123.00;95.00;104.00;;10.50;21/12/2021;PAMESA;PAMESA;REVESTIMIENTO PASTA BLANCA;0318720013146;;WHITE BODY;VITA PASTA BLANCA;PIEDRA;;REVESTIMIENTO;DECORADO;RLV DECORADO;MATE RECTIFICADO;VARIACION MODERADA;NO;SI;;;;SIN CLASE;;;GRUPO BIII;GL Esmaltado;;;NO;;600-900 N - 15-25 N/mm2;1;031.872.0037.11102;30X60(T)C;CATLOGO PAMESA;;;30;90;8,7;2700;30x90;RLV.LIFE;PERLA;https://www.pamesa.com/ERP/4.0/empresas/151/045/imagenes/t00010602/0318720013146.jpg
31;872;17;10145;0318720010408;SI;PAS.BCA RECTIF;30x90 RLV.VITA ARENA;A;SI;SI;23.5000;WHT11;PAMESA;PAMESA;09/63/05;8429991661830;;8429991773311;M2;5;1.35;63;85.05;20.22;1,298.86;112.00;95.00;104.00;;8.70;27/08/2021;PAMESA;PAMESA;REVESTIMIENTO PASTA BLANCA;0318720010408;;WHITE BODY;VITA PASTA BLANCA;PIEDRA;;REVESTIMIENTO;DECORADO;RLV DECORADO;MATE RECTIFICADO;VARIACION LEVE;NO;SI;;;;SIN CLASE;;;GRUPO BIII;GL Esmaltado;;;NO;;600-900 N - 15-25 N/mm2;1;031.872.0017.10145;60X60(T)C;CATLOGO PAMESA;;;30;90;8,7;2700;30x90;RLV.VITA;ARENA;https://www.pamesa.com/ERP/4.0/empresas/151/045/imagenes/t00010602/0318720010408.jpg
31;872;300;10145;0318720012186;SI;PAS.BCA RECTIF;30x90 RLV.VITA MIX-GRIS;A;SI;SI;23.5000;WHT11;PAMESA;PAMESA;09/63/05;8429991677831;;8429991773311;M2;5;1.35;63;85.05;20.22;1,298.86;112.00;95.00;104.00;;8.70;09/11/2021;PAMESA;PAMESA;REVESTIMIENTO PASTA BLANCA;0318720012186;;WHITE BODY;VITA PASTA BLANCA;PIEDRA;;REVESTIMIENTO;DECORADO;RLV DECORADO;MATE RECTIFICADO;VARIACION LEVE;NO;SI;;;;SIN CLASE;;;GRUPO BIII;GL Esmaltado;;;NO;;600-900 N - 15-25 N/mm2;1;031.872.0300.10145;30X60(T)C;CATLOGO PAMESA;;;30;90;8,7;2700;30x90;RLV.VITA;MIX-GRIS;https://www.pamesa.com/ERP/4.0/empresas/151/045/imagenes/t00010602/0318720012186.jpg
31;872;17;1227;0318720171227;SI;PAS.BCA RECTIF;30x90 VITA ARENA;A;SI;SI;23.5000;WHT12;PAMESA;PAMESA;09/63/05;8429991661809;;8429991773311;M2;5;1.35;63;85.05;20.22;1,298.86;112.00;95.00;104.00;;8.70;27/08/2021;PAMESA;PAMESA;REVESTIMIENTO PASTA BLANCA;0318720171227;;WHITE BODY;VITA PASTA BLANCA;PIEDRA;;REVESTIMIENTO;BASE;BASE;MATE RECTIFICADO;VARIACION LEVE;NO;SI;;;;SIN CLASE;;;GRUPO BIII;GL Esmaltado;;;NO;;600-900 N - 15-25 N/mm2;1;031.872.0017.01227;60X60(T)C;CATLOGO PAMESA;;;30;90;8,7;2700;30x90;VITA;ARENA;https://www.pamesa.com/ERP/4.0/empresas/151/045/imagenes/t00010602/0318720171227.jpg
31;872;2;1227;0318720021227;SI;PAS.BCA RECTIF;30x90 VITA GRIS;A;SI;SI;23.5000;WHT12;PAMESA;PAMESA;09/63/05;8429991661793;;8429991773311;M2;5;1.35;63;85.05;20.22;1,298.86;112.00;95.00;104.00;;8.70;27/08/2021;PAMESA;PAMESA;REVESTIMIENTO PASTA BLANCA;0318720021227;;WHITE BODY;VITA PASTA BLANCA;PIEDRA;;REVESTIMIENTO;BASE;BASE;MATE RECTIFICADO;VARIACION LEVE;NO;SI;;;;SIN CLASE;;;GRUPO BIII;GL Esmaltado;;;NO;;600-900 N - 15-25 N/mm2;1;031.872.0002.01227;30X60(T)C;CATLOGO PAMESA;;;30;90;8,7;2700;30x90;VITA;GRIS;https://www.pamesa.com/ERP/4.0/empresas/151/045/imagenes/t00010602/0318720021227.jpg
31;872;37;1227;0318720371227;SI;PAS.BCA RECTIF;30x90 VITA PERLA;A;SI;SI;23.5000;WHT12;PAMESA;PAMESA;09/63/05;8429991661816;;8429991773311;M2;5;1.35;63;85.05;20.22;1,298.86;112.00;95.00;104.00;;8.70;27/08/2021;PAMESA;PAMESA;REVESTIMIENTO PASTA BLANCA;0318720371227;;WHITE BODY;VITA PASTA BLANCA;PIEDRA;;REVESTIMIENTO;BASE;BASE;MATE RECTIFICADO;VARIACION LEVE;NO;SI;;;;SIN CLASE;;;GRUPO BIII;GL Esmaltado;;;NO;;600-900 N - 15-25 N/mm2;1;031.872.0037.01227;30X60(T)C;CATLOGO PAMESA;;;30;90;8,7;2700;30x90;VITA;PERLA;https://www.pamesa.com/ERP/4.0/empresas/151/045/imagenes/t00010602/0318720371227.jpg
27;821;12;4079;0278210124079;SI;PASTA BLANCA;36x80 AT.MATE BLANCO;A;SI;SI;18.2500;WHT08;ATRIUM;PAMESA;A/54/04;;;8429991773397;M2;4;1.15;54;62.10;20.00;1,100.00;126.00;84.00;86.00;4;9.50;17/01/2017;ATRIUM;SERIE ATRIUM;REVESTIMIENTO PASTA BLANCA;0278210124079;;WHITE BODY;WHITES 36X80;BASICO;;REVESTIMIENTO;;BASE;MATE;ASPECTO UNIFORME;;NO;;;;SIN CLASE;;;GRUPO BIII;GL Esmaltado;;;NO;;600-900 N - 15-25 N/mm2;3;027.821.0012.04079;30X60(T)C;CATLOGO PAMESA;;;36;80;9,5;2880;36x80;AT.MATE;BLANCO;https://www.pamesa.com/ERP/4.0/empresas/151/045/imagenes/t00010602/0278210124079.jpg
27;821;12;4078;0278210124078;SI;PASTA BLANCA;36x80 BRILLO BLANCO;A;SI;SI;18.2500;WHT08;PAMESA;PAMESA;A/54/04;8429991294304;;8429991773281;M2;4;1.15;54;62.10;20.00;1,100.00;126.00;84.00;86.00;4;9.50;17/01/2017;ATRIUM;SERIE ATRIUM;REVESTIMIENTO PASTA BLANCA;0278210124078;;WHITE BODY;WHITES 36X80;BASICO;;REVESTIMIENTO;BASE;BASE;BRILLO;ASPECTO UNIFORME;;NO;;;;SIN CLASE;;;GRUPO BIII;GL Esmaltado;;;NO;;600-900 N - 15-25 N/mm2;3;027.821.0012.04078;30X60(T)C;CATLOGO PAMESA;;;36;80;9,5;2880;36x80;BRILLO;BLANCO;https://www.pamesa.com/ERP/4.0/empresas/151/045/imagenes/t00010602/0278210124078.jpg
27;821;63;4099;0278210634099;SI;PASTA BLANCA;36x80 MYS RLV. BCO.BRILLO;A;SI;SI;18.2500;WHT07;PAMESA;PAMESA;A/54/04;8429991294328;;8429991773281;M2;4;1.15;54;62.10;20.00;1,100.00;126.00;84.00;86.00;4;9.50;17/01/2017;ATRIUM;SERIE ATRIUM;REVESTIMIENTO PASTA BLANCA;0278210634099;;WHITE BODY;WHITES 36X80;BASICO;;REVESTIMIENTO;BASE;BASE;BRILLO;ASPECTO UNIFORME;;SI;;;;SIN CLASE;;;GRUPO BIII;GL Esmaltado;;;NO;;600-900 N - 15-25 N/mm2;3;027.821.0063.04099;120X120(T);CATLOGO PAMESA;;;36;80;9,5;2880;36x80;MYS RLV.;BCO.BRILLO;https://www.pamesa.com/ERP/4.0/empresas/151/045/imagenes/t00010602/0278210634099.jpg
27;821;174;4099;0278211744099;SI;PASTA BLANCA;36x80 MYS RLV. BCO.MATE;A;SI;SI;18.2500;WHT07;PAMESA;PAMESA;A/54/04;8429991294366;;8429991773281;M2;4;1.15;54;62.10;20.00;1,100.00;126.00;84.00;86.00;4;9.50;17/01/2017;ATRIUM;SERIE ATRIUM;REVESTIMIENTO PASTA BLANCA;0278211744099;;WHITE BODY;WHITES 36X80;BASICO;;REVESTIMIENTO;BASE;BASE;MATE;ASPECTO UNIFORME;;SI;;;;SIN CLASE;;;GRUPO BIII;GL Esmaltado;;;NO;;600-900 N - 15-25 N/mm2;3;027.821.0174.04099;120X120(T);CATLOGO PAMESA;;;36;80;9,5;2880;36x80;MYS RLV.;BCO.MATE;https://www.pamesa.com/ERP/4.0/empresas/151/045/imagenes/t00010602/0278211744099.jpg
31;412;12;1205;0314120121205;SI;PAS.BCA RECTIF;40x120 TRIPOLI BLANCO;A;SI;SI;27.2500;WHT14;PAMESA;PAMESA;F/20/03 AG;8429991322410;;8429991773311;M2;3;1.44;20;28.80;27.50;570.00;120.00;80.00;55.00;;10.80;05/07/2017;PAMESA;SERIE EDEN;REVESTIMIENTO PASTA BLANCA;0314120121205;;WHITE BODY;WHITES-TRIPOLI;BASICO;;REVESTIMIENTO;BASE;BASE;BRILLO RECTIFICADO;ASPECTO UNIFORME;;NO;;;;SIN CLASE;;;GRUPO BIII;GL Esmaltado;;;NO;;600-900 N - 15-25 N/mm2;1;031.412.0012.01205;60X60(T)C;CATLOGO PAMESA;;;40;120;10,8;4800;40x120;TRIPOLI;BLANCO;https://www.pamesa.com/ERP/4.0/empresas/151/045/imagenes/t00010602/0314120121205.jpg
31;412;296;1316;0314122961316;SI;PAS.BCA RECTIF;40x120 TRIPOLI MATE SNOW;A;SI;SI;27.2500;WHT14;PAMESA;PAMESA;F/20/03 AG;8429991322397;;8429991773311;M2;3;1.44;20;28.80;27.50;570.00;120.00;80.00;55.00;;10.80;05/07/2017;PAMESA;SERIE EDEN;REVESTIMIENTO PASTA BLANCA;0314122961316;;WHITE BODY;WHITES-TRIPOLI;BASICO;;REVESTIMIENTO;;BASE;MATE RECTIFICADO;ASPECTO UNIFORME;;NO;;;;SIN CLASE;;;GRUPO BIII;GL Esmaltado;;;NO;;600-900 N - 15-25 N/mm2;1;031.412.0296.01316;60X60(T)C;CATLOGO PAMESA;;;40;120;10,8;4800;40x120;TRIPOLI MATE;SNOW;https://www.pamesa.com/ERP/4.0/empresas/151/045/imagenes/t00010602/0314122961316.jpg
31;627;296;1;0316272960001;SI;PAS.BCA RECTIF;33,3x100 AMALT SNOW;A;SI;SI;23.5000;WHT09;PAMESA;PAMESA;T/48/06;8429991482725;;8429991773311;M2;6;2.00;48;96.00;25.00;1,222.00;123.00;103.00;80.50;4;7.00;12/12/2019;PAMESA;PAM-SLIM;REVESTIMIENTO PASTA BLANCA;0316272960001;;WHITE BODY;WHITES-TRIPOLI;BASICO;;REVESTIMIENTO;BASE;BASE;MATE RECTIFICADO;ASPECTO UNIFORME;;SI;;;;SIN CLASE;;;GRUPO BIII;GL Esmaltado;;;NO;;600-900 N - 15-25 N/mm2;1;031.627.0296.00001;120X120(T);CATLOGO PAMESA;;;33,3;100;7;3330;33,3x100;AMALT;SNOW;https://www.pamesa.com/ERP/4.0/empresas/151/045/imagenes/t00010602/0316272960001.jpg
31;627;36;2244;0316270362244;SI;PAS.BCA RECTIF;33,3x100 ORDESA ROBLE;A;SI;SI;23.5000;WHT09;PAMESA;PAMESA;T/48/06;8429991599966;;8429991773311;M2;6;2.00;48;96.00;25.00;1,222.00;123.00;103.00;80.50;4;7.00;03/12/2020;PAMESA;PAM-SLIM;REVESTIMIENTO PASTA BLANCA;0316270362244;;WHITE BODY;WHITES-TRIPOLI;MADERA;;REVESTIMIENTO;DECORADO;RLV DECORADO;MATE RECTIFICADO;VARIACION LEVE;;NO;;;;SIN CLASE;;;GRUPO BIII;GL Esmaltado;;;NO;;600-900 N - 15-25 N/mm2;1;031.627.0036.02244;120X280(6MM);CATLOGO PAMESA;;;33,3;100;7;3330;33,3x100;ORDESA;ROBLE;https://www.pamesa.com/ERP/4.0/empresas/151/045/imagenes/t00010602/0316270362244.jpg
31;627;12;1205;0316270121205;SI;PAS.BCA RECTIF;33,3x100 TRIPOLI BLANCO;A;SI;SI;23.5000;WHT10;PAMESA;PAMESA;T/48/06;8429991471637;;8429991773311;M2;6;2.00;48;96.00;25.00;1,222.00;123.00;103.00;80.50;4;7.00;29/10/2019;PAMESA;PAM-SLIM;REVESTIMIENTO PASTA BLANCA;0316270121205;;WHITE BODY;WHITES-TRIPOLI;BASICO;;REVESTIMIENTO;BASE;BASE;BRILLO RECTIFICADO;ASPECTO UNIFORME;;NO;;;;SIN CLASE;;;GRUPO BIII;GL Esmaltado;;;NO;;600-900 N - 15-25 N/mm2;1;031.627.0012.01205;30X60(T)C;CATLOGO PAMESA;;;33,3;100;7;3330;33,3x100;TRIPOLI;BLANCO;https://www.pamesa.com/ERP/4.0/empresas/151/045/imagenes/t00010602/0316270121205.jpg
31;627;296;1316;0316272961316;SI;PAS.BCA RECTIF;33,3x100 TRIPOLI MATE SNOW;A;SI;SI;23.5000;WHT10;PAMESA;PAMESA;T/48/06;8429991473686;;8429991773311;M2;6;2.00;48;96.00;25.00;1,222.00;123.00;103.00;80.50;4;7.00;07/11/2019;PAMESA;PAM-SLIM;REVESTIMIENTO PASTA BLANCA;0316272961316;;WHITE BODY;WHITES-TRIPOLI;BASICO;;REVESTIMIENTO;BASE;BASE;MATE RECTIFICADO;ASPECTO UNIFORME;;NO;;;;SIN CLASE;;;GRUPO BIII;GL Esmaltado;;;NO;;600-900 N - 15-25 N/mm2;1;031.627.0296.01316;60x120(N)20MM;CATLOGO PAMESA;;;33,3;100;7;3330;33,3x100;TRIPOLI MATE;SNOW;https://www.pamesa.com/ERP/4.0/empresas/151/045/imagenes/t00010602/0316272961316.jpg
31;872;12;115;0318720120115;SI;PAS.BCA RECTIF;30x90 DERNIA BLANCO;A;SI;SI;23.5000;WHT11;PAMESA;PAMESA;09/63/05;8429991420949;;8429991773311;M2;5;1.35;63;85.05;20.22;1,298.86;112.00;95.00;104.00;;8.70;;PAMESA;PAMESA;REVESTIMIENTO PASTA BLANCA;0318720120115;;WHITE BODY;WHITES-TRIPOLI;BASICO;;REVESTIMIENTO;BASE;BASE;BRILLO RECTIFICADO;ASPECTO UNIFORME;;SI;;;;SIN CLASE;;;GRUPO BIII;GL Esmaltado;;;NO;;600-900 N - 15-25 N/mm2;1;031.872.0012.00115;60X120(T)C;CATLOGO PAMESA;;;30;90;8,7;2700;30x90;DERNIA;BLANCO;https://www.pamesa.com/ERP/4.0/empresas/151/045/imagenes/t00010602/0318720120115.jpg
31;872;296;115;0318722960115;SI;PAS.BCA RECTIF;30x90 DERNIA SNOW;A;SI;SI;23.5000;WHT11;PAMESA;PAMESA;09/63/05;8429991420956;;8429991773311;M2;5;1.35;63;85.05;20.22;1,298.86;112.00;95.00;104.00;;8.70;;PAMESA;PAMESA;REVESTIMIENTO PASTA BLANCA;0318722960115;;WHITE BODY;WHITES-TRIPOLI;BASICO;;REVESTIMIENTO;BASE;BASE;MATE RECTIFICADO;ASPECTO UNIFORME;;SI;;;;SIN CLASE;;;GRUPO BIII;GL Esmaltado;;;NO;;600-900 N - 15-25 N/mm2;1;031.872.0296.00115;60X60(T)C;CATLOGO PAMESA;;;30;90;8,7;2700;30x90;DERNIA;SNOW;https://www.pamesa.com/ERP/4.0/empresas/151/045/imagenes/t00010602/0318722960115.jpg
31;872;12;111;0318720120111;SI;PAS.BCA RECTIF;30x90 SIRTE BLANCO;A;SI;SI;23.5000;WHT11;PAMESA;PAMESA;09/63/05;8429991420901;;8429991773311;M2;5;1.35;63;85.05;20.22;1,298.86;112.00;95.00;104.00;;8.70;01/03/2019;PAMESA;PAMESA;REVESTIMIENTO PASTA BLANCA;0318720120111;;WHITE BODY;WHITES-TRIPOLI;BASICO;;REVESTIMIENTO;BASE;BASE;BRILLO RECTIFICADO;ASPECTO UNIFORME;;SI;;;;SIN CLASE;;;GRUPO BIII;GL Esmaltado;;;NO;;600-900 N - 15-25 N/mm2;1;031.872.0012.00111;120X120(T);CATLOGO PAMESA;;;30;90;8,7;2700;30x90;SIRTE;BLANCO;https://www.pamesa.com/ERP/4.0/empresas/151/045/imagenes/t00010602/0318720120111.jpg
31;872;296;111;0318722960111;SI;PAS.BCA RECTIF;30x90 SIRTE SNOW;A;SI;SI;23.5000;WHT11;PAMESA;PAMESA;09/63/05;8429991420925;;8429991773311;M2;5;1.35;63;85.05;20.22;1,298.86;112.00;95.00;104.00;;8.70;01/03/2019;PAMESA;PAMESA;REVESTIMIENTO PASTA BLANCA;0318722960111;;WHITE BODY;WHITES-TRIPOLI;BASICO;;REVESTIMIENTO;BASE;BASE;MATE RECTIFICADO;ASPECTO UNIFORME;;SI;;;;SIN CLASE;;;GRUPO BIII;GL Esmaltado;;;NO;;600-900 N - 15-25 N/mm2;1;031.872.0296.00111;60X120(T)C;CATLOGO PAMESA;;;30;90;8,7;2700;30x90;SIRTE;SNOW;https://www.pamesa.com/ERP/4.0/empresas/151/045/imagenes/t00010602/0318722960111.jpg
31;872;12;114;0318720120114;SI;PAS.BCA RECTIF;30x90 TOBRUK BLANCO;A;SI;SI;23.5000;WHT11;PAMESA;PAMESA;09/63/05;8429991420918;;8429991773311;M2;5;1.35;63;85.05;20.22;1,298.86;112.00;95.00;104.00;;8.70;01/03/2019;PAMESA;PAMESA;REVESTIMIENTO PASTA BLANCA;0318720120114;;WHITE BODY;WHITES-TRIPOLI;BASICO;;REVESTIMIENTO;BASE;BASE;BRILLO RECTIFICADO;ASPECTO UNIFORME;;SI;;;;SIN CLASE;;;GRUPO BIII;GL Esmaltado;;;NO;;600-900 N - 15-25 N/mm2;1;031.872.0012.00114;60X120(T)C;CATLOGO PAMESA;;;30;90;8,7;2700;30x90;TOBRUK;BLANCO;https://www.pamesa.com/ERP/4.0/empresas/151/045/imagenes/t00010602/0318720120114.jpg
31;872;296;114;0318722960114;SI;PAS.BCA RECTIF;30x90 TOBRUK SNOW;A;SI;SI;23.5000;WHT11;PAMESA;PAMESA;09/63/05;8429991420932;;8429991773311;M2;5;1.35;63;85.05;20.22;1,298.86;112.00;95.00;104.00;;8.70;01/03/2019;PAMESA;PAMESA;REVESTIMIENTO PASTA BLANCA;0318722960114;;WHITE BODY;WHITES-TRIPOLI;BASICO;;REVESTIMIENTO;BASE;BASE;MATE RECTIFICADO;ASPECTO UNIFORME;;SI;;;;SIN CLASE;;;GRUPO BIII;GL Esmaltado;;;NO;;600-900 N - 15-25 N/mm2;1;031.872.0296.00114;60X120(T)C;CATLOGO PAMESA;;;30;90;8,7;2700;30x90;TOBRUK;SNOW;https://www.pamesa.com/ERP/4.0/empresas/151/045/imagenes/t00010602/0318722960114.jpg
31;872;12;1205;0318720121205;SI;PAS.BCA RECTIF;30x90 TRIPOLI BLANCO;A;SI;SI;23.5000;WHT12;PAMESA;PAMESA;09/63/05;8429991278120;;8429991773311;M2;5;1.35;63;85.05;20.22;1,298.86;112.00;95.00;104.00;;8.70;05/08/2016;PAMESA;SERIE EDEN;REVESTIMIENTO PASTA BLANCA;0318720121205;;WHITE BODY;WHITES-TRIPOLI;BASICO;;REVESTIMIENTO;BASE;BASE;BRILLO RECTIFICADO;ASPECTO UNIFORME;;NO;;;;SIN CLASE;;;GRUPO BIII;GL Esmaltado;;;NO;;600-900 N - 15-25 N/mm2;1;031.872.0012.01205;60X120(T)C;CATLOGO PAMESA;;;30;90;8,7;2700;30x90;TRIPOLI;BLANCO;https://www.pamesa.com/ERP/4.0/empresas/151/045/imagenes/t00010602/0318720121205.jpg
31;872;296;1316;0318722961316;SI;PAS.BCA RECTIF;30x90 TRIPOLI MATE SNOW;A;SI;SI;23.5000;WHT12;PAMESA;PAMESA;09/63/05;8429991278113;;8429991773311;M2;5;1.35;63;85.05;20.22;1,298.86;112.00;95.00;104.00;;8.70;05/08/2016;PAMESA;SERIE EDEN;REVESTIMIENTO PASTA BLANCA;0318722961316;;WHITE BODY;WHITES-TRIPOLI;BASICO;;REVESTIMIENTO;BASE;BASE;MATE RECTIFICADO;ASPECTO UNIFORME;;NO;;;;SIN CLASE;;;GRUPO BIII;GL Esmaltado;;;NO;;600-900 N - 15-25 N/mm2;1;031.872.0296.01316;60X60(T)C;CATLOGO PAMESA;;;30;90;8,7;2700;30x90;TRIPOLI MATE;SNOW;https://www.pamesa.com/ERP/4.0/empresas/151/045/imagenes/t00010602/0318722961316.jpg
32;547;296;1612;0325472961612;SI;PZ.ESP.P.B.REC.;30X60(n) BABEL SNOW;A;SI;SI;55.0000;WHT17;PAMESA;PAMESA;E/66/06;8429991629052;;;M2;6;1.08;66;71.28;13.50;911.00;120.00;80.00;;;;25/03/2021;PAMESA;PAMESA;REVESTIMIENTO PASTA BLANCA;0325472961612;;WHITE BODY;WHITES-TRIPOLI;BASICO;;REVESTIMIENTO;;;MATE RECTIFICADO;ASPECTO UNIFORME;;;;;;;;;GRUPO BIII;GL Esmaltado;;;NO;;600-900 N - 15-25 N/mm2;1;032.547.0296.01612;30X60(T)C;CATLOGO PAMESA;;;30;60;7;1800;30x60;BABEL;SNOW;https://www.pamesa.com/ERP/4.0/empresas/151/045/imagenes/t00010602/0325472961612.jpg
31;547;36;2244;0315470362244;SI;PAS.BCA RECTIF;30X60(n) ORDESA ROBLE;A;SI;SI;18.5000;WHT05;PAMESA;PAMESA;F/60/09PB;8429991599959;;8429991773311;M2;9;1.62;60;97.20;20.00;1,220.00;120.00;80.00;105.00;;;03/12/2020;PAMESA;PAMESA;REVESTIMIENTO PASTA BLANCA;0315470362244;;WHITE BODY;WHITES-TRIPOLI;MADERA;;REVESTIMIENTO;DECORADO;RLV DECORADO;MATE RECTIFICADO;VARIACION LEVE;;NO;;;;SIN CLASE;;;GRUPO BIII;GL Esmaltado;;;NO;;600-900 N - 15-25 N/mm2;1;031.547.0036.02244;60X60(T)C;CATLOGO PAMESA;;;30;60;7;1800;30x60;ORDESA;ROBLE;https://www.pamesa.com/ERP/4.0/empresas/151/045/imagenes/t00010602/0315470362244.jpg
27;422;12;1205;0274220121205;SI;PASTA BLANCA;30x60 TRIPOLI BLANCO;A;SI;SI;14.6200;;PAMESA;PAMESA;F/48/10 PB;8429991198008;;8429991773281;M2;10;1.80;48;86.40;25.00;1,220.00;120.00;80.00;;;8.00;06/08/2001;PAMESA;PAMESA;REVESTIMIENTO PASTA BLANCA;0274220121205;;WHITE BODY;WHITES-TRIPOLI;BASICO;;REVESTIMIENTO;BASE;BASE;BRILLO;ASPECTO UNIFORME;;NO;;;;SIN CLASE;;;GRUPO BIII;GL Esmaltado;;;NO;;>600 N - >12 N/mm2;1;027.422.0012.01205;60X60(T)C;CATLOGO PAMESA;;;30;60;8;1800;30x60;TRIPOLI;BLANCO;https://www.pamesa.com/ERP/4.0/empresas/151/045/imagenes/t00010602/0274220121205.jpg
31;547;12;1205;0315470121205;SI;PAS.BCA RECTIF;30X60(n) TRIPOLI BLANCO;A;SI;SI;18.5000;WHT06;PAMESA;PAMESA;F/60/09PB;8429991547837;;8429991773311;M2;9;1.62;60;97.20;20.00;1,220.00;120.00;80.00;105.00;;;01/06/2020;PAMESA;PAMESA;REVESTIMIENTO PASTA BLANCA;0315470121205;;WHITE BODY;WHITES-TRIPOLI;BASICO;;REVESTIMIENTO;BASE;BASE;BRILLO RECTIFICADO;ASPECTO UNIFORME;;NO;;;;SIN CLASE;;;GRUPO BIII;GL Esmaltado;;;NO;;600-900 N - 15-25 N/mm2;1;031.547.0012.01205;60X60(T)C;CATLOGO PAMESA;;;30;60;7;1800;30x60;TRIPOLI;BLANCO;https://www.pamesa.com/ERP/4.0/empresas/151/045/imagenes/t00010602/0315470121205.jpg
27;422;296;1316;0274222961316;SI;PASTA BLANCA;30x60 TRIPOLI MATE SNOW;A;SI;SI;0.0000;;PAMESA;PAMESA;F/48/10 PB;8429991197964;;8429991773281;M2;10;1.80;48;86.40;25.00;1,220.00;120.00;80.00;;;8.00;26/06/2020;PAMESA;PAMESA;REVESTIMIENTO PASTA BLANCA;0274222961316;;WHITE BODY;WHITES-TRIPOLI;BASICO;;REVESTIMIENTO;BASE;BASE;MATE;ASPECTO UNIFORME;;NO;;;;SIN CLASE;;;GRUPO BIII;GL Esmaltado;;;NO;;>600 N - >12 N/mm2;1;027.422.0296.01316;60X60(T)C;CATLOGO PAMESA;;;30;60;8;1800;30x60;TRIPOLI MATE;SNOW;https://www.pamesa.com/ERP/4.0/empresas/151/045/imagenes/t00010602/0274222961316.jpg
31;547;296;1316;0315472961316;SI;PAS.BCA RECTIF;30X60(n) TRIPOLI MATE SNOW;A;SI;SI;18.5000;WHT06;PAMESA;PAMESA;F/60/09PB;8429991547844;;8429991773311;M2;9;1.62;60;97.20;20.00;1,220.00;120.00;80.00;105.00;;;01/06/2020;PAMESA;PAMESA;REVESTIMIENTO PASTA BLANCA;0315472961316;;WHITE BODY;WHITES-TRIPOLI;BASICO;;REVESTIMIENTO;BASE;BASE;MATE RECTIFICADO;ASPECTO UNIFORME;;NO;;;;SIN CLASE;;;GRUPO BIII;GL Esmaltado;;;NO;;600-900 N - 15-25 N/mm2;1;031.547.0296.01316;60X60(T)C;CATLOGO PAMESA;;;30;60;7;1800;30x60;TRIPOLI MATE;SNOW;https://www.pamesa.com/ERP/4.0/empresas/151/045/imagenes/t00010602/0315472961316.jpg
15;68;19;7643;0150680197643;SI;COM.GL;23x120(N) ACADIAN CENIZA;A;SI;SI;0.0000;PWO10;PAMESA;PAMESA;J/48/05;8429991985776;;8429991773182;M2;5;1.38;48;66.24;26.20;1,286.60;122.00;80.00;83.00;;8.50;19/12/2024;PAMESA;PAMESA;GRES PORCELNICO;0150680197643;;WOODS;ACADIAN;MADERA;;POLIVALENTE;BASE;BASE;MATE;VARIACION MODERADA;;NO;;;;CLASE 1;R9;;GRUPO BIa;GL Esmaltado;;;NO;;1600-2400 N - 35-45 N/mm2;1;015.068.0019.07643;60X120 RF;CATLOGO PAMESA;;;23;120;8,5;2760;23x120;ACADIAN;CENIZA;https://www.pamesa.com/ERP/4.0/empresas/151/045/imagenes/t00010602/0150680197643.jpg
15;68;165;7643;0150681657643;SI;COM.GL;23x120(N) ACADIAN HAYA;A;SI;SI;0.0000;PWO10;PAMESA;PAMESA;J/48/05;8429991985691;;8429991773182;M2;5;1.38;48;66.24;26.20;1,286.60;122.00;80.00;83.00;;8.50;19/12/2024;PAMESA;PAMESA;GRES PORCELNICO;0150681657643;;WOODS;ACADIAN;MADERA;;POLIVALENTE;BASE;BASE;MATE;VARIACION MODERADA;;NO;;;;CLASE 1;R9;;GRUPO BIa;GL Esmaltado;;;NO;;1600-2400 N - 35-45 N/mm2;1;015.068.0165.07643;60X60;CATLOGO PAMESA;;;23;120;8,5;2760;23x120;ACADIAN;HAYA;https://www.pamesa.com/ERP/4.0/empresas/151/045/imagenes/t00010602/0150681657643.jpg
15;68;102;7643;0150681027643;SI;COM.GL;23x120(N) ACADIAN NATURAL;A;SI;SI;0.0000;PWO10;PAMESA;PAMESA;J/48/05;8429991985660;;8429991773182;M2;5;1.38;48;66.24;26.20;1,286.60;122.00;80.00;83.00;;8.50;19/12/2024;PAMESA;PAMESA;GRES PORCELNICO;0150681027643;;WOODS;ACADIAN;MADERA;;POLIVALENTE;BASE;BASE;MATE;VARIACION MODERADA;;NO;;;;CLASE 1;R9;;GRUPO BIa;GL Esmaltado;;;NO;;1600-2400 N - 35-45 N/mm2;1;015.068.0102.07643;60X120 RF;CATLOGO PAMESA;;;23;120;8,5;2760;23x120;ACADIAN;NATURAL;https://www.pamesa.com/ERP/4.0/empresas/151/045/imagenes/t00010602/0150681027643.jpg
15;68;36;7643;0150680367643;SI;COM.GL;23x120(N) ACADIAN ROBLE;A;SI;SI;0.0000;PWO10;PAMESA;PAMESA;J/48/05;8429991985653;;8429991773182;M2;5;1.38;48;66.24;26.20;1,286.60;122.00;80.00;83.00;;8.50;19/12/2024;PAMESA;PAMESA;GRES PORCELNICO;0150680367643;;WOODS;ACADIAN;MADERA;;POLIVALENTE;BASE;BASE;MATE;VARIACION MODERADA;;NO;;;;CLASE 1;R9;;GRUPO BIa;GL Esmaltado;;;NO;;1600-2400 N - 35-45 N/mm2;1;015.068.0036.07643;60X120 RF;CATLOGO PAMESA;;;23;120;8,5;2760;23x120;ACADIAN;ROBLE;https://www.pamesa.com/ERP/4.0/empresas/151/045/imagenes/t00010602/0150680367643.jpg
15;68;285;7643;0150682857643;SI;COM.GL;23x120(N) ACADIAN TAUPE;A;SI;SI;0.0000;PWO10;PAMESA;PAMESA;J/48/05;8429991985769;;8429991773182;M2;5;1.38;48;66.24;26.20;1,286.60;122.00;80.00;83.00;;8.50;19/12/2024;PAMESA;PAMESA;GRES PORCELNICO;0150682857643;;WOODS;ACADIAN;MADERA;;POLIVALENTE;BASE;BASE;MATE;VARIACION MODERADA;;NO;;;;CLASE 1;R9;;GRUPO BIa;GL Esmaltado;;;NO;;1600-2400 N - 35-45 N/mm2;1;015.068.0285.07643;30X60 (C);CATLOGO PAMESA;;;23;120;8,5;2760;23x120;ACADIAN;TAUPE;https://www.pamesa.com/ERP/4.0/empresas/151/045/imagenes/t00010602/0150682857643.jpg
17;241;12;9266;0172410129266;SI;REC.GLASS;20x120(n) AIRE BLANCO;A;SI;SI;21.7500;PWO14;PAMESA;PAMESA;J/44/07;8429991393366;;8429991773199;M2;7;1.68;44;73.92;32.00;1,437.00;122.00;80.00;94.00;3;9.00;12/07/2018;ATRIUM;SERIE ATRIUM;GRES PORCELNICO;0172410129266;;WOODS;AIRE;MADERA;;POLIVALENTE;BASE;BASE;MATE RECTIFICADO;VARIACION ALTA;;SI;;;;CLASE 1;R9;;GRUPO BIa;GL Esmaltado;55 Low;40 Low;NO;;1600-2400 N - 35-45 N/mm2;3;017.241.0012.09266;60X120 RF;CATLOGO PAMESA;;;20;120;9;2400;20x120;AIRE;BLANCO;https://www.pamesa.com/ERP/4.0/empresas/151/045/imagenes/t00010602/0172410129266.jpg
17;241;19;9266;0172410199266;SI;REC.GLASS;20x120(n) AIRE CENIZA;A;SI;SI;21.7500;PWO14;PAMESA;PAMESA;J/44/07;8429991393373;;8429991773199;M2;7;1.68;44;73.92;32.00;1,437.00;122.00;80.00;94.00;3;9.00;12/07/2018;ATRIUM;SERIE ATRIUM;GRES PORCELNICO;0172410199266;;WOODS;AIRE;MADERA;;POLIVALENTE;BASE;BASE;MATE RECTIFICADO;VARIACION ALTA;;SI;;;;CLASE 1;R9;;GRUPO BIa;GL Esmaltado;55 Low;40 Low;NO;;1600-2400 N - 35-45 N/mm2;3;017.241.0019.09266;60x60;CATLOGO PAMESA;;;20;120;9;2400;20x120;AIRE;CENIZA;https://www.pamesa.com/ERP/4.0/empresas/151/045/imagenes/t00010602/0172410199266.jpg
17;241;165;9266;0172411659266;SI;REC.GLASS;20x120(n) AIRE HAYA;A;SI;SI;21.7500;PWO14;PAMESA;PAMESA;J/44/07;8429991393403;;8429991773199;M2;7;1.68;44;73.92;32.00;1,437.00;122.00;80.00;94.00;3;9.00;12/07/2018;ATRIUM;SERIE ATRIUM;GRES PORCELNICO;0172411659266;;WOODS;AIRE;MADERA;;POLIVALENTE;BASE;BASE;MATE RECTIFICADO;VARIACION ALTA;;SI;;;;CLASE 1;R9;;GRUPO BIa;GL Esmaltado;55 Low;40 Low;NO;;1600-2400 N - 35-45 N/mm2;3;017.241.0165.09266;60X120(n);CATLOGO PAMESA;;;20;120;9;2400;20x120;AIRE;HAYA;https://www.pamesa.com/ERP/4.0/empresas/151/045/imagenes/t00010602/0172411659266.jpg
17;241;36;9266;0172410369266;SI;REC.GLASS;20x120(n) AIRE ROBLE;A;SI;SI;21.7500;PWO14;PAMESA;PAMESA;J/44/07;8429991393380;;8429991773199;M2;7;1.68;44;73.92;32.00;1,437.00;122.00;80.00;94.00;3;9.00;12/07/2018;ATRIUM;SERIE ATRIUM;GRES PORCELNICO;0172410369266;;WOODS;AIRE;MADERA;;POLIVALENTE;BASE;BASE;MATE RECTIFICADO;VARIACION ALTA;;SI;;;;CLASE 1;R9;;GRUPO BIa;GL Esmaltado;55 Low;40 Low;NO;;1600-2400 N - 35-45 N/mm2;3;017.241.0036.09266;60X120 RF;CATLOGO PAMESA;;;20;120;9;2400;20x120;AIRE;ROBLE;https://www.pamesa.com/ERP/4.0/empresas/151/045/imagenes/t00010602/0172410369266.jpg
1;670;232;798;0016702320798;SI;PVTO.;20x60 ALPI CEREZO;A;SI;SI;13.5000;RED04;PAMESA;PAMESA;F/80/09 P.;8429991475567;;8429991773267;M2;9;1.08;80;86.40;21.08;1,706.40;120.00;80.00;114.00;0;9.50;13/11/2019;ATRIUM;SERIE ATRIUM;PAVIMENTO PASTA ROJA;0016702320798;;WOODS;ALPI;MADERA;;PAVIMENTO;BASE;BASE;MATE;VARIACION MODERADA;;SI;;;PEI IV;CLASE 1;R9;;GRUPO BIIa;GL Esmaltado;55 Low;;NO;;1100-1900 N - 30-40 N/mm2;3;001.670.0232.00798;22,3X22,3;CATLOGO PAMESA;;;20;60;9,5;1200;20x60;ALPI;CEREZO;https://www.pamesa.com/ERP/4.0/empresas/151/045/imagenes/t00010602/0016702320798.jpg
1;670;68;798;0016700680798;SI;PVTO.;20x60 ALPI GRAFITO;A;SI;SI;13.5000;RED04;PAMESA;PAMESA;F/80/09 P.;8429991475536;;8429991773267;M2;9;1.08;80;86.40;21.08;1,706.40;120.00;80.00;114.00;0;9.50;13/11/2019;ATRIUM;SERIE ATRIUM;PAVIMENTO PASTA ROJA;0016700680798;;WOODS;ALPI;MADERA;;PAVIMENTO;BASE;BASE;MATE;VARIACION MODERADA;;SI;;;PEI III;CLASE 1;R9;;GRUPO BIIa;GL Esmaltado;55 Low;;NO;;1100-1900 N - 30-40 N/mm2;3;001.670.0068.00798;7X28 C.G.;CATLOGO PAMESA;;;20;60;9,5;1200;20x60;ALPI;GRAFITO;https://www.pamesa.com/ERP/4.0/empresas/151/045/imagenes/t00010602/0016700680798.jpg
1;670;2;798;0016700020798;SI;PVTO.;20x60 ALPI GRIS;A;SI;SI;13.5000;RED04;PAMESA;PAMESA;F/80/09 P.;8429991475529;;8429991773267;M2;9;1.08;80;86.40;21.08;1,706.40;120.00;80.00;114.00;0;9.50;13/11/2019;ATRIUM;SERIE ATRIUM;PAVIMENTO PASTA ROJA;0016700020798;;WOODS;ALPI;MADERA;;PAVIMENTO;BASE;BASE;MATE;VARIACION MODERADA;;SI;;;PEI IV;CLASE 1;R9;;GRUPO BIIa;GL Esmaltado;55 Low;;NO;;1100-1900 N - 30-40 N/mm2;3;001.670.0002.00798;5X25M2 RECTO;CATLOGO PAMESA;;;20;60;9,5;1200;20x60;ALPI;GRIS;https://www.pamesa.com/ERP/4.0/empresas/151/045/imagenes/t00010602/0016700020798.jpg
1;670;34;798;0016700340798;SI;PVTO.;20x60 ALPI NOGAL;A;SI;SI;13.5000;RED04;PAMESA;PAMESA;F/80/09 P.;8429991475543;;8429991773267;M2;9;1.08;80;86.40;21.08;1,706.40;120.00;80.00;114.00;0;9.50;13/11/2019;ATRIUM;SERIE ATRIUM;PAVIMENTO PASTA ROJA;0016700340798;;WOODS;ALPI;MADERA;;PAVIMENTO;BASE;BASE;MATE;VARIACION MODERADA;;SI;;;PEI III;CLASE 1;R9;;GRUPO BIIa;GL Esmaltado;55 Low;;NO;;1100-1900 N - 30-40 N/mm2;3;001.670.0034.00798;5X25M2 RECTO;CATLOGO PAMESA;;;20;60;9,5;1200;20x60;ALPI;NOGAL;https://www.pamesa.com/ERP/4.0/empresas/151/045/imagenes/t00010602/0016700340798.jpg
1;670;37;798;0016700370798;SI;PVTO.;20x60 ALPI PERLA;A;SI;SI;13.5000;RED04;PAMESA;PAMESA;F/80/09 P.;8429991475512;;8429991773267;M2;9;1.08;80;86.40;21.08;1,706.40;120.00;80.00;114.00;0;9.50;13/11/2019;ATRIUM;SERIE ATRIUM;PAVIMENTO PASTA ROJA;0016700370798;;WOODS;ALPI;MADERA;;PAVIMENTO;BASE;BASE;MATE;VARIACION MODERADA;;SI;;;PEI IV;CLASE 1;R9;;GRUPO BIIa;GL Esmaltado;55 Low;;NO;;1100-1900 N - 30-40 N/mm2;3;001.670.0037.00798;7X28 C.G.;CATLOGO PAMESA;;;20;60;9,5;1200;20x60;ALPI;PERLA;https://www.pamesa.com/ERP/4.0/empresas/151/045/imagenes/t00010602/0016700370798.jpg
17;241;17;15664;0172410034509;SI;REC.GLASS;20x120(n) AREN ARENA;A;SI;SI;0.0000;PWO14;PAMESA;PAMESA;J/44/07;8429991391362;;8429991773199;M2;7;1.68;44;73.92;32.00;1,437.00;122.00;80.00;94.00;3;9.00;17/07/2025;PAMESA;PAMESA;GRES PORCELNICO;0172410034509;;WOODS;AREN;MADERA;;POLIVALENTE;BASE;BASE;MATE RECTIFICADO;VARIACION MODERADA;;SI;;;;CLASE 1;R9;;GRUPO BIa;GL Esmaltado;;;NO;;1600-2400 N - 35-45 N/mm2;1;017.241.0017.15664;60X120(n);CATLOGO PAMESA;;;20;120;9;2400;20x120;AREN;ARENA;https://www.pamesa.com/ERP/4.0/empresas/151/045/imagenes/t00010602/0172410034509.jpg
17;241;19;15664;0172410034510;SI;REC.GLASS;20x120(n) AREN CENIZA;A;SI;SI;0.0000;PWO14;PAMESA;PAMESA;J/44/07;8429991391355;;8429991773199;M2;7;1.68;44;73.92;32.00;1,437.00;122.00;80.00;94.00;3;9.00;17/07/2025;PAMESA;PAMESA;GRES PORCELNICO;0172410034510;;WOODS;AREN;MADERA;;POLIVALENTE;BASE;BASE;MATE RECTIFICADO;VARIACION MODERADA;;SI;;;;CLASE 1;R9;;GRUPO BIa;GL Esmaltado;;;NO;;1600-2400 N - 35-45 N/mm2;1;017.241.0019.15664;30x30(7)Malla;CATLOGO PAMESA;;;20;120;9;2400;20x120;AREN;CENIZA;https://www.pamesa.com/ERP/4.0/empresas/151/045/imagenes/t00010602/0172410034510.jpg
17;241;53;15664;0172410034511;SI;REC.GLASS;20x120(n) AREN SIENA;A;SI;SI;0.0000;PWO14;PAMESA;PAMESA;J/44/07;8429991391379;;8429991773199;M2;7;1.68;44;73.92;32.00;1,437.00;122.00;80.00;94.00;3;9.00;17/07/2025;PAMESA;PAMESA;GRES PORCELNICO;0172410034511;;WOODS;AREN;MADERA;;POLIVALENTE;BASE;BASE;MATE RECTIFICADO;VARIACION MODERADA;;SI;;;;CLASE 1;R9;;GRUPO BIa;GL Esmaltado;;;NO;;1600-2400 N - 35-45 N/mm2;1;017.241.0053.15664;120X280(6MM);CATLOGO PAMESA;;;20;120;9;2400;20x120;AREN;SIENA;https://www.pamesa.com/ERP/4.0/empresas/151/045/imagenes/t00010602/0172410034511.jpg
17;241;285;15664;0172410034512;SI;REC.GLASS;20x120(n) AREN TAUPE;A;SI;SI;0.0000;PWO14;PAMESA;PAMESA;J/44/07;8429991391348;;8429991773199;M2;7;1.68;44;73.92;32.00;1,437.00;122.00;80.00;94.00;3;9.00;17/07/2025;PAMESA;PAMESA;GRES PORCELNICO;0172410034512;;WOODS;AREN;MADERA;;POLIVALENTE;BASE;BASE;MATE RECTIFICADO;VARIACION MODERADA;;SI;;;;CLASE 1;R9;;GRUPO BIa;GL Esmaltado;;;NO;;1600-2400 N - 35-45 N/mm2;1;017.241.0285.15664;120X120;CATLOGO PAMESA;;;20;120;9;2400;20x120;AREN;TAUPE;https://www.pamesa.com/ERP/4.0/empresas/151/045/imagenes/t00010602/0172410034512.jpg
17;241;56;15664;0172410033345;SI;REC.GLASS;20x120(n) AREN TERRA;A;SI;SI;0.0000;PWO14;PAMESA;PAMESA;J/44/07;8429991391386;;8429991773199;M2;7;1.68;44;73.92;32.00;1,437.00;122.00;80.00;94.00;3;9.00;02/07/2025;PAMESA;PAMESA;GRES PORCELNICO;0172410033345;;WOODS;AREN;MADERA;;POLIVALENTE;BASE;BASE;MATE RECTIFICADO;VARIACION MODERADA;;SI;;;;CLASE 1;R9;;GRUPO BIa;GL Esmaltado;;;NO;;1600-2400 N - 35-45 N/mm2;1;017.241.0056.15664;120X120;CATLOGO PAMESA;;;20;120;9;2400;20x120;AREN;TERRA;https://www.pamesa.com/ERP/4.0/empresas/151/045/imagenes/t00010602/0172410033345.jpg
17;241;17;9235;0172410179235;SI;REC.GLASS;20x120(n) AT.AREN ARENA;A;SI;SI;21.7500;PWO14;ATRIUM;PAMESA;J/44/07;;;8429991773335;M2;7;1.68;44;73.92;32.00;1,437.00;122.00;80.00;94.00;3;9.00;04/07/2018;PAMESA;PAMESA;GRES PORCELNICO;0172410179235;;WOODS;AREN;MADERA;;POLIVALENTE;BASE;BASE;MATE RECTIFICADO;VARIACION MODERADA;;SI;;;;CLASE 1;R9;;GRUPO BIa;GL Esmaltado;;;NO;;1600-2400 N - 35-45 N/mm2;1;017.241.0017.09235;60X120(n);CATLOGO PAMESA;;;20;120;9;2400;20x120;AT.AREN;ARENA;https://www.pamesa.com/ERP/4.0/empresas/151/045/imagenes/t00010602/0172410179235.jpg
17;241;19;9235;0172410199235;SI;REC.GLASS;20x120(n) AT.AREN CENIZA;A;SI;SI;21.7500;PWO14;ATRIUM;PAMESA;J/44/07;;;8429991773335;M2;7;1.68;44;73.92;32.00;1,437.00;122.00;80.00;94.00;3;9.00;04/07/2018;PAMESA;PAMESA;GRES PORCELNICO;0172410199235;;WOODS;AREN;MADERA;;POLIVALENTE;BASE;BASE;MATE RECTIFICADO;VARIACION MODERADA;;SI;;;;CLASE 1;R9;;GRUPO BIa;GL Esmaltado;;;NO;;1600-2400 N - 35-45 N/mm2;1;017.241.0019.09235;60x60;CATLOGO PAMESA;;;20;120;9;2400;20x120;AT.AREN;CENIZA;https://www.pamesa.com/ERP/4.0/empresas/151/045/imagenes/t00010602/0172410199235.jpg
17;241;53;9235;0172410539235;SI;REC.GLASS;20x120(n) AT.AREN SIENA;A;SI;SI;21.7500;PWO14;ATRIUM;PAMESA;J/44/07;;;8429991773335;M2;7;1.68;44;73.92;32.00;1,437.00;122.00;80.00;94.00;3;9.00;04/07/2018;PAMESA;PAMESA;GRES PORCELNICO;0172410539235;;WOODS;AREN;MADERA;;POLIVALENTE;BASE;BASE;MATE RECTIFICADO;VARIACION MODERADA;;SI;;;;CLASE 1;R9;;GRUPO BIa;GL Esmaltado;;;NO;;1600-2400 N - 35-45 N/mm2;1;017.241.0053.09235;120X280(6MM);CATLOGO PAMESA;;;20;120;9;2400;20x120;AT.AREN;SIENA;https://www.pamesa.com/ERP/4.0/empresas/151/045/imagenes/t00010602/0172410539235.jpg
17;241;285;9235;0172412859235;SI;REC.GLASS;20x120(n) AT.AREN TAUPE;A;SI;SI;21.7500;PWO14;ATRIUM;PAMESA;J/44/07;;;8429991773335;M2;7;1.68;44;73.92;32.00;1,437.00;122.00;80.00;94.00;3;9.00;04/07/2018;PAMESA;PAMESA;GRES PORCELNICO;0172412859235;;WOODS;AREN;MADERA;;POLIVALENTE;BASE;BASE;MATE RECTIFICADO;VARIACION MODERADA;;SI;;;;CLASE 1;R9;;GRUPO BIa;GL Esmaltado;;;NO;;1600-2400 N - 35-45 N/mm2;1;017.241.0285.09235;120X120;CATLOGO PAMESA;;;20;120;9;2400;20x120;AT.AREN;TAUPE;https://www.pamesa.com/ERP/4.0/empresas/151/045/imagenes/t00010602/0172412859235.jpg
17;241;56;9235;0172410569235;SI;REC.GLASS;20x120(n) AT.AREN TERRA;A;SI;SI;21.7500;PWO14;NO ENCAJAR;PAMESA;J/44/07;;;;M2;7;1.68;44;73.92;32.00;1,437.00;122.00;80.00;94.00;3;9.00;04/07/2018;PAMESA;PAMESA;GRES PORCELNICO;0172410569235;;WOODS;AREN;MADERA;;POLIVALENTE;BASE;BASE;MATE RECTIFICADO;VARIACION MODERADA;;SI;;;;CLASE 1;R9;;GRUPO BIa;GL Esmaltado;;;NO;;1600-2400 N - 35-45 N/mm2;1;017.241.0056.09235;120X120;CATLOGO PAMESA;;;20;120;9;2400;20x120;AT.AREN;TERRA;https://www.pamesa.com/ERP/4.0/empresas/151/045/imagenes/t00010602/0172410569235.jpg
15;68;12;6420;0150680126420;SI;COM.GL;23x120(N) BOREAL BLANCO;A;SI;SI;0.0000;PWO10;PAMESA;PAMESA;J/48/05;8429991985608;;8429991773182;M2;5;1.38;48;66.24;26.20;1,286.60;122.00;80.00;83.00;;8.50;19/12/2024;PAMESA;PAMESA;GRES PORCELNICO;0150680126420;;WOODS;BOREAL;MADERA;;POLIVALENTE;;BASE;MATE;VARIACION MODERADA;;NO;;;;CLASE 1;R9;;GRUPO BIa;GL Esmaltado;;;NO;;1600-2400 N - 35-45 N/mm2;1;015.068.0012.06420;90X90(N);CATLOGO PAMESA;;;23;120;8,5;2760;23x120;BOREAL;BLANCO;https://www.pamesa.com/ERP/4.0/empresas/151/045/imagenes/t00010602/0150680126420.jpg
15;68;165;6420;0150681656420;SI;COM.GL;23x120(N) BOREAL HAYA;A;SI;SI;0.0000;PWO10;PAMESA;PAMESA;J/48/05;8429991985677;;8429991773182;M2;5;1.38;48;66.24;26.20;1,286.60;122.00;80.00;83.00;;8.50;19/12/2024;PAMESA;PAMESA;GRES PORCELNICO;0150681656420;;WOODS;BOREAL;MADERA;;POLIVALENTE;;BASE;MATE;VARIACION MODERADA;;NO;;;;CLASE 1;R9;;GRUPO BIa;GL Esmaltado;;;NO;;1600-2400 N - 35-45 N/mm2;1;015.068.0165.06420;60X120 RF;CATLOGO PAMESA;;;23;120;8,5;2760;23x120;BOREAL;HAYA;https://www.pamesa.com/ERP/4.0/empresas/151/045/imagenes/t00010602/0150681656420.jpg
15;68;258;6420;0150682586420;SI;COM.GL;23x120(N) BOREAL MIEL;A;SI;SI;0.0000;PWO10;PAMESA;PAMESA;J/48/05;8429991985707;;8429991773182;M2;5;1.38;48;66.24;26.20;1,286.60;122.00;80.00;83.00;;8.50;19/12/2024;PAMESA;PAMESA;GRES PORCELNICO;0150682586420;;WOODS;BOREAL;MADERA;;POLIVALENTE;;BASE;MATE;VARIACION MODERADA;;NO;;;;CLASE 1;R9;;GRUPO BIa;GL Esmaltado;;;NO;;1600-2400 N - 35-45 N/mm2;1;015.068.0258.06420;60X60;CATLOGO PAMESA;;;23;120;8,5;2760;23x120;BOREAL;MIEL;https://www.pamesa.com/ERP/4.0/empresas/151/045/imagenes/t00010602/0150682586420.jpg
15;68;310;6420;0150683106420;SI;COM.GL;23x120(N) BOREAL NUT;A;SI;SI;0.0000;PWO10;PAMESA;PAMESA;J/48/05;8429991985745;;8429991773182;M2;5;1.38;48;66.24;26.20;1,286.60;122.00;80.00;83.00;;8.50;19/12/2024;PAMESA;PAMESA;GRES PORCELNICO;0150683106420;;WOODS;BOREAL;MADERA;;POLIVALENTE;;BASE;MATE;VARIACION MODERADA;;NO;;;;CLASE 1;R9;;GRUPO BIa;GL Esmaltado;;;NO;;1600-2400 N - 35-45 N/mm2;1;015.068.0310.06420;30X60 (C);CATLOGO PAMESA;;;23;120;8,5;2760;23x120;BOREAL;NUT;https://www.pamesa.com/ERP/4.0/empresas/151/045/imagenes/t00010602/0150683106420.jpg
15;535;310;6420;0155353106420;SI;COM.GL;23x120 BOREAL NUT;A;SI;SI;19.5000;PWO10;PAMESA;PAMESA;J/48/05;8429991523282;;8429991773182;M2;5;1.38;48;66.24;26.20;1,286.60;122.00;80.00;84.00;;;06/05/2020;PAMESA;PAMESA;GRES PORCELNICO;0155353106420;;WOODS;BOREAL;MADERA;;POLIVALENTE;BASE;BASE;MATE;VARIACION MODERADA;;SIN INFORMAR;;;;CLASE 1;R9;;GRUPO BIa;GL Esmaltado;;;NO;0.42;1600-2400 N - 35-45 N/mm2;1;015.535.0310.06420;30,3X61,3;CATLOGO PAMESA;;;23;120;8,5;2760;23x120;BOREAL;NUT;https://www.pamesa.com/ERP/4.0/empresas/151/045/imagenes/t00010602/0155353106420.jpg
15;68;36;6420;0150680366420;SI;COM.GL;23x120(N) BOREAL ROBLE;A;SI;SI;0.0000;PWO10;PAMESA;PAMESA;J/48/05;8429991985639;;8429991773182;M2;5;1.38;48;66.24;26.20;1,286.60;122.00;80.00;83.00;;8.50;19/12/2024;PAMESA;PAMESA;GRES PORCELNICO;0150680366420;;WOODS;BOREAL;MADERA;;POLIVALENTE;;BASE;MATE;VARIACION MODERADA;;NO;;;;CLASE 1;R9;;GRUPO BIa;GL Esmaltado;;;NO;;1600-2400 N - 35-45 N/mm2;1;015.068.0036.06420;60X120 RF;CATLOGO PAMESA;;;23;120;8,5;2760;23x120;BOREAL;ROBLE;https://www.pamesa.com/ERP/4.0/empresas/151/045/imagenes/t00010602/0150680366420.jpg
15;68;285;6420;0150682856420;SI;COM.GL;23x120(N) BOREAL TAUPE;A;SI;SI;0.0000;PWO10;PAMESA;PAMESA;J/48/05;8429991985721;;8429991773182;M2;5;1.38;48;66.24;26.20;1,286.60;122.00;80.00;83.00;;8.50;19/12/2024;PAMESA;PAMESA;GRES PORCELNICO;0150682856420;;WOODS;BOREAL;MADERA;;POLIVALENTE;;BASE;MATE;VARIACION MODERADA;;NO;;;;CLASE 1;R9;;GRUPO BIa;GL Esmaltado;;;NO;;1600-2400 N - 35-45 N/mm2;1;015.068.0285.06420;60X60;CATLOGO PAMESA;;;23;120;8,5;2760;23x120;BOREAL;TAUPE;https://www.pamesa.com/ERP/4.0/empresas/151/045/imagenes/t00010602/0150682856420.jpg
15;68;12;7641;0150680127641;SI;COM.GL;23x120(N) BOREAL DECK BLANCO;A;SI;SI;0.0000;PWO9;PAMESA;PAMESA;J/48/05;8429991985615;;8429991773182;M2;5;1.38;48;66.24;26.20;1,286.60;122.00;80.00;83.00;;8.50;19/12/2024;PAMESA;PAMESA;GRES PORCELNICO;0150680127641;;WOODS;BOREAL;MADERA;;PAVIMENTO;;RLV DECORADO;MATE;VARIACION MODERADA;;NO;;;;CLASE 3;R11;C;GRUPO BIa;GL Esmaltado;;36 Low;NO;;1600-2400 N - 35-45 N/mm2;1;015.068.0012.07641;90X90(N);CATLOGO PAMESA;;;23;120;8,5;2760;23x120;BOREAL DECK;BLANCO;https://www.pamesa.com/ERP/4.0/empresas/151/045/imagenes/t00010602/0150680127641.jpg
15;535;12;7641;0155350127641;SI;COM.GL;23x120 BOREAL DECK BLANCO;A;SI;SI;19.5000;PWO9;PAMESA;PAMESA;J/48/05;8429991552350;;8429991773182;M2;5;1.38;48;66.24;26.20;1,286.60;122.00;80.00;84.00;;;08/06/2020;PAMESA;PAMESA;GRES PORCELNICO;0155350127641;;WOODS;BOREAL;MADERA;;PAVIMENTO;BASE;RLV DECORADO;MATE;VARIACION MODERADA;;SIN INFORMAR;;;;CLASE 3;R11;C;GRUPO BIa;GL Esmaltado;;36 Low;NO;0.7;1600-2400 N - 35-45 N/mm2;1;015.535.0012.07641;60x60;CATLOGO PAMESA;;;23;120;8,5;2760;23x120;BOREAL DECK;BLANCO;https://www.pamesa.com/ERP/4.0/empresas/151/045/imagenes/t00010602/0155350127641.jpg
15;68;165;7641;0150681657641;SI;COM.GL;23x120(N) BOREAL DECK HAYA;A;SI;SI;0.0000;PWO9;PAMESA;PAMESA;J/48/05;8429991985684;;8429991773182;M2;5;1.38;48;66.24;26.20;1,286.60;122.00;80.00;83.00;;8.50;19/12/2024;PAMESA;PAMESA;GRES PORCELNICO;0150681657641;;WOODS;BOREAL;MADERA;;PAVIMENTO;;RLV DECORADO;MATE;VARIACION MODERADA;;NO;;;;CLASE 3;R11;C;GRUPO BIa;GL Esmaltado;;36 Low;NO;;1600-2400 N - 35-45 N/mm2;1;015.068.0165.07641;60X60;CATLOGO PAMESA;;;23;120;8,5;2760;23x120;BOREAL DECK;HAYA;https://www.pamesa.com/ERP/4.0/empresas/151/045/imagenes/t00010602/0150681657641.jpg
15;68;258;7641;0150682587641;SI;COM.GL;23x120(N) BOREAL DECK MIEL;A;SI;SI;0.0000;PWO9;PAMESA;PAMESA;J/48/05;8429991985714;;8429991773182;M2;5;1.38;48;66.24;26.20;1,286.60;122.00;80.00;83.00;;8.50;19/12/2024;PAMESA;PAMESA;GRES PORCELNICO;0150682587641;;WOODS;BOREAL;MADERA;;PAVIMENTO;;RLV DECORADO;MATE;VARIACION MODERADA;;NO;;;;CLASE 3;R11;C;GRUPO BIa;GL Esmaltado;;36 Low;NO;;1600-2400 N - 35-45 N/mm2;1;015.068.0258.07641;60X60;CATLOGO PAMESA;;;23;120;8,5;2760;23x120;BOREAL DECK;MIEL;https://www.pamesa.com/ERP/4.0/empresas/151/045/imagenes/t00010602/0150682587641.jpg
15;68;310;7641;0150683107641;SI;COM.GL;23x120(N) BOREAL DECK NUT;A;SI;SI;0.0000;PWO9;PAMESA;PAMESA;J/48/05;8429991985752;;8429991773182;M2;5;1.38;48;66.24;26.20;1,286.60;122.00;80.00;83.00;;8.50;19/12/2024;PAMESA;PAMESA;GRES PORCELNICO;0150683107641;;WOODS;BOREAL;MADERA;;PAVIMENTO;;RLV DECORADO;MATE;VARIACION MODERADA;;NO;;;;CLASE 3;R11;C;GRUPO BIa;GL Esmaltado;;36 Low;NO;;1600-2400 N - 35-45 N/mm2;1;015.068.0310.07641;30X60 (C);CATLOGO PAMESA;;;23;120;8,5;2760;23x120;BOREAL DECK;NUT;https://www.pamesa.com/ERP/4.0/empresas/151/045/imagenes/t00010602/0150683107641.jpg
15;68;36;7641;0150680367641;SI;COM.GL;23x120(N) BOREAL DECK ROBLE;A;SI;SI;0.0000;PWO9;PAMESA;PAMESA;J/48/05;8429991985646;;8429991773182;M2;5;1.38;48;66.24;26.20;1,286.60;122.00;80.00;83.00;;8.50;19/12/2024;PAMESA;PAMESA;GRES PORCELNICO;0150680367641;;WOODS;BOREAL;MADERA;;PAVIMENTO;;RLV DECORADO;MATE;VARIACION MODERADA;;NO;;;;CLASE 3;R11;C;GRUPO BIa;GL Esmaltado;;36 Low;NO;;1600-2400 N - 35-45 N/mm2;1;015.068.0036.07641;60X120 RF;CATLOGO PAMESA;;;23;120;8,5;2760;23x120;BOREAL DECK;ROBLE;https://www.pamesa.com/ERP/4.0/empresas/151/045/imagenes/t00010602/0150680367641.jpg
15;68;285;7641;0150682857641;SI;COM.GL;23x120(N) BOREAL DECK TAUPE;A;SI;SI;0.0000;PWO9;PAMESA;PAMESA;J/48/05;8429991985738;;8429991773182;M2;5;1.38;48;66.24;26.20;1,286.60;122.00;80.00;83.00;;8.50;19/12/2024;PAMESA;PAMESA;GRES PORCELNICO;0150682857641;;WOODS;BOREAL;MADERA;;PAVIMENTO;;RLV DECORADO;MATE;VARIACION MODERADA;;NO;;;;CLASE 3;R11;C;GRUPO BIa;GL Esmaltado;;36 Low;NO;;1600-2400 N - 35-45 N/mm2;1;015.068.0285.07641;60X60;CATLOGO PAMESA;;;23;120;8,5;2760;23x120;BOREAL DECK;TAUPE;https://www.pamesa.com/ERP/4.0/empresas/151/045/imagenes/t00010602/0150682857641.jpg
15;612;17;451;0156120170451;SI;COM.GL;25x100 CARSON ARENA;A;SI;SI;18.2500;PWO16;PAMESA;PAMESA;S/36/06;8429991371487;;8429991773182;M2;6;1.50;36;54.00;28.50;1,046.00;110.00;110.00;65.00;;;05/04/2018;ATRIUM;SERIE ATRIUM;GRES PORCELNICO;0156120170451;;WOODS;CARSON;MADERA;;POLIVALENTE;BASE;BASE;MATE;VARIACION ALTA;NO;SIN INFORMAR;;;;CLASE 1;R9;;GRUPO BIa;GL Esmaltado;50 Low;30 Moderate;NO;;1600-2400 N - 35-45 N/mm2;3;015.612.0017.00451;33,3x33,3;CATLOGO PAMESA;;;25;100;8,6;2500;25x100;CARSON;ARENA;https://www.pamesa.com/ERP/4.0/empresas/151/045/imagenes/t00010602/0156120170451.jpg
15;612;19;451;0156120190451;SI;COM.GL;25x100 CARSON CENIZA;A;SI;SI;18.2500;PWO16;PAMESA;PAMESA;S/36/06;8429991371449;;8429991773182;M2;6;1.50;36;54.00;28.50;1,046.00;110.00;110.00;65.00;;;05/04/2018;ATRIUM;SERIE ATRIUM;GRES PORCELNICO;0156120190451;;WOODS;CARSON;MADERA;;POLIVALENTE;BASE;BASE;MATE;VARIACION ALTA;NO;SIN INFORMAR;;;;CLASE 1;R9;;GRUPO BIa;GL Esmaltado;50 Low;30 Moderate;NO;;1600-2400 N - 35-45 N/mm2;3;015.612.0019.00451;33,3x33,3;CATLOGO PAMESA;;;25;100;8,6;2500;25x100;CARSON;CENIZA;https://www.pamesa.com/ERP/4.0/empresas/151/045/imagenes/t00010602/0156120190451.jpg
1;670;203;2672;0016702032672;SI;PVTO.;20x60 CASTLE ANTIC;A;SI;SI;14.5000;RED04;PAMESA;PAMESA;F/80/09 P.;8429991031725;;8429991773267;M2;9;1.08;80;86.40;21.08;1,706.40;120.00;80.00;114.00;0;9.50;21/05/2013;PAMESA;PAMESA;PAVIMENTO PASTA ROJA;0016702032672;;WOODS;CASTLE;MADERA;;PAVIMENTO;BASE;BASE;MATE;VARIACION ALTA;;SI;;42;PEI III;CLASE 1;;;GRUPO BIIa;GL Esmaltado;;;NO;;1100-1900 N - 30-40 N/mm2;1;001.670.0203.02672;5X25M2 RECTO;CATLOGO PAMESA;;;20;60;9,5;1200;20x60;CASTLE;ANTIC;https://www.pamesa.com/ERP/4.0/empresas/151/045/imagenes/t00010602/0016702032672.jpg
1;670;274;2672;0016702742672;SI;PVTO.;20x60 CASTLE CENERE;A;SI;SI;14.5000;RED04;PAMESA;PAMESA;F/80/09 P.;8429991047955;;8429991773267;M2;9;1.08;80;86.40;21.08;1,706.40;120.00;80.00;114.00;0;9.50;22/11/2013;PAMESA;PAMESA;PAVIMENTO PASTA ROJA;0016702742672;;WOODS;CASTLE;MADERA;;PAVIMENTO;BASE;BASE;MATE;VARIACION ALTA;;SI;;42;PEI IV;CLASE 1;;;GRUPO BIIa;GL Esmaltado;;;NO;;1100-1900 N - 30-40 N/mm2;1;001.670.0274.02672;22,3X22,3;CATLOGO PAMESA;;;20;60;9,5;1200;20x60;CASTLE;CENERE;https://www.pamesa.com/ERP/4.0/empresas/151/045/imagenes/t00010602/0016702742672.jpg
1;670;265;2672;0016702652672;SI;PVTO.;20x60 CASTLE COCOA;A;SI;SI;14.5000;RED04;PAMESA;PAMESA;F/80/09 P.;8429991048556;;8429991773267;M2;9;1.08;80;86.40;21.08;1,706.40;120.00;80.00;114.00;0;9.50;03/12/2013;PAMESA;PAMESA;PAVIMENTO PASTA ROJA;0016702652672;;WOODS;CASTLE;MADERA;;PAVIMENTO;BASE;BASE;MATE;VARIACION ALTA;;SI;;44;PEI IV;CLASE 1;;;GRUPO BIIa;GL Esmaltado;;;NO;;1100-1900 N - 30-40 N/mm2;1;001.670.0265.02672;22,3X22,3;CATLOGO PAMESA;;;20;60;9,5;1200;20x60;CASTLE;COCOA;https://www.pamesa.com/ERP/4.0/empresas/151/045/imagenes/t00010602/0016702652672.jpg
1;670;343;2672;0016703432672;SI;PVTO.;20x60 CASTLE HAPPY;A;SI;SI;14.5000;RED04;PAMESA;PAMESA;F/80/09 P.;8429991078904;;8429991773267;M2;9;1.08;80;86.40;21.08;1,706.40;120.00;80.00;114.00;0;9.50;17/11/2014;PAMESA;PAMESA;PAVIMENTO PASTA ROJA;0016703432672;;WOODS;CASTLE;MADERA;;PAVIMENTO;BASE;BASE;BRILLO;VARIACION ALTA;;SI;;45;PEI IV;;;;GRUPO BIIa;GL Esmaltado;;;NO;;1100-1900 N - 30-40 N/mm2;1;001.670.0343.02672;22,3X22,3;CATLOGO PAMESA;;;20;60;9,5;1200;20x60;CASTLE;HAPPY;https://www.pamesa.com/ERP/4.0/empresas/151/045/imagenes/t00010602/0016703432672.jpg
1;670;204;2672;0016702042672;SI;PVTO.;20x60 CASTLE LIGHT;A;SI;SI;14.5000;RED04;PAMESA;PAMESA;F/80/09 P.;8429991049850;;8429991773267;M2;9;1.08;80;86.40;21.08;1,706.40;120.00;80.00;114.00;0;9.50;03/01/2014;PAMESA;PAMESA;PAVIMENTO PASTA ROJA;0016702042672;;WOODS;CASTLE;MADERA;;PAVIMENTO;BASE;BASE;MATE;VARIACION MODERADA;;SI;;46;PEI IV;CLASE 1;;;GRUPO BIIa;GL Esmaltado;;;NO;;1100-1900 N - 30-40 N/mm2;1;001.670.0204.02672;5X25M2 RECTO;CATLOGO PAMESA;;;20;60;9,5;1200;20x60;CASTLE;LIGHT;https://www.pamesa.com/ERP/4.0/empresas/151/045/imagenes/t00010602/0016702042672.jpg
17;241;198;11912;0172410015622;SI;REC.GLASS;20x120(n) DAKOTA ARCE;A;SI;SI;21.7500;PWO14;PAMESA;PAMESA;J/44/07;8429991756246;;8429991773199;M2;7;1.68;44;73.92;32.00;1,437.00;122.00;80.00;94.00;3;9.00;02/08/2022;PAMESA;SERIE ATRIUM;GRES PORCELNICO;0172410015622;;WOODS;DAKOTA;MADERA;;POLIVALENTE;BASE;BASE;MATE RECTIFICADO;VARIACION ALTA;;SIN INFORMAR;;;;CLASE 1;R9;;GRUPO BIa;GL Esmaltado;;;NO;;1600-2400 N - 35-45 N/mm2;1;017.241.0198.11912;60X120(n);CATLOGO PAMESA;;;20;120;9;2400;20x120;DAKOTA;ARCE;https://www.pamesa.com/ERP/4.0/empresas/151/045/imagenes/t00010602/0172410015622.jpg
17;241;18;11912;0172410015625;SI;REC.GLASS;20x120(n) DAKOTA FRESNO;A;SI;SI;21.7500;PWO14;PAMESA;PAMESA;J/44/07;8429991756260;;8429991773199;M2;7;1.68;44;73.92;32.00;1,437.00;122.00;80.00;94.00;3;9.00;02/08/2022;PAMESA;SERIE ATRIUM;GRES PORCELNICO;0172410015625;;WOODS;DAKOTA;MADERA;;POLIVALENTE;BASE;BASE;MATE RECTIFICADO;VARIACION ALTA;;SIN INFORMAR;;;;CLASE 1;R9;;GRUPO BIa;GL Esmaltado;;;NO;;1600-2400 N - 35-45 N/mm2;1;017.241.0018.11912;60X120(n);CATLOGO PAMESA;;;20;120;9;2400;20x120;DAKOTA;FRESNO;https://www.pamesa.com/ERP/4.0/empresas/151/045/imagenes/t00010602/0172410015625.jpg
17;241;108;11913;0172410015627;SI;REC.GLASS;20x120(n) DENVER WHITE;A;SI;SI;21.7500;PWO14;PAMESA;PAMESA;J/44/07;8429991756277;;8429991773199;M2;7;1.68;44;73.92;32.00;1,437.00;122.00;80.00;94.00;3;9.00;02/08/2022;PAMESA;SERIE ATRIUM;GRES PORCELNICO;0172410015627;;WOODS;DENVER;MADERA;;POLIVALENTE;BASE;BASE;MATE RECTIFICADO;VARIACION ALTA;;SIN INFORMAR;;;;CLASE 1;R10;B;GRUPO BIa;GL Esmaltado;;;NO;;1600-2400 N - 35-45 N/mm2;1;017.241.0108.11913;120X120;CATLOGO PAMESA;;;20;120;9;2400;20x120;DENVER;WHITE;https://www.pamesa.com/ERP/4.0/empresas/151/045/imagenes/t00010602/0172410015627.jpg
17;241;12;14635;0172410023495;SI;REC.GLASS;20x120(n) ETERNITY BLANCO;A;SI;SI;21.7500;PWO14;PAMESA;PAMESA;J/44/07;8429991938413;;8429991773199;M2;7;1.68;44;73.92;32.00;1,437.00;122.00;80.00;94.00;3;9.00;06/06/2024;PAMESA;PAMESA;GRES PORCELNICO;0172410023495;;WOODS;ETERNITY;MADERA;;POLIVALENTE;BASE;BASE;MATE RECTIFICADO;VARIACION MODERADA;;NO;NO;;;CLASE 1;R9;;GRUPO BIa;GL Esmaltado;;;NO;;1600-2400 N - 35-45 N/mm2;1;017.241.0012.14635;60X120 RF;CATLOGO PAMESA;;;20;120;9;2400;20x120;ETERNITY;BLANCO;https://www.pamesa.com/ERP/4.0/empresas/151/045/imagenes/t00010602/0172410023495.jpg
17;241;3;14635;0172410023488;SI;REC.GLASS;20x120(n) ETERNITY NEGRO;A;SI;SI;21.7500;PWO14;PAMESA;PAMESA;J/44/07;8429991938406;;8429991773199;M2;7;1.68;44;73.92;32.00;1,437.00;122.00;80.00;94.00;3;9.00;06/06/2024;PAMESA;PAMESA;GRES PORCELNICO;0172410023488;;WOODS;ETERNITY;MADERA;;POLIVALENTE;BASE;BASE;MATE RECTIFICADO;VARIACION MODERADA;;NO;NO;;;CLASE 1;R9;;GRUPO BIa;GL Esmaltado;;;NO;;1600-2400 N - 35-45 N/mm2;1;017.241.0003.14635;60X120 RF;CATLOGO PAMESA;;;20;120;9;2400;20x120;ETERNITY;NEGRO;https://www.pamesa.com/ERP/4.0/empresas/151/045/imagenes/t00010602/0172410023488.jpg
17;241;198;13633;0172410020613;SI;REC.GLASS;20x120(n) EVOQUE ARCE;A;SI;SI;21.7500;PWO14;PAMESA;PAMESA;J/44/07;8429991838737;;8429991773199;M2;7;1.68;44;73.92;32.00;1,437.00;122.00;80.00;94.00;3;9.00;07/07/2023;ATRIUM;SERIE ATRIUM;GRES PORCELNICO;0172410020613;;WOODS;EVOQUE;MADERA;;POLIVALENTE;BASE;BASE;MATE RECTIFICADO;VARIACION ALTA;;ESTRUCTURANTE;;;;CLASE 1;R9;;GRUPO BIa;GL Esmaltado;;;NO;;1600-2400 N - 35-45 N/mm2;3;017.241.0198.13633;60X60n(C);CATLOGO PAMESA;;;20;120;9;2400;20x120;EVOQUE;ARCE;https://www.pamesa.com/ERP/4.0/empresas/151/045/imagenes/t00010602/0172410020613.jpg
17;241;17;13633;0172410020614;SI;REC.GLASS;20x120(n) EVOQUE ARENA;A;SI;SI;21.7500;PWO14;PAMESA;PAMESA;J/44/07;8429991838744;;8429991773199;M2;7;1.68;44;73.92;32.00;1,437.00;122.00;80.00;94.00;3;9.00;07/07/2023;ATRIUM;SERIE ATRIUM;GRES PORCELNICO;0172410020614;;WOODS;EVOQUE;MADERA;;POLIVALENTE;BASE;BASE;MATE RECTIFICADO;VARIACION ALTA;;ESTRUCTURANTE;;;;CLASE 1;R9;;GRUPO BIa;GL Esmaltado;;;NO;;1600-2400 N - 35-45 N/mm2;3;017.241.0017.13633;60X120(n);CATLOGO PAMESA;;;20;120;9;2400;20x120;EVOQUE;ARENA;https://www.pamesa.com/ERP/4.0/empresas/151/045/imagenes/t00010602/0172410020614.jpg
17;241;37;13633;0172410020609;SI;REC.GLASS;20x120(n) EVOQUE PERLA;A;SI;SI;21.7500;PWO14;PAMESA;PAMESA;J/44/07;8429991838706;;8429991773199;M2;7;1.68;44;73.92;32.00;1,437.00;122.00;80.00;94.00;3;9.00;07/07/2023;ATRIUM;SERIE ATRIUM;GRES PORCELNICO;0172410020609;;WOODS;EVOQUE;MADERA;;POLIVALENTE;BASE;BASE;MATE RECTIFICADO;VARIACION ALTA;;ESTRUCTURANTE;;;;CLASE 1;R9;;GRUPO BIa;GL Esmaltado;;;NO;;1600-2400 N - 35-45 N/mm2;3;017.241.0037.13633;30X30 (5)MALLA;CATLOGO PAMESA;;;20;120;9;2400;20x120;EVOQUE;PERLA;https://www.pamesa.com/ERP/4.0/empresas/151/045/imagenes/t00010602/0172410020609.jpg
17;241;36;13633;0172410020611;SI;REC.GLASS;20x120(n) EVOQUE ROBLE;A;SI;SI;21.7500;PWO14;PAMESA;PAMESA;J/44/07;8429991838720;;8429991773199;M2;7;1.68;44;73.92;32.00;1,437.00;122.00;80.00;94.00;3;9.00;07/07/2023;ATRIUM;SERIE ATRIUM;GRES PORCELNICO;0172410020611;;WOODS;EVOQUE;MADERA;;POLIVALENTE;BASE;BASE;MATE RECTIFICADO;VARIACION ALTA;;ESTRUCTURANTE;;;;CLASE 1;R9;;GRUPO BIa;GL Esmaltado;;;NO;;1600-2400 N - 35-45 N/mm2;3;017.241.0036.13633;30x30(7)Malla;CATLOGO PAMESA;;;20;120;9;2400;20x120;EVOQUE;ROBLE;https://www.pamesa.com/ERP/4.0/empresas/151/045/imagenes/t00010602/0172410020611.jpg
17;241;285;13633;0172410020610;SI;REC.GLASS;20x120(n) EVOQUE TAUPE;A;SI;SI;21.7500;PWO14;PAMESA;PAMESA;J/44/07;8429991838713;;8429991773199;M2;7;1.68;44;73.92;32.00;1,437.00;122.00;80.00;94.00;3;9.00;07/07/2023;ATRIUM;SERIE ATRIUM;GRES PORCELNICO;0172410020610;;WOODS;EVOQUE;MADERA;;POLIVALENTE;BASE;BASE;MATE RECTIFICADO;VARIACION ALTA;;ESTRUCTURANTE;;;;CLASE 1;R9;;GRUPO BIa;GL Esmaltado;;;NO;;1600-2400 N - 35-45 N/mm2;3;017.241.0285.13633;120X120;CATLOGO PAMESA;;;20;120;9;2400;20x120;EVOQUE;TAUPE;https://www.pamesa.com/ERP/4.0/empresas/151/045/imagenes/t00010602/0172410020610.jpg
1;670;266;2437;0016702662437;SI;PVTO.;20x60 FRONDA ABETO;A;SI;SI;14.5000;RED04;PAMESA;PAMESA;F/80/09 P.;8429991137144;;8429991773267;M2;9;1.08;80;86.40;21.08;1,706.40;120.00;80.00;114.00;0;9.50;23/05/2012;PAMESA;PAMESA;PAVIMENTO PASTA ROJA;0016702662437;;WOODS;FRONDA;MADERA;;PAVIMENTO;BASE;BASE;MATE;VARIACION MODERADA;;SI;;16;PEI IV;CLASE 1;;;GRUPO BIIa;GL Esmaltado;60 Low;30 Moderate;NO;;1100-1900 N - 30-40 N/mm2;1;001.670.0266.02437;22,3X22,3;CATLOGO PAMESA;;;20;60;9,5;1200;20x60;FRONDA;ABETO;https://www.pamesa.com/ERP/4.0/empresas/151/045/imagenes/t00010602/0016702662437.jpg
1;670;198;2437;0016701982437;SI;PVTO.;20x60 FRONDA ARCE;A;SI;SI;14.5000;RED04;PAMESA;PAMESA;F/80/09 P.;8429991137120;;8429991773267;M2;9;1.08;80;86.40;21.08;1,706.40;120.00;80.00;114.00;0;9.50;23/05/2012;PAMESA;PAMESA;PAVIMENTO PASTA ROJA;0016701982437;;WOODS;FRONDA;MADERA;;PAVIMENTO;BASE;BASE;MATE;VARIACION MODERADA;;SI;;16;PEI IV;CLASE 1;;;GRUPO BIIa;GL Esmaltado;60 Low;30 Moderate;NO;;1100-1900 N - 30-40 N/mm2;1;001.670.0198.02437;5X25M2 RECTO;CATLOGO PAMESA;;;20;60;9,5;1200;20x60;FRONDA;ARCE;https://www.pamesa.com/ERP/4.0/empresas/151/045/imagenes/t00010602/0016701982437.jpg
1;670;232;2437;0016702322437;SI;PVTO.;20x60 FRONDA CEREZO;A;SI;SI;14.5000;RED04;PAMESA;PAMESA;F/80/09 P.;8429991137137;;8429991773267;M2;9;1.08;80;86.40;21.08;1,706.40;120.00;80.00;114.00;0;9.50;23/05/2012;PAMESA;PAMESA;PAVIMENTO PASTA ROJA;0016702322437;;WOODS;FRONDA;MADERA;;PAVIMENTO;BASE;BASE;MATE;VARIACION MODERADA;;SI;;16;PEI III;CLASE 1;;;GRUPO BIIa;GL Esmaltado;60 Low;30 Moderate;NO;;1100-1900 N - 30-40 N/mm2;1;001.670.0232.02437;22,3X22,3;CATLOGO PAMESA;;;20;60;9,5;1200;20x60;FRONDA;CEREZO;https://www.pamesa.com/ERP/4.0/empresas/151/045/imagenes/t00010602/0016702322437.jpg
1;670;165;2437;0016701652437;SI;PVTO.;20x60 FRONDA HAYA;A;SI;SI;14.5000;RED04;PAMESA;PAMESA;F/80/09 P.;8429991137106;;8429991773267;M2;9;1.08;80;86.40;21.08;1,706.40;120.00;80.00;114.00;0;9.50;23/05/2012;PAMESA;PAMESA;PAVIMENTO PASTA ROJA;0016701652437;;WOODS;FRONDA;MADERA;;PAVIMENTO;BASE;BASE;MATE;VARIACION MODERADA;;SI;;16;PEI IV;CLASE 1;;;GRUPO BIIa;GL Esmaltado;60 Low;30 Moderate;NO;;1100-1900 N - 30-40 N/mm2;1;001.670.0165.02437;7X28 C.G.;CATLOGO PAMESA;;;20;60;9,5;1200;20x60;FRONDA;HAYA;https://www.pamesa.com/ERP/4.0/empresas/151/045/imagenes/t00010602/0016701652437.jpg
1;670;28;2437;0016700282437;SI;PVTO.;20x60 FRONDA MARENGO;A;SI;SI;14.5000;RED04;PAMESA;PAMESA;F/80/09 P.;8429991137588;;8429991773267;M2;9;1.08;80;86.40;21.08;1,706.40;120.00;80.00;114.00;0;9.50;10/07/2012;PAMESA;PAMESA;PAVIMENTO PASTA ROJA;0016700282437;;WOODS;FRONDA;MADERA;;PAVIMENTO;BASE;BASE;MATE;VARIACION MODERADA;;SI;;16;PEI IV;CLASE 1;;;GRUPO BIIa;GL Esmaltado;60 Low;30 Moderate;NO;;1100-1900 N - 30-40 N/mm2;1;001.670.0028.02437;5X25M2 RECTO;CATLOGO PAMESA;;;20;60;9,5;1200;20x60;FRONDA;MARENGO;https://www.pamesa.com/ERP/4.0/empresas/151/045/imagenes/t00010602/0016700282437.jpg
1;670;805;2437;0016708052437;SI;PVTO.;20x60 FRONDA MUSGO;A;SI;SI;14.5000;RED04;PAMESA;PAMESA;F/80/09 P.;8429991137151;;8429991773267;M2;9;1.08;80;86.40;21.08;1,706.40;120.00;80.00;114.00;0;9.50;23/05/2012;PAMESA;PAMESA;PAVIMENTO PASTA ROJA;0016708052437;;WOODS;FRONDA;MADERA;;PAVIMENTO;BASE;BASE;MATE;VARIACION MODERADA;;SI;;16;PEI IV;CLASE 1;;;GRUPO BIIa;GL Esmaltado;60 Low;30 Moderate;NO;;1100-1900 N - 30-40 N/mm2;1;001.670.0805.02437;22,3X22,3;CATLOGO PAMESA;;;20;60;9,5;1200;20x60;FRONDA;MUSGO;https://www.pamesa.com/ERP/4.0/empresas/151/045/imagenes/t00010602/0016708052437.jpg
1;670;34;2437;0016700342437;SI;PVTO.;20x60 FRONDA NOGAL;A;SI;SI;14.5000;RED04;PAMESA;PAMESA;F/80/09 P.;8429991137083;;8429991773267;M2;9;1.08;80;86.40;21.08;1,706.40;120.00;80.00;114.00;0;9.50;23/05/2012;PAMESA;PAMESA;PAVIMENTO PASTA ROJA;0016700342437;;WOODS;FRONDA;MADERA;;PAVIMENTO;BASE;BASE;MATE;VARIACION MODERADA;;SI;;16;PEI III;CLASE 1;;;GRUPO BIIa;GL Esmaltado;60 Low;30 Moderate;NO;;1100-1900 N - 30-40 N/mm2;1;001.670.0034.02437;5X25M2 RECTO;CATLOGO PAMESA;;;20;60;9,5;1200;20x60;FRONDA;NOGAL;https://www.pamesa.com/ERP/4.0/empresas/151/045/imagenes/t00010602/0016700342437.jpg
1;670;37;2437;0016700372437;SI;PVTO.;20x60 FRONDA PERLA;A;SI;SI;14.5000;RED04;PAMESA;PAMESA;F/80/09 P.;8429991137595;;8429991773267;M2;9;1.08;80;86.40;21.08;1,706.40;120.00;80.00;114.00;0;9.50;10/07/2012;PAMESA;PAMESA;PAVIMENTO PASTA ROJA;0016700372437;;WOODS;FRONDA;MADERA;;PAVIMENTO;BASE;BASE;MATE;VARIACION MODERADA;;SI;;16;PEI IV;CLASE 1;;;GRUPO BIIa;GL Esmaltado;60 Low;30 Moderate;NO;;1100-1900 N - 30-40 N/mm2;1;001.670.0037.02437;7X28 C.G.;CATLOGO PAMESA;;;20;60;9,5;1200;20x60;FRONDA;PERLA;https://www.pamesa.com/ERP/4.0/empresas/151/045/imagenes/t00010602/0016700372437.jpg
1;670;36;2437;0016700362437;SI;PVTO.;20x60 FRONDA ROBLE;A;SI;SI;14.5000;RED04;PAMESA;PAMESA;F/80/09 P.;8429991137090;;8429991773267;M2;9;1.08;80;86.40;21.08;1,706.40;120.00;80.00;114.00;0;9.50;23/05/2012;PAMESA;PAMESA;PAVIMENTO PASTA ROJA;0016700362437;;WOODS;FRONDA;MADERA;;PAVIMENTO;BASE;BASE;MATE;VARIACION MODERADA;;SI;;16;PEI III;CLASE 1;;;GRUPO BIIa;GL Esmaltado;60 Low;30 Moderate;NO;;1100-1900 N - 30-40 N/mm2;1;001.670.0036.02437;5X25M2 RECTO;CATLOGO PAMESA;;;20;60;9,5;1200;20x60;FRONDA;ROBLE;https://www.pamesa.com/ERP/4.0/empresas/151/045/imagenes/t00010602/0016700362437.jpg
1;670;197;2437;0016701972437;SI;PVTO.;20x60 FRONDA WENGUE;A;SI;SI;14.5000;RED04;PAMESA;PAMESA;F/80/09 P.;8429991137113;;8429991773267;M2;9;1.08;80;86.40;21.08;1,706.40;120.00;80.00;114.00;0;9.50;23/05/2012;PAMESA;PAMESA;PAVIMENTO PASTA ROJA;0016701972437;;WOODS;FRONDA;MADERA;;PAVIMENTO;BASE;BASE;MATE;VARIACION MODERADA;;SI;;16;PEI III;CLASE 1;;;GRUPO BIIa;GL Esmaltado;60 Low;30 Moderate;NO;;1100-1900 N - 30-40 N/mm2;1;001.670.0197.02437;5X25M2 RECTO;CATLOGO PAMESA;;;20;60;9,5;1200;20x60;FRONDA;WENGUE;https://www.pamesa.com/ERP/4.0/empresas/151/045/imagenes/t00010602/0016701972437.jpg
15;440;344;697;0154403440697;SI;COM.GL;60,8x60,8 GREENPARK ASH;A;SI;SI;17.7500;PWO4;PAMESA;PAMESA;F/30/04 9MM;8429991452704;;8429991773182;M2;4;1.48;30;44.40;29.70;911.00;120.00;80.00;74.00;;9.00;28/06/2019;PAMESA;JUBILEE;GRES PORCELNICO;0154403440697;;WOODS;GREENPARK;MADERA;;PAVIMENTO;BASE;BASE;MATE;VARIACION MODERADA;;SIN INFORMAR;;4;;CLASE 1;R9;;GRUPO BIa;GL Esmaltado;30 Moderate;25 Moderate;NO;;1600-2400 N - 35-45 N/mm2;1;015.440.0344.00697;60X120(n);CATLOGO PAMESA;;;60,8;60,8;9;3696,64;60,8x60,8;GREENPARK;ASH;https://www.pamesa.com/ERP/4.0/empresas/151/045/imagenes/t00010602/0154403440697.jpg
15;440;413;697;0154404130697;SI;COM.GL;60,8x60,8 GREENPARK BONE;A;SI;SI;17.7500;PWO4;PAMESA;PAMESA;F/30/04 9MM;8429991452711;;8429991773182;M2;4;1.48;30;44.40;29.70;911.00;120.00;80.00;74.00;;9.00;28/06/2019;PAMESA;JUBILEE;GRES PORCELNICO;0154404130697;;WOODS;GREENPARK;MADERA;;PAVIMENTO;BASE;BASE;MATE;VARIACION MODERADA;;SIN INFORMAR;;4;;CLASE 1;R9;;GRUPO BIa;GL Esmaltado;30 Moderate;25 Moderate;NO;;1600-2400 N - 35-45 N/mm2;1;015.440.0413.00697;60X120(n);CATLOGO PAMESA;;;60,8;60,8;9;3696,64;60,8x60,8;GREENPARK;BONE;https://www.pamesa.com/ERP/4.0/empresas/151/045/imagenes/t00010602/0154404130697.jpg
17;241;109;11744;0172410029071;SI;REC.GLASS;20x120(n) GROVE BROWN;A;SI;SI;0.0000;PWO14;PAMESA;PAMESA;J/44/07;8429991136543;;8429991773199;M2;7;1.68;44;73.92;32.00;1,437.00;122.00;80.00;94.00;3;9.00;06/05/2025;PAMESA;PAMESA;GRES PORCELNICO;0172410029071;;WOODS;GROVE;MADERA;;POLIVALENTE;BASE;BASE;MATE RECTIFICADO;VARIACION ALTA;;NO;;;;CLASE 1;R9;;GRUPO BIa;GL Esmaltado;;;NO;;1600-2400 N - 35-45 N/mm2;1;017.241.0109.11744;100X100;CATLOGO PAMESA;;;20;120;9;2400;20x120;GROVE;BROWN;https://www.pamesa.com/ERP/4.0/empresas/151/045/imagenes/t00010602/0172410029071.jpg
17;241;119;11744;0172410029072;SI;REC.GLASS;20x120(n) GROVE SAND;A;SI;SI;0.0000;PWO14;PAMESA;PAMESA;J/44/07;8429991136550;;8429991773199;M2;7;1.68;44;73.92;32.00;1,437.00;122.00;80.00;94.00;3;9.00;06/05/2025;PAMESA;PAMESA;GRES PORCELNICO;0172410029072;;WOODS;GROVE;MADERA;;POLIVALENTE;BASE;BASE;MATE RECTIFICADO;VARIACION ALTA;;NO;;;;CLASE 1;R9;;GRUPO BIa;GL Esmaltado;;;NO;;1600-2400 N - 35-45 N/mm2;1;017.241.0119.11744;90X90(N);CATLOGO PAMESA;;;20;120;9;2400;20x120;GROVE;SAND;https://www.pamesa.com/ERP/4.0/empresas/151/045/imagenes/t00010602/0172410029072.jpg
17;241;369;11744;0172410029073;SI;REC.GLASS;20x120(n) GROVE TAN;A;SI;SI;0.0000;PWO14;PAMESA;PAMESA;J/44/07;8429991136567;;8429991773199;M2;7;1.68;44;73.92;32.00;1,437.00;122.00;80.00;94.00;3;9.00;06/05/2025;PAMESA;PAMESA;GRES PORCELNICO;0172410029073;;WOODS;GROVE;MADERA;;POLIVALENTE;BASE;BASE;MATE RECTIFICADO;VARIACION ALTA;;NO;;;;CLASE 1;R9;;GRUPO BIa;GL Esmaltado;;;NO;;1600-2400 N - 35-45 N/mm2;1;017.241.0369.11744;90X90(N);CATLOGO PAMESA;;;20;120;9;2400;20x120;GROVE;TAN;https://www.pamesa.com/ERP/4.0/empresas/151/045/imagenes/t00010602/0172410029073.jpg
17;241;370;11744;0172410029074;SI;REC.GLASS;20x120(n) GROVE UMBER;A;SI;SI;0.0000;PWO14;PAMESA;PAMESA;J/44/07;8429991136574;;8429991773199;M2;7;1.68;44;73.92;32.00;1,437.00;122.00;80.00;94.00;3;9.00;06/05/2025;PAMESA;PAMESA;GRES PORCELNICO;0172410029074;;WOODS;GROVE;MADERA;;POLIVALENTE;BASE;BASE;MATE RECTIFICADO;VARIACION ALTA;;NO;;;;CLASE 1;R9;;GRUPO BIa;GL Esmaltado;;;NO;;1600-2400 N - 35-45 N/mm2;1;017.241.0370.11744;60X120(n);CATLOGO PAMESA;;;20;120;9;2400;20x120;GROVE;UMBER;https://www.pamesa.com/ERP/4.0/empresas/151/045/imagenes/t00010602/0172410029074.jpg
17;241;108;11744;0172410029070;SI;REC.GLASS;20x120(n) GROVE WHITE;A;SI;SI;0.0000;PWO14;PAMESA;PAMESA;J/44/07;8429991136536;;8429991773199;M2;7;1.68;44;73.92;32.00;1,437.00;122.00;80.00;94.00;3;9.00;06/05/2025;PAMESA;PAMESA;GRES PORCELNICO;0172410029070;;WOODS;GROVE;MADERA;;POLIVALENTE;BASE;BASE;MATE RECTIFICADO;VARIACION ALTA;;NO;;;;CLASE 1;R9;;GRUPO BIa;GL Esmaltado;;;NO;;1600-2400 N - 35-45 N/mm2;1;017.241.0108.11744;120X120;CATLOGO PAMESA;;;20;120;9;2400;20x120;GROVE;WHITE;https://www.pamesa.com/ERP/4.0/empresas/151/045/imagenes/t00010602/0172410029070.jpg
17;120;97;9720;0171200979720;SI;REC.GLASS;120x120 CR.INZA ALMOND;A;SI;SI;42.2500;PWO1;PAMESA;PAMESA;23/36/01;8429991414610;;8429991773199;M2;1;1.44;36;51.84;34.36;1,276.96;126.00;126.00;71.00;;;11/01/2019;PAMESA;SERIE CROMAT;GRES PORCELNICO;0171200979720;;WOODS;INZA;MADERA;;POLIVALENTE;BASE;BASE;MATE RECTIFICADO;VARIACION ALTA;;SIN INFORMAR;;;;CLASE 1;R9;;GRUPO BIa;GL Esmaltado;55 Low;35 Moderate;NO;;1600-2400 N - 35-45 N/mm2;1;017.120.0097.09720;33,3x55;CATLOGO PAMESA;;;120;120;10,2;14400;120x120;CR.INZA;ALMOND;https://www.pamesa.com/ERP/4.0/empresas/151/045/imagenes/t00010602/0171200979720.jpg
17;10;97;9720;0170100040168;SI;REC.GLASS;100x100 CR.INZA ALMOND;A;SI;SI;0.0000;;PAMESA;PAMESA;27/27/02;8429991186302;;8429991773199;M2;2;2.00;27;54.00;41.15;1,133.05;107.00;107.00;77.00;;;17/10/2025;PAMESA;PAMESA;GRES PORCELNICO ESMALTADO;0170100040168;;WOODS;INZA;MADERA;;POLIVALENTE;BASE;BASE;MATE RECTIFICADO;VARIACION ALTA;;NO;;;;CLASE 1;R9;;GRUPO BIa;GL Esmaltado;;;NO;;1600-2400 N - 35-45 N/mm2;1;017.010.0097.09720;60x60;CATLOGO PAMESA;;;100;100;9;10000;100x100;CR.INZA;ALMOND;https://www.pamesa.com/ERP/4.0/empresas/151/045/imagenes/t00010602/0170100040168.jpg
52;961;34;14567;0529610042778;SI;SLIM MATE RECTIF.;120x280(6mm) KALON NOGAL;A;SI;SI;0.0000;XXL04;PAMESA;PAMESA;04/44/01;8429991198435;;8429991773199;M2;1;3.36;44;147.84;52.00;2,398.00;290.00;75.00;170.00;;;21/11/2025;PAMESA;PAMESA;GRES PORCELNICO;0529610042778;;WOODS;KALON;MADERA;;POLIVALENTE;BASE;BASE;MATE RECTIFICADO;VARIACION MODERADA;;;;;;CLASE 1;R9;;GRUPO BIa;GL Esmaltado;;;NO;;>700 N - 35-45 N/mm2;1;052.961.0034.14567;20x120 (n);CATLOGO PAMESA;;;120;280;6;33600;120x280;KALON;NOGAL;https://www.pamesa.com/ERP/4.0/empresas/151/045/imagenes/t00010602/0529610042778.jpg
52;961;36;14567;0529610023696;SI;SLIM MATE RECTIF.;120x280(6mm) KALON ROBLE;A;SI;SI;62.5000;XXL04;PAMESA;PAMESA;05/20/01;8429991958817;;8429991773199;M2;1;3.36;20;67.20;52.00;1,140.00;290.00;140.00;36.00;;;22/05/2024;PAMESA;PAMESA;GRES PORCELNICO;0529610023696;;WOODS;KALON;MADERA;;POLIVALENTE;;BASE;MATE RECTIFICADO;;NO;NO;;;;CLASE 1;R9;;GRUPO BIa;GL Esmaltado;;;NO;;>700 N - 35-45 N/mm2;1;052.961.0036.14567;20x120 (n);CATLOGO PAMESA;;;120;280;6;33600;120x280;KALON;ROBLE;https://www.pamesa.com/ERP/4.0/empresas/151/045/imagenes/t00010602/0529610023696.jpg
17;250;165;16010;0172500039971;SI;REC.GLASS;60x120(n) RLV.KALON HAYA;A;SI;SI;0.0000;PWO3;PAMESA;PAMESA;L/36/02 RF;8429991185992;;8429991773199;M2;2;1.44;36;51.84;28.62;1,055.32;122.00;84.00;73.50;;;15/10/2025;PAMESA;PAMESA;GRES PORCELNICO;0172500039971;;WOODS;KALON;MADERA;;REVESTIMIENTO;DECORADO;RLV DECORADO;MATE RECTIFICADO;VARIACION MODERADA;;SI;;;;CLASE 1;;;GRUPO BIa;GL Esmaltado;;;NO;;1600-2400 N - 35-45 N/mm2;1;017.250.0165.16010;9X60(M2);CATLOGO PAMESA;;;60;120;9;7200;60x120;RLV.KALON;HAYA;https://www.pamesa.com/ERP/4.0/empresas/151/045/imagenes/t00010602/0172500039971.jpg
17;250;36;16010;0172500039970;SI;REC.GLASS;60x120(n) RLV.KALON ROBLE;A;SI;SI;0.0000;PWO3;PAMESA;PAMESA;L/36/02 RF;8429991185985;;8429991773199;M2;2;1.44;36;51.84;28.62;1,055.32;122.00;84.00;73.50;;;15/10/2025;PAMESA;PAMESA;GRES PORCELNICO;0172500039970;;WOODS;KALON;MADERA;;REVESTIMIENTO;DECORADO;RLV DECORADO;MATE RECTIFICADO;VARIACION MODERADA;;SI;;;;CLASE 1;;;GRUPO BIa;GL Esmaltado;;;NO;;1600-2400 N - 35-45 N/mm2;1;017.250.0036.16010;60x60;CATLOGO PAMESA;;;60;120;9;7200;60x120;RLV.KALON;ROBLE;https://www.pamesa.com/ERP/4.0/empresas/151/045/imagenes/t00010602/0172500039970.jpg
17;229;198;14567;0172290023698;SI;REC.GLASS;30x180 KALON ARCE;A;SI;SI;42.2500;PWO6;PAMESA;PAMESA;B/30/03;8429991943110;;8429991773199;M2;3;1.62;30;48.60;40.00;1,260.00;110.00;190.00;46.00;5;11.50;17/06/2024;PAMESA;PAMESA;GRES PORCELNICO;0172290023698;;WOODS;KALON;MADERA;;POLIVALENTE;BASE;BASE;MATE RECTIFICADO;VARIACION MODERADA;;NO;NO;;;CLASE 1;R9;;GRUPO BIa;GL Esmaltado;;;NO;;1600-2400 N - 35-45 N/mm2;1;017.229.0198.14567;45X45;CATLOGO PAMESA;;;30;180;11,5;5400;30x180;KALON;ARCE;https://www.pamesa.com/ERP/4.0/empresas/151/045/imagenes/t00010602/0172290023698.jpg
17;229;232;14567;0172290023695;SI;REC.GLASS;30x180 KALON CEREZO;A;SI;SI;42.2500;PWO6;PAMESA;PAMESA;B/30/03;8429991943080;;8429991773199;M2;3;1.62;30;48.60;40.00;1,260.00;110.00;190.00;46.00;5;11.50;17/06/2024;PAMESA;PAMESA;GRES PORCELNICO;0172290023695;;WOODS;KALON;MADERA;;POLIVALENTE;BASE;BASE;MATE RECTIFICADO;VARIACION MODERADA;;NO;NO;;;CLASE 1;R9;;GRUPO BIa;GL Esmaltado;;;NO;;1600-2400 N - 35-45 N/mm2;1;017.229.0232.14567;31,6x60;CATLOGO PAMESA;;;30;180;11,5;5400;30x180;KALON;CEREZO;https://www.pamesa.com/ERP/4.0/empresas/151/045/imagenes/t00010602/0172290023695.jpg
17;229;165;14567;0172290023697;SI;REC.GLASS;30x180 KALON HAYA;A;SI;SI;42.2500;PWO6;PAMESA;PAMESA;B/30/03;8429991943103;;8429991773199;M2;3;1.62;30;48.60;40.00;1,260.00;110.00;190.00;46.00;5;11.50;17/06/2024;PAMESA;PAMESA;GRES PORCELNICO;0172290023697;;WOODS;KALON;MADERA;;POLIVALENTE;BASE;BASE;MATE RECTIFICADO;VARIACION MODERADA;;NO;NO;;;CLASE 1;R9;;GRUPO BIa;GL Esmaltado;;;NO;;1600-2400 N - 35-45 N/mm2;1;017.229.0165.14567;25x70;CATLOGO PAMESA;;;30;180;11,5;5400;30x180;KALON;HAYA;https://www.pamesa.com/ERP/4.0/empresas/151/045/imagenes/t00010602/0172290023697.jpg
17;229;34;14567;0172290023694;SI;REC.GLASS;30x180 KALON NOGAL;A;SI;SI;42.2500;PWO6;PAMESA;PAMESA;B/30/03;8429991943073;;8429991773199;M2;3;1.62;30;48.60;40.00;1,260.00;110.00;190.00;46.00;5;11.50;17/06/2024;PAMESA;PAMESA;GRES PORCELNICO;0172290023694;;WOODS;KALON;MADERA;;POLIVALENTE;BASE;BASE;MATE RECTIFICADO;VARIACION MODERADA;;NO;NO;;;CLASE 1;R9;;GRUPO BIa;GL Esmaltado;;;NO;;1600-2400 N - 35-45 N/mm2;1;017.229.0034.14567;25x70;CATLOGO PAMESA;;;30;180;11,5;5400;30x180;KALON;NOGAL;https://www.pamesa.com/ERP/4.0/empresas/151/045/imagenes/t00010602/0172290023694.jpg
17;229;37;14567;0172290023699;SI;REC.GLASS;30x180 KALON PERLA;A;SI;SI;42.2500;PWO6;PAMESA;PAMESA;B/30/03;8429991943127;;8429991773199;M2;3;1.62;30;48.60;40.00;1,260.00;110.00;190.00;46.00;5;11.50;17/06/2024;PAMESA;PAMESA;GRES PORCELNICO;0172290023699;;WOODS;KALON;MADERA;;POLIVALENTE;BASE;BASE;MATE RECTIFICADO;VARIACION MODERADA;;NO;NO;;;CLASE 1;R9;;GRUPO BIa;GL Esmaltado;;;NO;;1600-2400 N - 35-45 N/mm2;1;017.229.0037.14567;25x70;CATLOGO PAMESA;;;30;180;11,5;5400;30x180;KALON;PERLA;https://www.pamesa.com/ERP/4.0/empresas/151/045/imagenes/t00010602/0172290023699.jpg
17;229;36;14567;0172290023696;SI;REC.GLASS;30x180 KALON ROBLE;A;SI;SI;42.2500;PWO6;PAMESA;PAMESA;B/30/03;8429991943097;;8429991773199;M2;3;1.62;30;48.60;40.00;1,260.00;110.00;190.00;46.00;5;11.50;17/06/2024;PAMESA;PAMESA;GRES PORCELNICO;0172290023696;;WOODS;KALON;MADERA;;POLIVALENTE;BASE;BASE;MATE RECTIFICADO;VARIACION MODERADA;;NO;NO;;;CLASE 1;R9;;GRUPO BIa;GL Esmaltado;;;NO;;1600-2400 N - 35-45 N/mm2;1;017.229.0036.14567;25x70;CATLOGO PAMESA;;;30;180;11,5;5400;30x180;KALON;ROBLE;https://www.pamesa.com/ERP/4.0/empresas/151/045/imagenes/t00010602/0172290023696.jpg
17;229;197;14567;0172290023693;SI;REC.GLASS;30x180 KALON WENGUE;A;SI;SI;42.2500;PWO6;PAMESA;PAMESA;B/30/03;8429991943066;;8429991773199;M2;3;1.62;30;48.60;40.00;1,260.00;110.00;190.00;46.00;5;11.50;17/06/2024;PAMESA;PAMESA;GRES PORCELNICO;0172290023693;;WOODS;KALON;MADERA;;POLIVALENTE;BASE;BASE;MATE RECTIFICADO;VARIACION MODERADA;;NO;NO;;;CLASE 1;R9;;GRUPO BIa;GL Esmaltado;;;NO;;1600-2400 N - 35-45 N/mm2;1;017.229.0197.14567;25x70;CATLOGO PAMESA;;;30;180;11,5;5400;30x180;KALON;WENGUE;https://www.pamesa.com/ERP/4.0/empresas/151/045/imagenes/t00010602/0172290023693.jpg
17;285;198;14567;0172850023698;SI;REC.GLASS;25x150 KALON ARCE;A;SI;SI;31.5000;PWO8;PAMESA;PAMESA;1/40/04T;8429991943042;;8429991773199;M2;4;1.50;40;60.00;35.00;1,464.00;93.00;153.00;63.00;;;17/06/2024;PAMESA;PAMESA;GRES PORCELNICO;0172850023698;;WOODS;KALON;MADERA;;POLIVALENTE;BASE;BASE;MATE RECTIFICADO;VARIACION MODERADA;;NO;NO;;;CLASE 1;R9;;GRUPO BIa;GL Esmaltado;;;NO;;1600-2400 N - 35-45 N/mm2;1;017.285.0198.14567;9X60(M2);CATLOGO PAMESA;;;25;150;10,5;3750;25x150;KALON;ARCE;https://www.pamesa.com/ERP/4.0/empresas/151/045/imagenes/t00010602/0172850023698.jpg
17;285;157;14567;0172850036660;SI;REC.GLASS;25x150 KALON BLACK;A;SI;SI;0.0000;PWO8;PAMESA;PAMESA;1/40/04T;8429991173357;;8429991773199;M2;4;1.50;40;60.00;35.00;1,464.00;93.00;153.00;63.00;;;15/09/2025;PAMESA;PAMESA;GRES PORCELNICO;0172850036660;;WOODS;KALON;MADERA;;POLIVALENTE;BASE;BASE;MATE RECTIFICADO;VARIACION MODERADA;;NO;;;;CLASE 1;R9;;GRUPO BIa;GL Esmaltado;;;NO;;1600-2400 N - 35-45 N/mm2;1;017.285.0157.14567;30x30(7)Malla;CATLOGO PAMESA;;;25;150;10,5;3750;25x150;KALON;BLACK;https://www.pamesa.com/ERP/4.0/empresas/151/045/imagenes/t00010602/0172850036660.jpg
17;285;232;14567;0172850023695;SI;REC.GLASS;25x150 KALON CEREZO;A;SI;SI;31.5000;PWO8;PAMESA;PAMESA;1/40/04T;8429991943011;;8429991773199;M2;4;1.50;40;60.00;35.00;1,464.00;93.00;153.00;63.00;;;17/06/2024;PAMESA;PAMESA;GRES PORCELNICO;0172850023695;;WOODS;KALON;MADERA;;POLIVALENTE;BASE;BASE;MATE RECTIFICADO;VARIACION MODERADA;;NO;NO;;;CLASE 1;R9;;GRUPO BIa;GL Esmaltado;;;NO;;1600-2400 N - 35-45 N/mm2;1;017.285.0232.14567;9X60(M2);CATLOGO PAMESA;;;25;150;10,5;3750;25x150;KALON;CEREZO;https://www.pamesa.com/ERP/4.0/empresas/151/045/imagenes/t00010602/0172850023695.jpg
17;285;165;14567;0172850023697;SI;REC.GLASS;25x150 KALON HAYA;A;SI;SI;31.5000;PWO8;PAMESA;PAMESA;1/40/04T;8429991943035;;8429991773199;M2;4;1.50;40;60.00;35.00;1,464.00;93.00;153.00;63.00;;;17/06/2024;PAMESA;PAMESA;GRES PORCELNICO;0172850023697;;WOODS;KALON;MADERA;;POLIVALENTE;BASE;BASE;MATE RECTIFICADO;VARIACION MODERADA;;NO;NO;;;CLASE 1;R9;;GRUPO BIa;GL Esmaltado;;;NO;;1600-2400 N - 35-45 N/mm2;1;017.285.0165.14567;9X60(M2);CATLOGO PAMESA;;;25;150;10,5;3750;25x150;KALON;HAYA;https://www.pamesa.com/ERP/4.0/empresas/151/045/imagenes/t00010602/0172850023697.jpg
17;285;34;14567;0172850023694;SI;REC.GLASS;25x150 KALON NOGAL;A;SI;SI;31.5000;PWO8;PAMESA;PAMESA;1/40/04T;8429991942991;;8429991773199;M2;4;1.50;40;60.00;35.00;1,464.00;93.00;153.00;63.00;;;17/06/2024;PAMESA;PAMESA;GRES PORCELNICO;0172850023694;;WOODS;KALON;MADERA;;POLIVALENTE;BASE;BASE;MATE RECTIFICADO;VARIACION MODERADA;;NO;NO;;;CLASE 1;R9;;GRUPO BIa;GL Esmaltado;;;NO;;1600-2400 N - 35-45 N/mm2;1;017.285.0034.14567;30x60 (C);CATLOGO PAMESA;;;25;150;10,5;3750;25x150;KALON;NOGAL;https://www.pamesa.com/ERP/4.0/empresas/151/045/imagenes/t00010602/0172850023694.jpg
17;285;37;14567;0172850023699;SI;REC.GLASS;25x150 KALON PERLA;A;SI;SI;31.5000;PWO8;PAMESA;PAMESA;1/40/04T;8429991943059;;8429991773199;M2;4;1.50;40;60.00;35.00;1,464.00;93.00;153.00;63.00;;;17/06/2024;PAMESA;PAMESA;GRES PORCELNICO;0172850023699;;WOODS;KALON;MADERA;;POLIVALENTE;BASE;BASE;MATE RECTIFICADO;VARIACION MODERADA;;NO;NO;;;CLASE 1;R9;;GRUPO BIa;GL Esmaltado;;;NO;;1600-2400 N - 35-45 N/mm2;1;017.285.0037.14567;30x30(7)Malla;CATLOGO PAMESA;;;25;150;10,5;3750;25x150;KALON;PERLA;https://www.pamesa.com/ERP/4.0/empresas/151/045/imagenes/t00010602/0172850023699.jpg
17;285;36;14567;0172850023696;SI;REC.GLASS;25x150 KALON ROBLE;A;SI;SI;31.5000;PWO8;PAMESA;PAMESA;1/40/04T;8429991943028;;8429991773199;M2;4;1.50;40;60.00;35.00;1,464.00;93.00;153.00;63.00;;;17/06/2024;PAMESA;PAMESA;GRES PORCELNICO;0172850023696;;WOODS;KALON;MADERA;;POLIVALENTE;BASE;BASE;MATE RECTIFICADO;VARIACION MODERADA;;NO;NO;;;CLASE 1;R9;;GRUPO BIa;GL Esmaltado;;;NO;;1600-2400 N - 35-45 N/mm2;1;017.285.0036.14567;30x60 (C);CATLOGO PAMESA;;;25;150;10,5;3750;25x150;KALON;ROBLE;https://www.pamesa.com/ERP/4.0/empresas/151/045/imagenes/t00010602/0172850023696.jpg
17;285;197;14567;0172850023693;SI;REC.GLASS;25x150 KALON WENGUE;A;SI;SI;31.5000;PWO8;PAMESA;PAMESA;1/40/04T;8429991943004;;8429991773199;M2;4;1.50;40;60.00;35.00;1,464.00;93.00;153.00;63.00;;;17/06/2024;PAMESA;PAMESA;GRES PORCELNICO;0172850023693;;WOODS;KALON;MADERA;;POLIVALENTE;BASE;BASE;MATE RECTIFICADO;VARIACION MODERADA;;NO;NO;;;CLASE 1;R9;;GRUPO BIa;GL Esmaltado;;;NO;;1600-2400 N - 35-45 N/mm2;1;017.285.0197.14567;9X60(M2);CATLOGO PAMESA;;;25;150;10,5;3750;25x150;KALON;WENGUE;https://www.pamesa.com/ERP/4.0/empresas/151/045/imagenes/t00010602/0172850023693.jpg
17;241;34;14850;0172410024260;SI;REC.GLASS;20x120(n) EXT.KALON NOGAL;A;SI;SI;16.5000;PWO13;PAM-ADZ.PAMESA;PAMESA;J/44/07;8429991959982;;8429991773199;M2;7;1.68;44;73.92;32.00;1,437.00;122.00;80.00;94.00;3;9.00;26/08/2024;PAMESA;PAMESA;GRES PORCELNICO;0172410024260;;WOODS;KALON;MADERA;;ANTIDESLIZANTE;;BASE;MATE RECTIFICADO;;NO;NO;;;;CLASE 3;R11;C;GRUPO BIa;GL Esmaltado;;36 Low;NO;0.42;1600-2400 N - 35-45 N/mm2;1;017.241.0034.14850;30x30(7)Malla;CATLOGO PAMESA;;;20;120;9;2400;20x120;EXT.KALON;NOGAL;https://www.pamesa.com/ERP/4.0/empresas/151/045/imagenes/t00010602/0172410024260.jpg
17;241;37;14850;0172410024434;SI;REC.GLASS;20x120(n) EXT.KALON PERLA;A;SI;SI;0.0000;PWO13;PAM-ADZ.PAMESA;PAMESA;J/44/07;8429991969974;;8429991773199;M2;7;1.68;44;73.92;32.00;1,437.00;122.00;80.00;94.00;3;9.00;04/10/2024;PAMESA;PAMESA;GRES PORCELNICO;0172410024434;;WOODS;KALON;MADERA;;ANTIDESLIZANTE;;;MATE RECTIFICADO;;NO;NO;;;;CLASE 3;R11;C;GRUPO BIa;GL Esmaltado;;36 Low;NO;0.42;1600-2400 N - 35-45 N/mm2;1;017.241.0037.14850;120X280(6MM);CATLOGO PAMESA;;;20;120;9;2400;20x120;EXT.KALON;PERLA;https://www.pamesa.com/ERP/4.0/empresas/151/045/imagenes/t00010602/0172410024434.jpg
17;241;36;14850;0172410024261;SI;REC.GLASS;20x120(n) EXT.KALON ROBLE;A;SI;SI;16.5000;PWO13;PAM-ADZ.PAMESA;PAMESA;J/44/07;8429991959999;;8429991773199;M2;7;1.68;44;73.92;32.00;1,437.00;122.00;80.00;94.00;3;9.00;26/08/2024;PAMESA;PAMESA;GRES PORCELNICO;0172410024261;;WOODS;KALON;MADERA;;ANTIDESLIZANTE;;BASE;MATE RECTIFICADO;;NO;NO;;;;CLASE 3;R11;C;GRUPO BIa;GL Esmaltado;;36 Low;NO;0.42;1600-2400 N - 35-45 N/mm2;1;017.241.0036.14850;60X120(n);CATLOGO PAMESA;;;20;120;9;2400;20x120;EXT.KALON;ROBLE;https://www.pamesa.com/ERP/4.0/empresas/151/045/imagenes/t00010602/0172410024261.jpg
17;241;198;14567;0172410023698;SI;REC.GLASS;20x120(n) KALON ARCE;A;SI;SI;21.7500;PWO14;PAMESA;PAMESA;J/44/07;8429991942984;;8429991773199;M2;7;1.68;44;73.92;32.00;1,437.00;122.00;80.00;94.00;3;9.00;17/06/2024;PAMESA;PAMESA;GRES PORCELNICO;0172410023698;;WOODS;KALON;MADERA;;POLIVALENTE;BASE;BASE;MATE RECTIFICADO;VARIACION MODERADA;;NO;NO;;;CLASE 1;R9;;GRUPO BIa;GL Esmaltado;;;NO;;1600-2400 N - 35-45 N/mm2;1;017.241.0198.14567;60X60n(C);CATLOGO PAMESA;;;20;120;9;2400;20x120;KALON;ARCE;https://www.pamesa.com/ERP/4.0/empresas/151/045/imagenes/t00010602/0172410023698.jpg
17;241;157;14567;0172410036661;SI;REC.GLASS;20x120(n) KALON BLACK;A;SI;SI;0.0000;PWO14;PAMESA;PAMESA;J/44/07;8429991173364;;8429991773199;M2;7;1.68;44;73.92;32.00;1,437.00;122.00;80.00;94.00;3;9.00;15/09/2025;PAMESA;PAMESA;GRES PORCELNICO;0172410036661;;WOODS;KALON;MADERA;;POLIVALENTE;BASE;BASE;MATE RECTIFICADO;VARIACION MODERADA;;NO;;;;CLASE 1;R9;;GRUPO BIa;GL Esmaltado;;;NO;;1600-2400 N - 35-45 N/mm2;1;017.241.0157.14567;90X90(N);CATLOGO PAMESA;;;20;120;9;2400;20x120;KALON;BLACK;https://www.pamesa.com/ERP/4.0/empresas/151/045/imagenes/t00010602/0172410036661.jpg
17;241;232;14567;0172410023695;SI;REC.GLASS;20x120(n) KALON CEREZO;A;SI;SI;21.7500;PWO14;PAMESA;PAMESA;J/44/07;8429991942953;;8429991773199;M2;7;1.68;44;73.92;32.00;1,437.00;122.00;80.00;94.00;3;9.00;17/06/2024;PAMESA;PAMESA;GRES PORCELNICO;0172410023695;;WOODS;KALON;MADERA;;POLIVALENTE;BASE;BASE;MATE RECTIFICADO;VARIACION MODERADA;;NO;NO;;;CLASE 1;R9;;GRUPO BIa;GL Esmaltado;;;NO;;1600-2400 N - 35-45 N/mm2;1;017.241.0232.14567;120X120;CATLOGO PAMESA;;;20;120;9;2400;20x120;KALON;CEREZO;https://www.pamesa.com/ERP/4.0/empresas/151/045/imagenes/t00010602/0172410023695.jpg
17;241;165;14567;0172410023697;SI;REC.GLASS;20x120(n) KALON HAYA;A;SI;SI;21.7500;PWO14;PAMESA;PAMESA;J/44/07;8429991942977;;8429991773199;M2;7;1.68;44;73.92;32.00;1,437.00;122.00;80.00;94.00;3;9.00;17/06/2024;PAMESA;PAMESA;GRES PORCELNICO;0172410023697;;WOODS;KALON;MADERA;;POLIVALENTE;BASE;BASE;MATE RECTIFICADO;VARIACION MODERADA;;NO;NO;;;CLASE 1;R9;;GRUPO BIa;GL Esmaltado;;;NO;;1600-2400 N - 35-45 N/mm2;1;017.241.0165.14567;60X120(n);CATLOGO PAMESA;;;20;120;9;2400;20x120;KALON;HAYA;https://www.pamesa.com/ERP/4.0/empresas/151/045/imagenes/t00010602/0172410023697.jpg
17;241;34;14567;0172410023694;SI;REC.GLASS;20x120(n) KALON NOGAL;A;SI;SI;21.7500;PWO14;PAMESA;PAMESA;J/44/07;8429991942946;;8429991773199;M2;7;1.68;44;73.92;32.00;1,437.00;122.00;80.00;94.00;3;9.00;17/06/2024;PAMESA;PAMESA;GRES PORCELNICO;0172410023694;;WOODS;KALON;MADERA;;POLIVALENTE;BASE;BASE;MATE RECTIFICADO;VARIACION MODERADA;;NO;NO;;;CLASE 1;R9;;GRUPO BIa;GL Esmaltado;;;NO;;1600-2400 N - 35-45 N/mm2;1;017.241.0034.14567;30x30(7)Malla;CATLOGO PAMESA;;;20;120;9;2400;20x120;KALON;NOGAL;https://www.pamesa.com/ERP/4.0/empresas/151/045/imagenes/t00010602/0172410023694.jpg
17;241;37;14567;0172410023699;SI;REC.GLASS;20x120(n) KALON PERLA;A;SI;SI;21.7500;PWO14;PAMESA;PAMESA;J/44/07;8429991943134;;8429991773199;M2;7;1.68;44;73.92;32.00;1,437.00;122.00;80.00;94.00;3;9.00;17/06/2024;PAMESA;PAMESA;GRES PORCELNICO;0172410023699;;WOODS;KALON;MADERA;;POLIVALENTE;BASE;BASE;MATE RECTIFICADO;VARIACION MODERADA;;NO;NO;;;CLASE 1;R9;;GRUPO BIa;GL Esmaltado;;;NO;;1600-2400 N - 35-45 N/mm2;1;017.241.0037.14567;120X280(6MM);CATLOGO PAMESA;;;20;120;9;2400;20x120;KALON;PERLA;https://www.pamesa.com/ERP/4.0/empresas/151/045/imagenes/t00010602/0172410023699.jpg
17;241;36;14567;0172410023696;SI;REC.GLASS;20x120(n) KALON ROBLE;A;SI;SI;21.7500;PWO14;PAMESA;PAMESA;J/44/07;8429991942960;;8429991773199;M2;7;1.68;44;73.92;32.00;1,437.00;122.00;80.00;94.00;3;9.00;17/06/2024;PAMESA;PAMESA;GRES PORCELNICO;0172410023696;;WOODS;KALON;MADERA;;POLIVALENTE;BASE;BASE;MATE RECTIFICADO;VARIACION MODERADA;;NO;NO;;;CLASE 1;R9;;GRUPO BIa;GL Esmaltado;;;NO;;1600-2400 N - 35-45 N/mm2;1;017.241.0036.14567;120X120;CATLOGO PAMESA;;;20;120;9;2400;20x120;KALON;ROBLE;https://www.pamesa.com/ERP/4.0/empresas/151/045/imagenes/t00010602/0172410023696.jpg
17;241;197;14567;0172410023693;SI;REC.GLASS;20x120(n) KALON WENGUE;A;SI;SI;21.7500;PWO14;PAMESA;PAMESA;J/44/07;8429991942939;;8429991773199;M2;7;1.68;44;73.92;32.00;1,437.00;122.00;80.00;94.00;3;9.00;17/06/2024;PAMESA;PAMESA;GRES PORCELNICO;0172410023693;;WOODS;KALON;MADERA;;POLIVALENTE;BASE;BASE;MATE RECTIFICADO;VARIACION MODERADA;;NO;NO;;;CLASE 1;R9;;GRUPO BIa;GL Esmaltado;;;NO;;1600-2400 N - 35-45 N/mm2;1;017.241.0197.14567;60X120(n);CATLOGO PAMESA;;;20;120;9;2400;20x120;KALON;WENGUE;https://www.pamesa.com/ERP/4.0/empresas/151/045/imagenes/t00010602/0172410023693.jpg
15;612;198;260;0156121980260;SI;COM.GL;25x100 LEGNO ARCE;A;SI;SI;18.2500;PWO16;PAMESA;PAMESA;S/36/06;8429991328054;;8429991773182;M2;6;1.50;36;54.00;28.50;1,046.00;110.00;110.00;65.00;;;10/08/2017;ATRIUM;SERIE ATRIUM;GRES PORCELNICO;0156121980260;;WOODS;LEGNO;MADERA;;PAVIMENTO;BASE;BASE;MATE;VARIACION MODERADA;NO;SIN INFORMAR;;24;;CLASE 1;R9;;GRUPO BIa;GL Esmaltado;60 Low;;NO;;1600-2400 N - 35-45 N/mm2;3;015.612.0198.00260;60X120(n);CATLOGO PAMESA;;;25;100;8,6;2500;25x100;LEGNO;ARCE;https://www.pamesa.com/ERP/4.0/empresas/151/045/imagenes/t00010602/0156121980260.jpg
15;612;18;260;0156120180260;SI;COM.GL;25x100 LEGNO FRESNO;A;SI;SI;18.2500;PWO16;PAMESA;PAMESA;S/36/06;8429991328023;;8429991773182;M2;6;1.50;36;54.00;28.50;1,046.00;110.00;110.00;65.00;;;10/08/2017;ATRIUM;SERIE ATRIUM;GRES PORCELNICO;0156120180260;;WOODS;LEGNO;MADERA;;PAVIMENTO;BASE;BASE;MATE;VARIACION MODERADA;NO;SIN INFORMAR;;24;;CLASE 1;R9;;GRUPO BIa;GL Esmaltado;60 Low;;NO;;1600-2400 N - 35-45 N/mm2;3;015.612.0018.00260;33,3x33,3;CATLOGO PAMESA;;;25;100;8,6;2500;25x100;LEGNO;FRESNO;https://www.pamesa.com/ERP/4.0/empresas/151/045/imagenes/t00010602/0156120180260.jpg
15;612;34;260;0156120340260;SI;COM.GL;25x100 LEGNO NOGAL;A;SI;SI;18.2500;PWO16;PAMESA;PAMESA;S/36/06;8429991328030;;8429991773182;M2;6;1.50;36;54.00;28.50;1,046.00;110.00;110.00;65.00;;;10/08/2017;ATRIUM;SERIE ATRIUM;GRES PORCELNICO;0156120340260;;WOODS;LEGNO;MADERA;;PAVIMENTO;BASE;BASE;MATE;VARIACION MODERADA;NO;SIN INFORMAR;;24;;CLASE 1;R9;;GRUPO BIa;GL Esmaltado;60 Low;;NO;;1600-2400 N - 35-45 N/mm2;3;015.612.0034.00260;33,3x33,3;CATLOGO PAMESA;;;25;100;8,6;2500;25x100;LEGNO;NOGAL;https://www.pamesa.com/ERP/4.0/empresas/151/045/imagenes/t00010602/0156120340260.jpg
15;612;36;260;0156120360260;SI;COM.GL;25x100 LEGNO ROBLE;A;SI;SI;18.2500;PWO16;PAMESA;PAMESA;S/36/06;8429991328047;;8429991773182;M2;6;1.50;36;54.00;28.50;1,046.00;110.00;110.00;65.00;;;10/08/2017;ATRIUM;SERIE ATRIUM;GRES PORCELNICO;0156120360260;;WOODS;LEGNO;MADERA;;PAVIMENTO;BASE;BASE;MATE;VARIACION MODERADA;NO;SIN INFORMAR;;24;;CLASE 1;R9;;GRUPO BIa;GL Esmaltado;60 Low;;NO;;1600-2400 N - 35-45 N/mm2;3;015.612.0036.00260;60X120(n);CATLOGO PAMESA;;;25;100;8,6;2500;25x100;LEGNO;ROBLE;https://www.pamesa.com/ERP/4.0/empresas/151/045/imagenes/t00010602/0156120360260.jpg
1;302;198;260;0013021980260;SI;PVTO.;45x45 LEGNO ARCE;A;SI;SI;13.5000;RED01;PAMESA;PAMESA;F/52/07;8429991577292;;8429991773267;M2;7;1.42;52;73.84;26.00;1,372.00;120.00;80.00;105.00;;;21/09/2020;ATRIUM;SERIE ATRIUM;PAVIMENTO PASTA ROJA;0013021980260;;WOODS;LEGNO PASTA ROJA;MADERA;;PAVIMENTO;BASE;BASE;MATE;VARIACION MODERADA;;SI;;4;PEI IV;CLASE 3;R11;;GRUPO BIIa;GL Esmaltado;55 Low;;NO;;1100-1900 N - 30-40 N/mm2;3;001.302.0198.00260;30X30 (5)MALLA;CATLOGO PAMESA;;;45;45;9,5;2025;45x45;LEGNO;ARCE;https://www.pamesa.com/ERP/4.0/empresas/151/045/imagenes/t00010602/0013021980260.jpg
1;302;18;260;0013020180260;SI;PVTO.;45x45 LEGNO FRESNO;A;SI;SI;13.5000;RED01;PAMESA;PAMESA;F/52/07;8429991577308;;8429991773267;M2;7;1.42;52;73.84;26.00;1,372.00;120.00;80.00;105.00;;;21/09/2020;ATRIUM;SERIE ATRIUM;PAVIMENTO PASTA ROJA;0013020180260;;WOODS;LEGNO PASTA ROJA;MADERA;;PAVIMENTO;BASE;BASE;MATE;VARIACION MODERADA;;SI;;4;PEI IV;CLASE 3;R11;;GRUPO BIIa;GL Esmaltado;55 Low;;NO;;1100-1900 N - 30-40 N/mm2;3;001.302.0018.00260;17X52;CATLOGO PAMESA;;;45;45;9,5;2025;45x45;LEGNO;FRESNO;https://www.pamesa.com/ERP/4.0/empresas/151/045/imagenes/t00010602/0013020180260.jpg
1;302;34;260;0013020340260;SI;PVTO.;45x45 LEGNO NOGAL;A;SI;SI;13.5000;RED01;PAMESA;PAMESA;F/52/07;8429991577322;;8429991773267;M2;7;1.42;52;73.84;26.00;1,372.00;120.00;80.00;105.00;;;21/09/2020;ATRIUM;SERIE ATRIUM;PAVIMENTO PASTA ROJA;0013020340260;;WOODS;LEGNO PASTA ROJA;MADERA;;PAVIMENTO;BASE;BASE;MATE;VARIACION MODERADA;;SI;;4;PEI IV;CLASE 3;R11;;GRUPO BIIa;GL Esmaltado;55 Low;;NO;;1100-1900 N - 30-40 N/mm2;3;001.302.0034.00260;17X52(n);CATLOGO PAMESA;;;45;45;9,5;2025;45x45;LEGNO;NOGAL;https://www.pamesa.com/ERP/4.0/empresas/151/045/imagenes/t00010602/0013020340260.jpg
1;302;56;260;0013020560260;SI;PVTO.;45x45 LEGNO TERRA;A;SI;SI;13.5000;RED01;PAMESA;PAMESA;F/52/07;8429991577315;;8429991773267;M2;7;1.42;52;73.84;26.00;1,372.00;120.00;80.00;105.00;;;21/09/2020;ATRIUM;SERIE ATRIUM;PAVIMENTO PASTA ROJA;0013020560260;;WOODS;LEGNO PASTA ROJA;MADERA;;PAVIMENTO;BASE;BASE;MATE;VARIACION MODERADA;;SI;;4;PEI IV;CLASE 3;R11;;GRUPO BIIa;GL Esmaltado;55 Low;;NO;;1100-1900 N - 30-40 N/mm2;3;001.302.0056.00260;15x15;CATLOGO PAMESA;;;45;45;9,5;2025;45x45;LEGNO;TERRA;https://www.pamesa.com/ERP/4.0/empresas/151/045/imagenes/t00010602/0013020560260.jpg
17;241;213;14934;0172410024491;SI;REC.GLASS;20x120(n) NASO GRIGIO;A;SI;SI;0.0000;PWO14;PAMESA;PAMESA;J/44/07;8429991972233;;8429991773199;M2;7;1.68;44;73.92;32.00;1,437.00;122.00;80.00;94.00;3;9.00;17/10/2024;PAMESA;PAMESA;GRES PORCELNICO;0172410024491;;WOODS;NASO;MADERA;;POLIVALENTE;BASE;BASE;MATE RECTIFICADO;VARIACION MODERADA;;NO;;;;CLASE 1;R9;;GRUPO BIa;GL Esmaltado;;;NO;;1600-2400 N - 35-45 N/mm2;1;017.241.0213.14934;120X120;CATLOGO PAMESA;;;20;120;9;2400;20x120;NASO;GRIGIO;https://www.pamesa.com/ERP/4.0/empresas/151/045/imagenes/t00010602/0172410024491.jpg
17;241;28;14934;0172410024489;SI;REC.GLASS;20x120(n) NASO MARENGO;A;SI;SI;0.0000;PWO14;PAMESA;PAMESA;J/44/07;8429991972219;;8429991773199;M2;7;1.68;44;73.92;32.00;1,437.00;122.00;80.00;94.00;3;9.00;17/10/2024;PAMESA;PAMESA;GRES PORCELNICO;0172410024489;;WOODS;NASO;MADERA;;POLIVALENTE;BASE;BASE;MATE RECTIFICADO;VARIACION MODERADA;;NO;;;;CLASE 1;R9;;GRUPO BIa;GL Esmaltado;;;NO;;1600-2400 N - 35-45 N/mm2;1;017.241.0028.14934;30x30(7)Malla;CATLOGO PAMESA;;;20;120;9;2400;20x120;NASO;MARENGO;https://www.pamesa.com/ERP/4.0/empresas/151/045/imagenes/t00010602/0172410024489.jpg
17;241;160;14934;0172410024490;SI;REC.GLASS;20x120(n) NASO NOCE;A;SI;SI;0.0000;PWO14;PAMESA;PAMESA;J/44/07;8429991972226;;8429991773199;M2;7;1.68;44;73.92;32.00;1,437.00;122.00;80.00;94.00;3;9.00;17/10/2024;PAMESA;PAMESA;GRES PORCELNICO;0172410024490;;WOODS;NASO;MADERA;;POLIVALENTE;BASE;BASE;MATE RECTIFICADO;VARIACION MODERADA;;NO;;;;CLASE 1;R9;;GRUPO BIa;GL Esmaltado;;;NO;;1600-2400 N - 35-45 N/mm2;1;017.241.0160.14934;60X120(n);CATLOGO PAMESA;;;20;120;9;2400;20x120;NASO;NOCE;https://www.pamesa.com/ERP/4.0/empresas/151/045/imagenes/t00010602/0172410024490.jpg
17;241;311;14934;0172410024492;SI;REC.GLASS;20x120(n) NASO ROVERE;A;SI;SI;0.0000;PWO14;PAMESA;PAMESA;J/44/07;8429991972240;;8429991773199;M2;7;1.68;44;73.92;32.00;1,437.00;122.00;80.00;94.00;3;9.00;17/10/2024;PAMESA;PAMESA;GRES PORCELNICO;0172410024492;;WOODS;NASO;MADERA;;POLIVALENTE;BASE;BASE;MATE RECTIFICADO;VARIACION MODERADA;;NO;;;;CLASE 1;R9;;GRUPO BIa;GL Esmaltado;;;NO;;1600-2400 N - 35-45 N/mm2;1;017.241.0311.14934;90X90(N);CATLOGO PAMESA;;;20;120;9;2400;20x120;NASO;ROVERE;https://www.pamesa.com/ERP/4.0/empresas/151/045/imagenes/t00010602/0172410024492.jpg
17;285;266;9740;0172852669740;SI;REC.GLASS;25x150 ES.NERA ABETO;A;SI;SI;31.5000;PWO8;PAMESA;PAMESA;1/40/04T;8429991417246;;8429991773199;M2;4;1.50;40;60.00;35.00;1,464.00;93.00;153.00;63.00;;;20/12/2018;PAMESA;PAMESA;GRES PORCELNICO;0172852669740;;WOODS;NERA;MADERA;;POLIVALENTE;BASE;BASE;MATE RECTIFICADO;VARIACION MODERADA;;SI;;;;CLASE 1;R9;;GRUPO BIa;GL Esmaltado;;;NO;;1600-2400 N - 35-45 N/mm2;1;017.285.0266.09740;9X60(M2);CATLOGO PAMESA;;;25;150;10,5;3750;25x150;ES.NERA;ABETO;https://www.pamesa.com/ERP/4.0/empresas/151/045/imagenes/t00010602/0172852669740.jpg
17;285;165;9740;0172851659740;SI;REC.GLASS;25x150 ES.NERA HAYA;A;SI;SI;31.5000;PWO8;PAMESA;PAMESA;1/40/04T;8429991417253;;8429991773199;M2;4;1.50;40;60.00;35.00;1,464.00;93.00;153.00;63.00;;;20/12/2018;PAMESA;PAMESA;GRES PORCELNICO;0172851659740;;WOODS;NERA;MADERA;;POLIVALENTE;BASE;BASE;MATE RECTIFICADO;VARIACION MODERADA;;SI;;;;CLASE 1;R9;;GRUPO BIa;GL Esmaltado;;;NO;;1600-2400 N - 35-45 N/mm2;1;017.285.0165.09740;30x30(7)Malla;CATLOGO PAMESA;;;25;150;10,5;3750;25x150;ES.NERA;HAYA;https://www.pamesa.com/ERP/4.0/empresas/151/045/imagenes/t00010602/0172851659740.jpg
17;285;34;9740;0172850349740;SI;REC.GLASS;25x150 ES.NERA NOGAL;A;SI;SI;31.5000;PWO8;PAMESA;PAMESA;1/40/04T;8429991417215;;8429991773199;M2;4;1.50;40;60.00;35.00;1,464.00;93.00;153.00;63.00;;;20/12/2018;PAMESA;PAMESA;GRES PORCELNICO;0172850349740;;WOODS;NERA;MADERA;;POLIVALENTE;BASE;BASE;MATE RECTIFICADO;VARIACION MODERADA;;SI;;;;CLASE 1;R9;;GRUPO BIa;GL Esmaltado;;;NO;;1600-2400 N - 35-45 N/mm2;1;017.285.0034.09740;30x60 (C);CATLOGO PAMESA;;;25;150;10,5;3750;25x150;ES.NERA;NOGAL;https://www.pamesa.com/ERP/4.0/empresas/151/045/imagenes/t00010602/0172850349740.jpg
17;285;36;9740;0172850369740;SI;REC.GLASS;25x150 ES.NERA ROBLE;A;SI;SI;31.5000;PWO8;PAMESA;PAMESA;1/40/04T;8429991417222;;8429991773199;M2;4;1.50;40;60.00;35.00;1,464.00;93.00;153.00;63.00;;;20/12/2018;PAMESA;PAMESA;GRES PORCELNICO;0172850369740;;WOODS;NERA;MADERA;;POLIVALENTE;BASE;BASE;MATE RECTIFICADO;VARIACION MODERADA;;SI;;;;CLASE 1;R9;;GRUPO BIa;GL Esmaltado;;;NO;;1600-2400 N - 35-45 N/mm2;1;017.285.0036.09740;30x60 (C);CATLOGO PAMESA;;;25;150;10,5;3750;25x150;ES.NERA;ROBLE;https://www.pamesa.com/ERP/4.0/empresas/151/045/imagenes/t00010602/0172850369740.jpg
17;241;266;9740;0172412669740;SI;REC.GLASS;20x120(n) ES.NERA ABETO;A;SI;SI;0.0000;PWO14;PAMESA;PAMESA;J/44/07;8429991986308;;8429991773199;M2;7;1.68;44;73.92;32.00;1,437.00;122.00;80.00;94.00;3;9.00;19/12/2024;PAMESA;PAMESA;GRES PORCELNICO;0172412669740;;WOODS;NERA;MADERA;;POLIVALENTE;BASE;BASE;MATE RECTIFICADO;VARIACION MODERADA;;SI;;;;CLASE 1;R9;;GRUPO BIa;GL Esmaltado;;;NO;;1600-2400 N - 35-45 N/mm2;1;017.241.0266.09740;120X120;CATLOGO PAMESA;;;20;120;9;2400;20x120;ES.NERA;ABETO;https://www.pamesa.com/ERP/4.0/empresas/151/045/imagenes/t00010602/0172412669740.jpg
17;241;165;9740;0172411659740;SI;REC.GLASS;20x120(n) ES.NERA HAYA;A;SI;SI;0.0000;PWO14;PAMESA;PAMESA;J/44/07;8429991986292;;8429991773199;M2;7;1.68;44;73.92;32.00;1,437.00;122.00;80.00;94.00;3;9.00;19/12/2024;PAMESA;PAMESA;GRES PORCELNICO;0172411659740;;WOODS;NERA;MADERA;;POLIVALENTE;BASE;BASE;MATE RECTIFICADO;VARIACION MODERADA;;SI;;;;CLASE 1;R9;;GRUPO BIa;GL Esmaltado;;;NO;;1600-2400 N - 35-45 N/mm2;1;017.241.0165.09740;60X120(n);CATLOGO PAMESA;;;20;120;9;2400;20x120;ES.NERA;HAYA;https://www.pamesa.com/ERP/4.0/empresas/151/045/imagenes/t00010602/0172411659740.jpg
17;241;34;9740;0172410349740;SI;REC.GLASS;20x120(n) ES.NERA NOGAL;A;SI;SI;0.0000;PWO14;PAMESA;PAMESA;J/44/07;8429991986278;;8429991773199;M2;7;1.68;44;73.92;32.00;1,437.00;122.00;80.00;94.00;3;9.00;19/12/2024;PAMESA;PAMESA;GRES PORCELNICO;0172410349740;;WOODS;NERA;MADERA;;POLIVALENTE;BASE;BASE;MATE RECTIFICADO;VARIACION MODERADA;;SI;;;;CLASE 1;R9;;GRUPO BIa;GL Esmaltado;;;NO;;1600-2400 N - 35-45 N/mm2;1;017.241.0034.09740;30x30(7)Malla;CATLOGO PAMESA;;;20;120;9;2400;20x120;ES.NERA;NOGAL;https://www.pamesa.com/ERP/4.0/empresas/151/045/imagenes/t00010602/0172410349740.jpg
17;241;36;9740;0172410369740;SI;REC.GLASS;20x120(n) ES.NERA ROBLE;A;SI;SI;0.0000;PWO14;PAMESA;PAMESA;J/44/07;8429991986285;;8429991773199;M2;7;1.68;44;73.92;32.00;1,437.00;122.00;80.00;94.00;3;9.00;19/12/2024;PAMESA;PAMESA;GRES PORCELNICO;0172410369740;;WOODS;NERA;MADERA;;POLIVALENTE;BASE;BASE;MATE RECTIFICADO;VARIACION MODERADA;;SI;;;;CLASE 1;R9;;GRUPO BIa;GL Esmaltado;;;NO;;1600-2400 N - 35-45 N/mm2;1;017.241.0036.09740;60X120 RF;CATLOGO PAMESA;;;20;120;9;2400;20x120;ES.NERA;ROBLE;https://www.pamesa.com/ERP/4.0/empresas/151/045/imagenes/t00010602/0172410369740.jpg
17;90;299;1406;0170902991406;SI;REC.GLASS;90x90(N) ES.OLDMANOR CLASICO;A;SI;SI;30.2500;PWO2;PAMESA;PAMESA;19/32/02;8429991891664;;8429991773199;M2;2;1.62;32;51.84;33.00;1,081.00;97.00;97.00;86.00;;9.00;29/02/2024;PAMESA;PAMESA;GRES PORCELNICO;0170902991406;;WOODS;OLDMANOR;MADERA;;POLIVALENTE;BASE;BASE;MATE RECTIFICADO;VARIACION MODERADA;;SI;NO;;;CLASE 1;R9;;GRUPO BIa;GL Esmaltado;;;NO;;1600-2400 N - 35-45 N/mm2;1;017.090.0299.01406;33,3x55;CATLOGO PAMESA;;;90;90;9;8100;90x90;ES.OLDMANOR;CLASICO;https://www.pamesa.com/ERP/4.0/empresas/151/045/imagenes/t00010602/0170902991406.jpg
17;229;126;1406;0172291261406;SI;REC.GLASS;30x180 ES.OLDMANOR AMBAR;A;SI;SI;42.2500;PWO6;PAMESA;PAMESA;B/30/03;8429991767037;;8429991773199;M2;3;1.62;30;48.60;40.00;1,260.00;110.00;190.00;46.00;5;11.50;22/09/2022;PAMESA;PAMESA;GRES PORCELNICO;0172291261406;;WOODS;OLDMANOR;MADERA;;POLIVALENTE;BASE;BASE;MATE RECTIFICADO;VARIACION MODERADA;;SI;;;;CLASE 1;R9;;GRUPO BIa;GL Esmaltado;;;NO;;1600-2400 N - 35-45 N/mm2;1;017.229.0126.01406;25x70;CATLOGO PAMESA;;;30;180;11,5;5400;30x180;ES.OLDMANOR;AMBAR;https://www.pamesa.com/ERP/4.0/empresas/151/045/imagenes/t00010602/0172291261406.jpg
17;229;17;1406;0172290171406;SI;REC.GLASS;30x180 ES.OLDMANOR ARENA;A;SI;SI;42.2500;PWO6;PAMESA;PAMESA;B/30/03;8429991767006;;8429991773199;M2;3;1.62;30;48.60;40.00;1,260.00;110.00;190.00;46.00;5;11.50;22/09/2022;PAMESA;PAMESA;GRES PORCELNICO;0172290171406;;WOODS;OLDMANOR;MADERA;;POLIVALENTE;BASE;BASE;MATE RECTIFICADO;VARIACION MODERADA;;SI;;;;CLASE 1;R9;;GRUPO BIa;GL Esmaltado;;;NO;;1600-2400 N - 35-45 N/mm2;1;017.229.0017.01406;25x70;CATLOGO PAMESA;;;30;180;11,5;5400;30x180;ES.OLDMANOR;ARENA;https://www.pamesa.com/ERP/4.0/empresas/151/045/imagenes/t00010602/0172290171406.jpg
17;229;30;1406;0172290301406;SI;REC.GLASS;30x180 ES.OLDMANOR NACAR;A;SI;SI;42.2500;PWO6;PAMESA;PAMESA;B/30/03;8429991767013;;8429991773199;M2;3;1.62;30;48.60;40.00;1,260.00;110.00;190.00;46.00;5;11.50;22/09/2022;PAMESA;PAMESA;GRES PORCELNICO;0172290301406;;WOODS;OLDMANOR;MADERA;;POLIVALENTE;BASE;BASE;MATE RECTIFICADO;VARIACION MODERADA;;SI;;;;CLASE 1;R9;;GRUPO BIa;GL Esmaltado;;;NO;;1600-2400 N - 35-45 N/mm2;1;017.229.0030.01406;25x70;CATLOGO PAMESA;;;30;180;11,5;5400;30x180;ES.OLDMANOR;NACAR;https://www.pamesa.com/ERP/4.0/empresas/151/045/imagenes/t00010602/0172290301406.jpg
17;229;113;1406;0172291131406;SI;REC.GLASS;30x180 ES.OLDMANOR TABACO;A;SI;SI;42.2500;PWO6;PAMESA;PAMESA;B/30/03;8429991767020;;8429991773199;M2;3;1.62;30;48.60;40.00;1,260.00;110.00;190.00;46.00;5;11.50;22/09/2022;PAMESA;PAMESA;GRES PORCELNICO;0172291131406;;WOODS;OLDMANOR;MADERA;;POLIVALENTE;BASE;BASE;MATE RECTIFICADO;VARIACION MODERADA;;SI;;;;CLASE 1;R9;;GRUPO BIa;GL Esmaltado;;;NO;;1600-2400 N - 35-45 N/mm2;1;017.229.0113.01406;25x70;CATLOGO PAMESA;;;30;180;11,5;5400;30x180;ES.OLDMANOR;TABACO;https://www.pamesa.com/ERP/4.0/empresas/151/045/imagenes/t00010602/0172291131406.jpg
17;285;126;1406;0172851261406;SI;REC.GLASS;25x150 ES.OLDMANOR AMBAR;A;SI;SI;31.5000;PWO8;PAMESA;PAMESA;1/40/04T;8429991455149;;8429991773199;M2;4;1.50;40;60.00;35.00;1,464.00;93.00;153.00;63.00;;;12/07/2019;PAMESA;PAMESA;GRES PORCELNICO;0172851261406;;WOODS;OLDMANOR;MADERA;;POLIVALENTE;BASE;BASE;MATE RECTIFICADO;VARIACION MODERADA;;SI;;;;CLASE 1;R9;;GRUPO BIa;GL Esmaltado;;;NO;;1600-2400 N - 35-45 N/mm2;1;017.285.0126.01406;30x30(7)Malla;CATLOGO PAMESA;;;25;150;10,5;3750;25x150;ES.OLDMANOR;AMBAR;https://www.pamesa.com/ERP/4.0/empresas/151/045/imagenes/t00010602/0172851261406.jpg
17;285;17;1406;0172850171406;SI;REC.GLASS;25x150 ES.OLDMANOR ARENA;A;SI;SI;31.5000;PWO8;PAMESA;PAMESA;1/40/04T;8429991455156;;8429991773199;M2;4;1.50;40;60.00;35.00;1,464.00;93.00;153.00;63.00;;;12/07/2019;PAMESA;PAMESA;GRES PORCELNICO;0172850171406;;WOODS;OLDMANOR;MADERA;;POLIVALENTE;BASE;BASE;MATE RECTIFICADO;VARIACION MODERADA;;SI;;;;CLASE 1;R9;;GRUPO BIa;GL Esmaltado;;;NO;;1600-2400 N - 35-45 N/mm2;1;017.285.0017.01406;60x60;CATLOGO PAMESA;;;25;150;10,5;3750;25x150;ES.OLDMANOR;ARENA;https://www.pamesa.com/ERP/4.0/empresas/151/045/imagenes/t00010602/0172850171406.jpg
17;285;30;1406;0172850301406;SI;REC.GLASS;25x150 ES.OLDMANOR NACAR;A;SI;SI;31.5000;PWO8;PAMESA;PAMESA;1/40/04T;8429991455125;;8429991773199;M2;4;1.50;40;60.00;35.00;1,464.00;93.00;153.00;63.00;;;12/07/2019;PAMESA;PAMESA;GRES PORCELNICO;0172850301406;;WOODS;OLDMANOR;MADERA;;POLIVALENTE;BASE;BASE;MATE RECTIFICADO;VARIACION MODERADA;;SI;;;;CLASE 1;R9;;GRUPO BIa;GL Esmaltado;;;NO;;1600-2400 N - 35-45 N/mm2;1;017.285.0030.01406;30x60 (C);CATLOGO PAMESA;;;25;150;10,5;3750;25x150;ES.OLDMANOR;NACAR;https://www.pamesa.com/ERP/4.0/empresas/151/045/imagenes/t00010602/0172850301406.jpg
17;285;113;1406;0172851131406;SI;REC.GLASS;25x150 ES.OLDMANOR TABACO;A;SI;SI;31.5000;PWO8;PAMESA;PAMESA;1/40/04T;8429991455118;;8429991773199;M2;4;1.50;40;60.00;35.00;1,464.00;93.00;153.00;63.00;;;12/07/2019;PAMESA;PAMESA;GRES PORCELNICO;0172851131406;;WOODS;OLDMANOR;MADERA;;POLIVALENTE;BASE;BASE;MATE RECTIFICADO;VARIACION MODERADA;;SI;;;;CLASE 1;R9;;GRUPO BIa;GL Esmaltado;;;NO;;1600-2400 N - 35-45 N/mm2;1;017.285.0113.01406;30x30(7)Malla;CATLOGO PAMESA;;;25;150;10,5;3750;25x150;ES.OLDMANOR;TABACO;https://www.pamesa.com/ERP/4.0/empresas/151/045/imagenes/t00010602/0172851131406.jpg
17;241;126;1406;0172411261406;SI;REC.GLASS;20x120(n) ES.OLDMANOR AMBAR;A;SI;SI;0.0000;PWO14;PAMESA;PAMESA;J/44/07;8429991986254;;8429991773199;M2;7;1.68;44;73.92;32.00;1,437.00;122.00;80.00;94.00;3;9.00;19/12/2024;PAMESA;PAMESA;GRES PORCELNICO;0172411261406;;WOODS;OLDMANOR;MADERA;;POLIVALENTE;BASE;BASE;MATE RECTIFICADO;VARIACION MODERADA;;SI;;;;CLASE 1;R9;;GRUPO BIa;GL Esmaltado;;;NO;;1600-2400 N - 35-45 N/mm2;1;017.241.0126.01406;90X90(N);CATLOGO PAMESA;;;20;120;9;2400;20x120;ES.OLDMANOR;AMBAR;https://www.pamesa.com/ERP/4.0/empresas/151/045/imagenes/t00010602/0172411261406.jpg
17;241;17;1406;0172410171406;SI;REC.GLASS;20x120(n) ES.OLDMANOR ARENA;A;SI;SI;0.0000;PWO14;PAMESA;PAMESA;J/44/07;8429991986223;;8429991773199;M2;7;1.68;44;73.92;32.00;1,437.00;122.00;80.00;94.00;3;9.00;19/12/2024;PAMESA;PAMESA;GRES PORCELNICO;0172410171406;;WOODS;OLDMANOR;MADERA;;POLIVALENTE;BASE;BASE;MATE RECTIFICADO;VARIACION MODERADA;;SI;;;;CLASE 1;R9;;GRUPO BIa;GL Esmaltado;;;NO;;1600-2400 N - 35-45 N/mm2;1;017.241.0017.01406;60X120(n);CATLOGO PAMESA;;;20;120;9;2400;20x120;ES.OLDMANOR;ARENA;https://www.pamesa.com/ERP/4.0/empresas/151/045/imagenes/t00010602/0172410171406.jpg
17;241;30;1406;0172410301406;SI;REC.GLASS;20x120(n) ES.OLDMANOR NACAR;A;SI;SI;0.0000;PWO14;PAMESA;PAMESA;J/44/07;8429991986230;;8429991773199;M2;7;1.68;44;73.92;32.00;1,437.00;122.00;80.00;94.00;3;9.00;19/12/2024;PAMESA;PAMESA;GRES PORCELNICO;0172410301406;;WOODS;OLDMANOR;MADERA;;POLIVALENTE;BASE;BASE;MATE RECTIFICADO;VARIACION MODERADA;;SI;;;;CLASE 1;R9;;GRUPO BIa;GL Esmaltado;;;NO;;1600-2400 N - 35-45 N/mm2;1;017.241.0030.01406;30x30(7)Malla;CATLOGO PAMESA;;;20;120;9;2400;20x120;ES.OLDMANOR;NACAR;https://www.pamesa.com/ERP/4.0/empresas/151/045/imagenes/t00010602/0172410301406.jpg
17;241;113;1406;0172411131406;SI;REC.GLASS;20x120(n) ES.OLDMANOR TABACO;A;SI;SI;0.0000;PWO14;PAMESA;PAMESA;J/44/07;8429991986247;;8429991773199;M2;7;1.68;44;73.92;32.00;1,437.00;122.00;80.00;94.00;3;9.00;19/12/2024;PAMESA;PAMESA;GRES PORCELNICO;0172411131406;;WOODS;OLDMANOR;MADERA;;POLIVALENTE;BASE;BASE;MATE RECTIFICADO;VARIACION MODERADA;;SI;;;;CLASE 1;R9;;GRUPO BIa;GL Esmaltado;;;NO;;1600-2400 N - 35-45 N/mm2;1;017.241.0113.01406;90X90(N);CATLOGO PAMESA;;;20;120;9;2400;20x120;ES.OLDMANOR;TABACO;https://www.pamesa.com/ERP/4.0/empresas/151/045/imagenes/t00010602/0172411131406.jpg
17;241;17;172;0172410170172;SI;REC.GLASS;20x120(n) RAINIER ARENA;A;SI;SI;0.0000;PWO14;PAMESA;PAMESA;J/44/07;8429991986186;;8429991773199;M2;7;1.68;44;73.92;32.00;1,437.00;122.00;80.00;94.00;3;9.00;19/12/2024;ATRIUM;PAMESA;GRES PORCELNICO;0172410170172;;WOODS;RAINIER;MADERA;;POLIVALENTE;;BASE;;;;SI;;;;CLASE 1;R9;;GRUPO BIa;GL Esmaltado;;;NO;;1600-2400 N - 35-45 N/mm2;3;017.241.0017.00172;60X120 RF;CATLOGO PAMESA;;;20;120;9;2400;20x120;RAINIER;ARENA;https://www.pamesa.com/ERP/4.0/empresas/151/045/imagenes/t00010602/0172410170172.jpg
17;241;34;172;0172410340172;SI;REC.GLASS;20x120(n) RAINIER NOGAL;A;SI;SI;0.0000;PWO14;PAMESA;PAMESA;J/44/07;8429991986193;;8429991773199;M2;7;1.68;44;73.92;32.00;1,437.00;122.00;80.00;94.00;3;9.00;19/12/2024;ATRIUM;PAMESA;GRES PORCELNICO;0172410340172;;WOODS;RAINIER;MADERA;;POLIVALENTE;;BASE;;;;SI;;;;CLASE 1;R9;;GRUPO BIa;GL Esmaltado;;;NO;;1600-2400 N - 35-45 N/mm2;3;017.241.0034.00172;30x30(7)Malla;CATLOGO PAMESA;;;20;120;9;2400;20x120;RAINIER;NOGAL;https://www.pamesa.com/ERP/4.0/empresas/151/045/imagenes/t00010602/0172410340172.jpg
17;241;37;172;0172410370172;SI;REC.GLASS;20x120(n) RAINIER PERLA;A;SI;SI;0.0000;PWO14;PAMESA;PAMESA;J/44/07;8429991986216;;8429991773199;M2;7;1.68;44;73.92;32.00;1,437.00;122.00;80.00;94.00;3;9.00;19/12/2024;ATRIUM;PAMESA;GRES PORCELNICO;0172410370172;;WOODS;RAINIER;MADERA;;POLIVALENTE;;BASE;;;;SI;;;;CLASE 1;R9;;GRUPO BIa;GL Esmaltado;;;NO;;1600-2400 N - 35-45 N/mm2;3;017.241.0037.00172;60x60;CATLOGO PAMESA;;;20;120;9;2400;20x120;RAINIER;PERLA;https://www.pamesa.com/ERP/4.0/empresas/151/045/imagenes/t00010602/0172410370172.jpg
17;241;36;172;0172410360172;SI;REC.GLASS;20x120(n) RAINIER ROBLE;A;SI;SI;0.0000;PWO14;PAMESA;PAMESA;J/44/07;8429991986209;;8429991773199;M2;7;1.68;44;73.92;32.00;1,437.00;122.00;80.00;94.00;3;9.00;19/12/2024;ATRIUM;PAMESA;GRES PORCELNICO;0172410360172;;WOODS;RAINIER;MADERA;;POLIVALENTE;;BASE;;;;SI;;;;CLASE 1;R9;;GRUPO BIa;GL Esmaltado;;;NO;;1600-2400 N - 35-45 N/mm2;3;017.241.0036.00172;30x30(7)Malla;CATLOGO PAMESA;;;20;120;9;2400;20x120;RAINIER;ROBLE;https://www.pamesa.com/ERP/4.0/empresas/151/045/imagenes/t00010602/0172410360172.jpg
15;536;17;172;0155360170172;SI;COM.GL;20x75 RAINIER ARENA;A;SI;SI;16.5000;PWO19;PAMESA;PAMESA;F/72/07;8429991599898;;8429991773182;M2;7;1.05;72;75.60;18.50;1,352.00;120.00;80.00;94.00;;;03/12/2020;ATRIUM;SERIE ATRIUM;GRES PORCELNICO;0155360170172;;WOODS;RAINIER;MADERA;;POLIVALENTE;BASE;BASE;MATE;VARIACION MODERADA;;SI;;25;;CLASE 1;R9;;GRUPO BIa;GL Esmaltado;;;NO;;1600-2400 N - 35-45 N/mm2;3;015.536.0017.00172;30,3X61,3;CATLOGO PAMESA;;;20;75;8,2;1500;20x75;RAINIER;ARENA;https://www.pamesa.com/ERP/4.0/empresas/151/045/imagenes/t00010602/0155360170172.jpg
15;536;34;172;0155360340172;SI;COM.GL;20x75 RAINIER NOGAL;A;SI;SI;16.5000;PWO19;PAMESA;PAMESA;F/72/07;8429991599300;;8429991773182;M2;7;1.05;72;75.60;18.50;1,352.00;120.00;80.00;94.00;;;02/12/2020;ATRIUM;SERIE ATRIUM;GRES PORCELNICO;0155360340172;;WOODS;RAINIER;MADERA;;POLIVALENTE;BASE;BASE;MATE;VARIACION MODERADA;;SI;;25;;CLASE 1;R9;;GRUPO BIa;GL Esmaltado;;;NO;;1600-2400 N - 35-45 N/mm2;3;015.536.0034.00172;30,3X61,3;CATLOGO PAMESA;;;20;75;8,2;1500;20x75;RAINIER;NOGAL;https://www.pamesa.com/ERP/4.0/empresas/151/045/imagenes/t00010602/0155360340172.jpg
15;536;37;172;0155360370172;SI;COM.GL;20x75 RAINIER PERLA;A;SI;SI;16.5000;PWO19;PAMESA;PAMESA;F/72/07;8429991599324;;8429991773182;M2;7;1.05;72;75.60;18.50;1,352.00;120.00;80.00;94.00;;;02/12/2020;ATRIUM;SERIE ATRIUM;GRES PORCELNICO;0155360370172;;WOODS;RAINIER;MADERA;;POLIVALENTE;BASE;BASE;MATE;VARIACION MODERADA;;SI;;25;;CLASE 1;R9;;GRUPO BIa;GL Esmaltado;;;NO;;1600-2400 N - 35-45 N/mm2;3;015.536.0037.00172;60X120(n);CATLOGO PAMESA;;;20;75;8,2;1500;20x75;RAINIER;PERLA;https://www.pamesa.com/ERP/4.0/empresas/151/045/imagenes/t00010602/0155360370172.jpg
15;536;36;172;0155360360172;SI;COM.GL;20x75 RAINIER ROBLE;A;SI;SI;16.5000;PWO19;PAMESA;PAMESA;F/72/07;8429991599317;;8429991773182;M2;7;1.05;72;75.60;18.50;1,352.00;120.00;80.00;94.00;;;02/12/2020;ATRIUM;SERIE ATRIUM;GRES PORCELNICO;0155360360172;;WOODS;RAINIER;MADERA;;POLIVALENTE;BASE;BASE;MATE;VARIACION MODERADA;;SI;;25;;CLASE 1;R9;;GRUPO BIa;GL Esmaltado;;;NO;;1600-2400 N - 35-45 N/mm2;3;015.536.0036.00172;30x30(7)Malla;CATLOGO PAMESA;;;20;75;8,2;1500;20x75;RAINIER;ROBLE;https://www.pamesa.com/ERP/4.0/empresas/151/045/imagenes/t00010602/0155360360172.jpg
17;250;198;10723;0172500011988;SI;REC.GLASS;60x120(n) AT.RLV.VIGGO ARCE;A;SI;SI;21.7500;PWO3;ATRIUM;PAMESA;L/36/02 RF;;;8429991773335;M2;2;1.44;36;51.84;28.62;1,055.32;122.00;84.00;73.50;;;07/11/2023;PAMESA;PAMESA;GRES PORCELNICO ESMALTADO;0172500011988;;WOODS;RLV.VIGGO;MADERA;;REVESTIMIENTO;DECORADO;RLV DECORADO;MATE RECTIFICADO;VARIACION ALTA;;SI;;;;;;;GRUPO BIa;GL Esmaltado;;;NO;;1600-2400 N - 35-45 N/mm2;1;017.250.0198.10723;60X120(n);CATLOGO PAMESA;;;60;120;9;7200;60x120;AT.RLV.VIGGO;ARCE;https://www.pamesa.com/ERP/4.0/empresas/151/045/imagenes/t00010602/0172500011988.jpg
17;250;19;10723;0172500021627;SI;REC.GLASS;60x120(n) AT.RLV.VIGGO CENIZA;A;SI;SI;21.7500;PWO3;ATRIUM;PAMESA;L/36/02 RF;;;8429991773335;M2;2;1.44;36;51.84;28.62;1,055.32;122.00;84.00;73.50;;;07/11/2023;PAMESA;PAMESA;GRES PORCELNICO ESMALTADO;0172500021627;;WOODS;RLV.VIGGO;MADERA;;REVESTIMIENTO;DECORADO;RLV DECORADO;MATE RECTIFICADO;VARIACION ALTA;;SI;;;;;;;GRUPO BIa;GL Esmaltado;;;NO;;1600-2400 N - 35-45 N/mm2;1;017.250.0019.10723;30x30(7)Malla;CATLOGO PAMESA;;;60;120;9;7200;60x120;AT.RLV.VIGGO;CENIZA;https://www.pamesa.com/ERP/4.0/empresas/151/045/imagenes/t00010602/0172500021627.jpg
17;250;18;10723;0172500021629;SI;REC.GLASS;60x120(n) AT.RLV.VIGGO FRESNO;A;SI;SI;21.7500;PWO3;ATRIUM;PAMESA;L/36/02 RF;;;8429991773335;M2;2;1.44;36;51.84;28.62;1,055.32;122.00;84.00;73.50;;;07/11/2023;PAMESA;PAMESA;GRES PORCELNICO ESMALTADO;0172500021629;;WOODS;RLV.VIGGO;MADERA;;REVESTIMIENTO;DECORADO;RLV DECORADO;MATE RECTIFICADO;VARIACION ALTA;;SI;;;;;;;GRUPO BIa;GL Esmaltado;;;NO;;1600-2400 N - 35-45 N/mm2;1;017.250.0018.10723;30x30(7)Malla;CATLOGO PAMESA;;;60;120;9;7200;60x120;AT.RLV.VIGGO;FRESNO;https://www.pamesa.com/ERP/4.0/empresas/151/045/imagenes/t00010602/0172500021629.jpg
17;250;34;10723;0172500022310;SI;REC.GLASS;60x120(n) AT.RLV.VIGGO NOGAL;A;SI;SI;21.7500;PWO3;ATRIUM;PAMESA;L/36/02 RF;;;8429991773335;M2;2;1.44;36;51.84;28.62;1,055.32;122.00;84.00;73.50;;;26/01/2024;PAMESA;PAMESA;GRES PORCELNICO ESMALTADO;0172500022310;;WOODS;RLV.VIGGO;MADERA;;REVESTIMIENTO;DECORADO;RLV DECORADO;MATE RECTIFICADO;VARIACION ALTA;;SI;;;;;;;GRUPO BIa;GL Esmaltado;;;NO;;1600-2400 N - 35-45 N/mm2;1;017.250.0034.10723;45X90C(N);CATLOGO PAMESA;;;60;120;9;7200;60x120;AT.RLV.VIGGO;NOGAL;https://www.pamesa.com/ERP/4.0/empresas/151/045/imagenes/t00010602/0172500022310.jpg
17;250;36;10723;0172500021628;SI;REC.GLASS;60x120(n) AT.RLV.VIGGO ROBLE;A;SI;SI;21.7500;PWO3;ATRIUM;PAMESA;L/36/02 RF;;;8429991773335;M2;2;1.44;36;51.84;28.62;1,055.32;122.00;84.00;73.50;;;07/11/2023;PAMESA;PAMESA;GRES PORCELNICO ESMALTADO;0172500021628;;WOODS;RLV.VIGGO;MADERA;;REVESTIMIENTO;DECORADO;RLV DECORADO;MATE RECTIFICADO;VARIACION ALTA;;SI;;;;;;;GRUPO BIa;GL Esmaltado;;;NO;;1600-2400 N - 35-45 N/mm2;1;017.250.0036.10723;45X90C(N);CATLOGO PAMESA;;;60;120;9;7200;60x120;AT.RLV.VIGGO;ROBLE;https://www.pamesa.com/ERP/4.0/empresas/151/045/imagenes/t00010602/0172500021628.jpg
17;250;198;15662;0172500034428;SI;REC.GLASS;60x120(n) RLV.VIGGO ARCE;A;SI;SI;0.0000;PWO3;PAMESA;PAMESA;L/36/02 RF;8429991864378;;8429991773199;M2;2;1.44;36;51.84;28.62;1,055.32;122.00;84.00;73.50;;;16/07/2025;PAMESA;PAMESA;GRES PORCELNICO ESMALTADO;0172500034428;;WOODS;RLV.VIGGO;MADERA;;REVESTIMIENTO;DECORADO;RLV DECORADO;MATE RECTIFICADO;VARIACION ALTA;;SI;;;;CLASE 1;;;GRUPO BIa;GL Esmaltado;;;NO;;1600-2400 N - 35-45 N/mm2;1;017.250.0198.15662;60X120 RF;CATLOGO PAMESA;;;60;120;9;7200;60x120;RLV.VIGGO;ARCE;https://www.pamesa.com/ERP/4.0/empresas/151/045/imagenes/t00010602/0172500034428.jpg
17;250;19;15662;0172500033295;SI;REC.GLASS;60x120(n) RLV.VIGGO CENIZA;A;SI;SI;0.0000;PWO3;PAMESA;PAMESA;L/36/02 RF;8429991864361;;8429991773199;M2;2;1.44;36;51.84;28.62;1,055.32;122.00;84.00;73.50;;;01/07/2025;PAMESA;PAMESA;GRES PORCELNICO ESMALTADO;0172500033295;;WOODS;RLV.VIGGO;MADERA;;REVESTIMIENTO;DECORADO;RLV DECORADO;MATE RECTIFICADO;VARIACION ALTA;;SI;;;;CLASE 1;;;GRUPO BIa;GL Esmaltado;;;NO;;1600-2400 N - 35-45 N/mm2;1;017.250.0019.15662;30x30(7)Malla;CATLOGO PAMESA;;;60;120;9;7200;60x120;RLV.VIGGO;CENIZA;https://www.pamesa.com/ERP/4.0/empresas/151/045/imagenes/t00010602/0172500033295.jpg
17;250;18;15662;0172500033326;SI;REC.GLASS;60x120(n) RLV.VIGGO FRESNO;A;SI;SI;0.0000;PWO3;PAMESA;PAMESA;L/36/02 RF;8429991864392;;8429991773199;M2;2;1.44;36;51.84;28.62;1,055.32;122.00;84.00;73.50;;;02/07/2025;PAMESA;PAMESA;GRES PORCELNICO ESMALTADO;0172500033326;;WOODS;RLV.VIGGO;MADERA;;REVESTIMIENTO;DECORADO;RLV DECORADO;MATE RECTIFICADO;VARIACION ALTA;;SI;;;;CLASE 1;;;GRUPO BIa;GL Esmaltado;;;NO;;1600-2400 N - 35-45 N/mm2;1;017.250.0018.15662;30x30(7)Malla;CATLOGO PAMESA;;;60;120;9;7200;60x120;RLV.VIGGO;FRESNO;https://www.pamesa.com/ERP/4.0/empresas/151/045/imagenes/t00010602/0172500033326.jpg
17;250;34;15662;0172500034425;SI;REC.GLASS;60x120(n) RLV.VIGGO NOGAL;A;SI;SI;0.0000;PWO3;PAMESA;PAMESA;L/36/02 RF;8429991880460;;8429991773199;M2;2;1.44;36;51.84;28.62;1,055.32;122.00;84.00;73.50;;;16/07/2025;PAMESA;PAMESA;GRES PORCELNICO ESMALTADO;0172500034425;;WOODS;RLV.VIGGO;MADERA;;REVESTIMIENTO;DECORADO;RLV DECORADO;MATE RECTIFICADO;VARIACION ALTA;;SI;;;;;;;GRUPO BIa;GL Esmaltado;;;NO;;1600-2400 N - 35-45 N/mm2;1;017.250.0034.15662;45X90C(N);CATLOGO PAMESA;;;60;120;9;7200;60x120;RLV.VIGGO;NOGAL;https://www.pamesa.com/ERP/4.0/empresas/151/045/imagenes/t00010602/0172500034425.jpg
17;250;36;15662;0172500034427;SI;REC.GLASS;60x120(n) RLV.VIGGO ROBLE;A;SI;SI;0.0000;PWO3;PAMESA;PAMESA;L/36/02 RF;8429991864385;;8429991773199;M2;2;1.44;36;51.84;28.62;1,055.32;122.00;84.00;73.50;;;16/07/2025;PAMESA;PAMESA;GRES PORCELNICO ESMALTADO;0172500034427;;WOODS;RLV.VIGGO;MADERA;;REVESTIMIENTO;DECORADO;RLV DECORADO;MATE RECTIFICADO;VARIACION ALTA;;SI;;;;CLASE 1;;;GRUPO BIa;GL Esmaltado;;;NO;;1600-2400 N - 35-45 N/mm2;1;017.250.0036.15662;60X60N(20MM);CATLOGO PAMESA;;;60;120;9;7200;60x120;RLV.VIGGO;ROBLE;https://www.pamesa.com/ERP/4.0/empresas/151/045/imagenes/t00010602/0172500034427.jpg
17;229;476;9741;0172294769741;SI;REC.GLASS;30x180 CR.ROVERE BARK;A;SI;SI;42.2500;PWO6;PAMESA;PAMESA;B/30/03;8429991763534;;8429991773199;M2;3;1.62;30;48.60;40.00;1,260.00;110.00;190.00;46.00;5;11.50;08/09/2022;PAMESA;PAMESA;GRES PORCELNICO;0172294769741;;WOODS;ROVERE;MADERA;;POLIVALENTE;BASE;BASE;MATE RECTIFICADO;VARIACION MODERADA;;SI;;;;CLASE 1;R9;;GRUPO BIa;GL Esmaltado;;;NO;;1600-2400 N - 35-45 N/mm2;1;017.229.0476.09741;60X120 RF;CATLOGO PAMESA;;;30;180;11,5;5400;30x180;CR.ROVERE;BARK;https://www.pamesa.com/ERP/4.0/empresas/151/045/imagenes/t00010602/0172294769741.jpg
17;229;109;9741;0172291099741;SI;REC.GLASS;30x180 CR.ROVERE BROWN;A;SI;SI;42.2500;PWO6;PAMESA;PAMESA;B/30/03;8429991763503;;8429991773199;M2;3;1.62;30;48.60;40.00;1,260.00;110.00;190.00;46.00;5;11.50;08/09/2022;PAMESA;PAMESA;GRES PORCELNICO;0172291099741;;WOODS;ROVERE;MADERA;;POLIVALENTE;BASE;BASE;MATE RECTIFICADO;VARIACION MODERADA;;SI;;;;CLASE 1;R9;;GRUPO BIa;GL Esmaltado;;;NO;;1600-2400 N - 35-45 N/mm2;1;017.229.0109.09741;25x70;CATLOGO PAMESA;;;30;180;11,5;5400;30x180;CR.ROVERE;BROWN;https://www.pamesa.com/ERP/4.0/empresas/151/045/imagenes/t00010602/0172291099741.jpg
17;229;364;9741;0172293649741;SI;REC.GLASS;30x180 CR.ROVERE DESERT;A;SI;SI;42.2500;PWO6;PAMESA;PAMESA;B/30/03;8429991763527;;8429991773199;M2;3;1.62;30;48.60;40.00;1,260.00;110.00;190.00;46.00;5;11.50;08/09/2022;PAMESA;PAMESA;GRES PORCELNICO;0172293649741;;WOODS;ROVERE;MADERA;;POLIVALENTE;BASE;BASE;MATE RECTIFICADO;VARIACION MODERADA;;SI;;;;CLASE 1;R9;;GRUPO BIa;GL Esmaltado;;;NO;;1600-2400 N - 35-45 N/mm2;1;017.229.0364.09741;60X120 RF;CATLOGO PAMESA;;;30;180;11,5;5400;30x180;CR.ROVERE;DESERT;https://www.pamesa.com/ERP/4.0/empresas/151/045/imagenes/t00010602/0172293649741.jpg
17;229;358;9741;0172293589741;SI;REC.GLASS;30x180 CR.ROVERE HONEY;A;SI;SI;42.2500;PWO6;PAMESA;PAMESA;B/30/03;8429991763510;;8429991773199;M2;3;1.62;30;48.60;40.00;1,260.00;110.00;190.00;46.00;5;11.50;08/09/2022;PAMESA;PAMESA;GRES PORCELNICO;0172293589741;;WOODS;ROVERE;MADERA;;POLIVALENTE;BASE;BASE;MATE RECTIFICADO;VARIACION MODERADA;;SI;;;;CLASE 1;R9;;GRUPO BIa;GL Esmaltado;;;NO;;1600-2400 N - 35-45 N/mm2;1;017.229.0358.09741;31,6x60;CATLOGO PAMESA;;;30;180;11,5;5400;30x180;CR.ROVERE;HONEY;https://www.pamesa.com/ERP/4.0/empresas/151/045/imagenes/t00010602/0172293589741.jpg
17;285;476;9741;0172854769741;SI;REC.GLASS;25x150 CR.ROVERE BARK;A;SI;SI;31.5000;PWO8;PAMESA;PAMESA;1/40/04T;8429991417307;;8429991773199;M2;4;1.50;40;60.00;35.00;1,464.00;93.00;153.00;63.00;;;20/12/2018;PAMESA;PAMESA;GRES PORCELNICO;0172854769741;;WOODS;ROVERE;MADERA;;POLIVALENTE;BASE;BASE;MATE RECTIFICADO;VARIACION MODERADA;;SI;;;;CLASE 1;R9;;GRUPO BIa;GL Esmaltado;;;NO;;1600-2400 N - 35-45 N/mm2;1;017.285.0476.09741;60X120 RF;CATLOGO PAMESA;;;25;150;10,5;3750;25x150;CR.ROVERE;BARK;https://www.pamesa.com/ERP/4.0/empresas/151/045/imagenes/t00010602/0172854769741.jpg
17;285;109;9741;0172851099741;SI;REC.GLASS;25x150 CR.ROVERE BROWN;A;SI;SI;31.5000;PWO8;PAMESA;PAMESA;1/40/04T;8429991417314;;8429991773199;M2;4;1.50;40;60.00;35.00;1,464.00;93.00;153.00;63.00;;;20/12/2018;PAMESA;PAMESA;GRES PORCELNICO;0172851099741;;WOODS;ROVERE;MADERA;;POLIVALENTE;BASE;BASE;MATE RECTIFICADO;VARIACION MODERADA;;SI;;;;CLASE 1;R9;;GRUPO BIa;GL Esmaltado;;;NO;;1600-2400 N - 35-45 N/mm2;1;017.285.0109.09741;30x30(7)Malla;CATLOGO PAMESA;;;25;150;10,5;3750;25x150;CR.ROVERE;BROWN;https://www.pamesa.com/ERP/4.0/empresas/151/045/imagenes/t00010602/0172851099741.jpg
17;285;364;9741;0172853649741;SI;REC.GLASS;25x150 CR.ROVERE DESERT;A;SI;SI;31.5000;PWO8;PAMESA;PAMESA;1/40/04T;8429991417321;;8429991773199;M2;4;1.50;40;60.00;35.00;1,464.00;93.00;153.00;63.00;;;26/12/2018;PAMESA;PAMESA;GRES PORCELNICO;0172853649741;;WOODS;ROVERE;MADERA;;POLIVALENTE;;BASE;MATE RECTIFICADO;VARIACION MODERADA;;SI;;;;CLASE 1;R9;;GRUPO BIa;GL Esmaltado;;;NO;;1600-2400 N - 35-45 N/mm2;1;017.285.0364.09741;60X120 RF;CATLOGO PAMESA;;;25;150;10,5;3750;25x150;CR.ROVERE;DESERT;https://www.pamesa.com/ERP/4.0/empresas/151/045/imagenes/t00010602/0172853649741.jpg
17;285;358;9741;0172853589741;SI;REC.GLASS;25x150 CR.ROVERE HONEY;A;SI;SI;31.5000;PWO8;PAMESA;PAMESA;1/40/04T;8429991417338;;8429991773199;M2;4;1.50;40;60.00;35.00;1,464.00;93.00;153.00;63.00;;;20/12/2018;PAMESA;PAMESA;GRES PORCELNICO;0172853589741;;WOODS;ROVERE;MADERA;;POLIVALENTE;BASE;BASE;MATE RECTIFICADO;VARIACION MODERADA;;SI;;;;CLASE 1;R9;;GRUPO BIa;GL Esmaltado;;;NO;;1600-2400 N - 35-45 N/mm2;1;017.285.0358.09741;60X120 RF;CATLOGO PAMESA;;;25;150;10,5;3750;25x150;CR.ROVERE;HONEY;https://www.pamesa.com/ERP/4.0/empresas/151/045/imagenes/t00010602/0172853589741.jpg
17;39;109;9741;0170390026700;SI;REC.GLASS;30x120,5C(N)20M CR.ROVERE BROWN;A;SI;SI;0.0000;2CM05;PAMESA;PAMESA;J/36/02;8429991114961;;8429991773199;M2;2;0.72;36;25.92;32.80;1,209.80;122.00;80.00;74.00;;20.00;17/03/2025;PAMESA;PAMESA;GRES PORCELNICO;0170390026700;;WOODS;ROVERE;MADERA;;PAVIMENTO;BASE;BASE;MATE RECTIFICADO;VARIACION MODERADA;NO;NO;;;;CLASE 3;R11;C;GRUPO BIa;GL Esmaltado;;36 Low;NO;;1600-2400 N - 35-45 N/mm2;1;017.039.0109.09741;60,8x60,8;CATLOGO PAMESA;;;30;120,5;20;3615;30x120,5;CR.ROVERE;BROWN;https://www.pamesa.com/ERP/4.0/empresas/151/045/imagenes/t00010602/0170390026700.jpg
17;39;358;9741;0170390026699;SI;REC.GLASS;30x120,5C(N)20M CR.ROVERE HONEY;A;SI;SI;0.0000;2CM05;PAMESA;PAMESA;J/36/02;8429991114978;;8429991773199;M2;2;0.72;36;25.92;32.80;1,209.80;122.00;80.00;74.00;;20.00;17/03/2025;PAMESA;PAMESA;GRES PORCELNICO;0170390026699;;WOODS;ROVERE;MADERA;;PAVIMENTO;BASE;BASE;MATE RECTIFICADO;VARIACION MODERADA;NO;NO;;;;CLASE 3;R11;C;GRUPO BIa;GL Esmaltado;;36 Low;NO;;1600-2400 N - 35-45 N/mm2;1;017.039.0358.09741;30x30(7)Malla;CATLOGO PAMESA;;;30;120,5;20;3615;30x120,5;CR.ROVERE;HONEY;https://www.pamesa.com/ERP/4.0/empresas/151/045/imagenes/t00010602/0170390026699.jpg
17;241;476;9741;0172414769741;SI;REC.GLASS;20x120(n) CR.ROVERE BARK;A;SI;SI;0.0000;PWO14;PAMESA;PAMESA;J/44/07;8429991986346;;8429991773199;M2;7;1.68;44;73.92;32.00;1,437.00;122.00;80.00;94.00;3;9.00;19/12/2024;PAMESA;PAMESA;GRES PORCELNICO;0172414769741;;WOODS;ROVERE;MADERA;;PAVIMENTO;BASE;BASE;MATE RECTIFICADO;VARIACION MODERADA;;SI;;;;CLASE 1;R9;;GRUPO BIa;GL Esmaltado;;;NO;;1600-2400 N - 35-45 N/mm2;1;017.241.0476.09741;60X120 RF;CATLOGO PAMESA;;;20;120;9;2400;20x120;CR.ROVERE;BARK;https://www.pamesa.com/ERP/4.0/empresas/151/045/imagenes/t00010602/0172414769741.jpg
17;241;109;9741;0172411099741;SI;REC.GLASS;20x120(n) CR.ROVERE BROWN;A;SI;SI;0.0000;PWO14;PAMESA;PAMESA;J/44/07;8429991986315;;8429991773199;M2;7;1.68;44;73.92;32.00;1,437.00;122.00;80.00;94.00;3;9.00;19/12/2024;PAMESA;PAMESA;GRES PORCELNICO;0172411099741;;WOODS;ROVERE;MADERA;;PAVIMENTO;BASE;BASE;MATE RECTIFICADO;VARIACION MODERADA;;SI;;;;CLASE 1;R9;;GRUPO BIa;GL Esmaltado;;;NO;;1600-2400 N - 35-45 N/mm2;1;017.241.0109.09741;100X100;CATLOGO PAMESA;;;20;120;9;2400;20x120;CR.ROVERE;BROWN;https://www.pamesa.com/ERP/4.0/empresas/151/045/imagenes/t00010602/0172411099741.jpg
17;241;364;9741;0172413649741;SI;REC.GLASS;20x120(n) CR.ROVERE DESERT;A;SI;SI;0.0000;PWO14;PAMESA;PAMESA;J/44/07;8429991986339;;8429991773199;M2;7;1.68;44;73.92;32.00;1,437.00;122.00;80.00;94.00;3;9.00;19/12/2024;PAMESA;PAMESA;GRES PORCELNICO;0172413649741;;WOODS;ROVERE;MADERA;;PAVIMENTO;BASE;BASE;MATE RECTIFICADO;VARIACION MODERADA;;SI;;;;CLASE 1;R9;;GRUPO BIa;GL Esmaltado;;;NO;;1600-2400 N - 35-45 N/mm2;1;017.241.0364.09741;90X90(N);CATLOGO PAMESA;;;20;120;9;2400;20x120;CR.ROVERE;DESERT;https://www.pamesa.com/ERP/4.0/empresas/151/045/imagenes/t00010602/0172413649741.jpg
17;241;358;9741;0172413589741;SI;REC.GLASS;20x120(n) CR.ROVERE HONEY;A;SI;SI;0.0000;PWO14;PAMESA;PAMESA;J/44/07;8429991986322;;8429991773199;M2;7;1.68;44;73.92;32.00;1,437.00;122.00;80.00;94.00;3;9.00;19/12/2024;PAMESA;PAMESA;GRES PORCELNICO;0172413589741;;WOODS;ROVERE;MADERA;;PAVIMENTO;BASE;BASE;MATE RECTIFICADO;VARIACION MODERADA;;SI;;;;CLASE 1;R9;;GRUPO BIa;GL Esmaltado;;;NO;;1600-2400 N - 35-45 N/mm2;1;017.241.0358.09741;90X90(N);CATLOGO PAMESA;;;20;120;9;2400;20x120;CR.ROVERE;HONEY;https://www.pamesa.com/ERP/4.0/empresas/151/045/imagenes/t00010602/0172413589741.jpg
17;241;476;12104;0172410016237;SI;REC.GLASS;20x120(n) EXT.ROVERE BARK;A;SI;SI;0.0000;PWO13;PAM-ADZ.PAMESA;PAMESA;J/44/07;8429991986377;;8429991773199;M2;7;1.68;44;73.92;32.00;1,437.00;122.00;80.00;94.00;3;9.00;19/12/2024;PAMESA;PAMESA;GRES PORCELNICO;0172410016237;;WOODS;ROVERE;MADERA;;ANTIDESLIZANTE;;BASE;MATE RECTIFICADO;;NO;NO;;;;CLASE 3;R11;C;GRUPO BIa;GL Esmaltado;;36 Low;NO;0.42;1600-2400 N - 35-45 N/mm2;1;017.241.0476.12104;60X120(n);CATLOGO PAMESA;;;20;120;9;2400;20x120;EXT.ROVERE;BARK;https://www.pamesa.com/ERP/4.0/empresas/151/045/imagenes/t00010602/0172410016237.jpg
17;241;109;12104;0172410016233;SI;REC.GLASS;20x120(n) EXT.ROVERE BROWN;A;SI;SI;0.0000;PWO13;PAM-ADZ.PAMESA;PAMESA;J/44/07;8429991986353;;8429991773199;M2;7;1.68;44;73.92;32.00;1,437.00;122.00;80.00;94.00;3;9.00;19/12/2024;PAMESA;PAMESA;GRES PORCELNICO;0172410016233;;WOODS;ROVERE;MADERA;;ANTIDESLIZANTE;;BASE;MATE RECTIFICADO;;NO;NO;;;;CLASE 3;R11;C;GRUPO BIa;GL Esmaltado;;36 Low;NO;0.42;1600-2400 N - 35-45 N/mm2;1;017.241.0109.12104;100X100;CATLOGO PAMESA;;;20;120;9;2400;20x120;EXT.ROVERE;BROWN;https://www.pamesa.com/ERP/4.0/empresas/151/045/imagenes/t00010602/0172410016233.jpg
17;241;364;12104;0172410016236;SI;REC.GLASS;20x120(n) EXT.ROVERE DESERT;A;SI;SI;0.0000;PWO13;PAM-ADZ.PAMESA;PAMESA;J/44/07;8429991986360;;8429991773199;M2;7;1.68;44;73.92;32.00;1,437.00;122.00;80.00;94.00;3;9.00;19/12/2024;PAMESA;PAMESA;GRES PORCELNICO;0172410016236;;WOODS;ROVERE;MADERA;;ANTIDESLIZANTE;;BASE;MATE RECTIFICADO;;NO;NO;;;;CLASE 3;R11;C;GRUPO BIa;GL Esmaltado;;36 Low;NO;0.42;1600-2400 N - 35-45 N/mm2;1;017.241.0364.12104;90X90(N);CATLOGO PAMESA;;;20;120;9;2400;20x120;EXT.ROVERE;DESERT;https://www.pamesa.com/ERP/4.0/empresas/151/045/imagenes/t00010602/0172410016236.jpg
17;241;358;12104;0172410016234;SI;REC.GLASS;20x120(n) EXT.ROVERE HONEY;A;SI;SI;0.0000;PWO13;PAM-ADZ.PAMESA;PAMESA;J/44/07;8429991986384;;8429991773199;M2;7;1.68;44;73.92;32.00;1,437.00;122.00;80.00;94.00;3;9.00;19/12/2024;PAMESA;PAMESA;GRES PORCELNICO;0172410016234;;WOODS;ROVERE;MADERA;;ANTIDESLIZANTE;;BASE;MATE RECTIFICADO;;NO;NO;;;;CLASE 3;R11;C;GRUPO BIa;GL Esmaltado;;36 Low;NO;0.42;1600-2400 N - 35-45 N/mm2;1;017.241.0358.12104;90X90(N);CATLOGO PAMESA;;;20;120;9;2400;20x120;EXT.ROVERE;HONEY;https://www.pamesa.com/ERP/4.0/empresas/151/045/imagenes/t00010602/0172410016234.jpg
15;223;476;9741;0152234769741;SI;COM.GL;8x40CHV CR.ROVERE BARK;A;SI;SI;34.0000;PWO21;PAMESA;PAMESA;F/65/30;8429991692469;;8429991773182;M2;30;0.96;65;62.40;16.63;1,100.95;120.00;80.00;95.00;;;16/12/2021;PAMESA;PAMESA;GRES PORCELNICO;0152234769741;;WOODS;ROVERE;MADERA;;POLIVALENTE;;BASE;MATE;VARIACION MODERADA;;SI;;;;CLASE 1;R9;;GRUPO BIa;GL Esmaltado;;;NO;;1600-2400 N - 35-45 N/mm2;1;015.223.0476.09741;30X30 (5)MALLA;CATLOGO PAMESA;;;8;40;8,5;320;8x40;CR.ROVERE;BARK;https://www.pamesa.com/ERP/4.0/empresas/151/045/imagenes/t00010602/0152234769741.jpg
15;223;109;9741;0152231099741;SI;COM.GL;8x40CHV CR.ROVERE BROWN;A;SI;SI;34.0000;PWO21;PAMESA;PAMESA;F/65/30;8429991692438;;8429991773182;M2;30;0.96;65;62.40;16.63;1,100.95;120.00;80.00;95.00;;;16/12/2021;PAMESA;PAMESA;GRES PORCELNICO;0152231099741;;WOODS;ROVERE;MADERA;;POLIVALENTE;;BASE;MATE;VARIACION MODERADA;;SI;;;;CLASE 1;R9;;GRUPO BIa;GL Esmaltado;;;NO;;1600-2400 N - 35-45 N/mm2;1;015.223.0109.09741;30X30 (5)MALLA;CATLOGO PAMESA;;;8;40;8,5;320;8x40;CR.ROVERE;BROWN;https://www.pamesa.com/ERP/4.0/empresas/151/045/imagenes/t00010602/0152231099741.jpg
15;223;364;9741;0152233649741;SI;COM.GL;8x40CHV CR.ROVERE DESERT;A;SI;SI;34.0000;PWO21;PAMESA;PAMESA;F/65/30;8429991692452;;8429991773182;M2;30;0.96;65;62.40;16.63;1,100.95;120.00;80.00;95.00;;;16/12/2021;PAMESA;PAMESA;GRES PORCELNICO;0152233649741;;WOODS;ROVERE;MADERA;;POLIVALENTE;;BASE;MATE;VARIACION MODERADA;;SI;;;;CLASE 1;R9;;GRUPO BIa;GL Esmaltado;;;NO;;1600-2400 N - 35-45 N/mm2;1;015.223.0364.09741;30X30 (5)MALLA;CATLOGO PAMESA;;;8;40;8,5;320;8x40;CR.ROVERE;DESERT;https://www.pamesa.com/ERP/4.0/empresas/151/045/imagenes/t00010602/0152233649741.jpg
15;223;358;9741;0152233589741;SI;COM.GL;8x40CHV CR.ROVERE HONEY;A;SI;SI;34.0000;PWO21;PAMESA;PAMESA;F/65/30;8429991692445;;8429991773182;M2;30;0.96;65;62.40;16.63;1,100.95;120.00;80.00;95.00;;;16/12/2021;PAMESA;PAMESA;GRES PORCELNICO;0152233589741;;WOODS;ROVERE;MADERA;;POLIVALENTE;;BASE;MATE;VARIACION MODERADA;;SI;;;;CLASE 1;R9;;GRUPO BIa;GL Esmaltado;;;NO;;1600-2400 N - 35-45 N/mm2;1;015.223.0358.09741;30X30 (5)MALLA;CATLOGO PAMESA;;;8;40;8,5;320;8x40;CR.ROVERE;HONEY;https://www.pamesa.com/ERP/4.0/empresas/151/045/imagenes/t00010602/0152233589741.jpg
17;241;109;12188;0172410016426;SI;REC.GLASS;20x120(n) TAVIRA BROWN;A;SI;SI;0.0000;PWO14;PAMESA;PAMESA;J/44/07;8429991986391;;8429991773199;M2;7;1.68;44;73.92;32.00;1,437.00;122.00;80.00;94.00;3;9.00;19/12/2024;PAMESA;PAMESA;GRES PORCELNICO;0172410016426;;WOODS;TAVIRA;MADERA;;POLIVALENTE;BASE;BASE;MATE RECTIFICADO;VARIACION MODERADA;;SI;;;;CLASE 3;R11;C;GRUPO BIa;GL Esmaltado;;;NO;;1600-2400 N - 35-45 N/mm2;1;017.241.0109.12188;100X100;CATLOGO PAMESA;;;20;120;9;2400;20x120;TAVIRA;BROWN;https://www.pamesa.com/ERP/4.0/empresas/151/045/imagenes/t00010602/0172410016426.jpg
17;241;161;12188;0172410016427;SI;REC.GLASS;20x120(n) TAVIRA GREY;A;SI;SI;0.0000;PWO14;PAMESA;PAMESA;J/44/07;8429991986407;;8429991773199;M2;7;1.68;44;73.92;32.00;1,437.00;122.00;80.00;94.00;3;9.00;19/12/2024;PAMESA;PAMESA;GRES PORCELNICO;0172410016427;;WOODS;TAVIRA;MADERA;;POLIVALENTE;BASE;BASE;MATE RECTIFICADO;VARIACION MODERADA;;SI;;;;CLASE 3;R11;C;GRUPO BIa;GL Esmaltado;;;NO;;1600-2400 N - 35-45 N/mm2;1;017.241.0161.12188;60X120(n);CATLOGO PAMESA;;;20;120;9;2400;20x120;TAVIRA;GREY;https://www.pamesa.com/ERP/4.0/empresas/151/045/imagenes/t00010602/0172410016427.jpg
17;285;198;15677;0172850033726;SI;REC.GLASS;25x150 VIGGO ARCE;A;SI;SI;0.0000;PWO8;PAMESA;PAMESA;1/40/04T;8429991834838;;8429991773199;M2;4;1.50;40;60.00;35.00;1,464.00;93.00;153.00;63.00;;;07/07/2025;PAMESA;PAMESA;GRES PORCELNICO;0172850033726;;WOODS;VIGGO;MADERA;;POLIVALENTE;BASE;BASE;MATE RECTIFICADO;VARIACION ALTA;;NO;;;;CLASE 1;;;GRUPO BIa;GL Esmaltado;;;NO;;1600-2400 N - 35-45 N/mm2;1;017.285.0198.15677;9X60(M2);CATLOGO PAMESA;;;25;150;10,5;3750;25x150;VIGGO;ARCE;https://www.pamesa.com/ERP/4.0/empresas/151/045/imagenes/t00010602/0172850033726.jpg
17;285;19;15677;0172850033723;SI;REC.GLASS;25x150 VIGGO CENIZA;A;SI;SI;0.0000;PWO8;PAMESA;PAMESA;1/40/04T;8429991834852;;8429991773199;M2;4;1.50;40;60.00;35.00;1,464.00;93.00;153.00;63.00;;;07/07/2025;PAMESA;PAMESA;GRES PORCELNICO;0172850033723;;WOODS;VIGGO;MADERA;;POLIVALENTE;BASE;BASE;MATE RECTIFICADO;VARIACION ALTA;;NO;;;;CLASE 1;;;GRUPO BIa;GL Esmaltado;;;NO;;1600-2400 N - 35-45 N/mm2;1;017.285.0019.15677;60x60;CATLOGO PAMESA;;;25;150;10,5;3750;25x150;VIGGO;CENIZA;https://www.pamesa.com/ERP/4.0/empresas/151/045/imagenes/t00010602/0172850033723.jpg
17;285;18;15677;0172850033722;SI;REC.GLASS;25x150 VIGGO FRESNO;A;SI;SI;0.0000;PWO8;PAMESA;PAMESA;1/40/04T;8429991834845;;8429991773199;M2;4;1.50;40;60.00;35.00;1,464.00;93.00;153.00;63.00;;;07/07/2025;PAMESA;PAMESA;GRES PORCELNICO;0172850033722;;WOODS;VIGGO;MADERA;;POLIVALENTE;BASE;BASE;MATE RECTIFICADO;VARIACION ALTA;;NO;;;;CLASE 1;;;GRUPO BIa;GL Esmaltado;;;NO;;1600-2400 N - 35-45 N/mm2;1;017.285.0018.15677;60x60;CATLOGO PAMESA;;;25;150;10,5;3750;25x150;VIGGO;FRESNO;https://www.pamesa.com/ERP/4.0/empresas/151/045/imagenes/t00010602/0172850033722.jpg
17;285;34;15677;0172850033724;SI;REC.GLASS;25x150 VIGGO NOGAL;A;SI;SI;0.0000;PWO8;PAMESA;PAMESA;1/40/04T;8429991834869;;8429991773199;M2;4;1.50;40;60.00;35.00;1,464.00;93.00;153.00;63.00;;;07/07/2025;PAMESA;PAMESA;GRES PORCELNICO;0172850033724;;WOODS;VIGGO;MADERA;;POLIVALENTE;BASE;BASE;MATE RECTIFICADO;VARIACION ALTA;;NO;;;;CLASE 1;;;GRUPO BIa;GL Esmaltado;;;NO;;1600-2400 N - 35-45 N/mm2;1;017.285.0034.15677;30x60 (C);CATLOGO PAMESA;;;25;150;10,5;3750;25x150;VIGGO;NOGAL;https://www.pamesa.com/ERP/4.0/empresas/151/045/imagenes/t00010602/0172850033724.jpg
17;285;36;15677;0172850033725;SI;REC.GLASS;25x150 VIGGO ROBLE;A;SI;SI;0.0000;PWO8;PAMESA;PAMESA;1/40/04T;8429991834876;;8429991773199;M2;4;1.50;40;60.00;35.00;1,464.00;93.00;153.00;63.00;;;07/07/2025;PAMESA;PAMESA;GRES PORCELNICO;0172850033725;;WOODS;VIGGO;MADERA;;POLIVALENTE;BASE;BASE;MATE RECTIFICADO;VARIACION ALTA;;NO;;;;CLASE 1;;;GRUPO BIa;GL Esmaltado;;;NO;;1600-2400 N - 35-45 N/mm2;1;017.285.0036.15677;30x30(7)Malla;CATLOGO PAMESA;;;25;150;10,5;3750;25x150;VIGGO;ROBLE;https://www.pamesa.com/ERP/4.0/empresas/151/045/imagenes/t00010602/0172850033725.jpg
15;440;18;8972;0154400188972;SI;COM.GL;60,8x60,8 AT.VIGGO FRESNO;A;SI;SI;17.7500;PWO4;ATRIUM;PAMESA;F/30/04 9MM;;;8429991773328;M2;4;1.48;30;44.40;29.70;911.00;120.00;80.00;74.00;;9.00;30/10/2019;PAMESA;PAMESA;GRES PORCELNICO;0154400188972;;WOODS;VIGGO;MADERA;;POLIVALENTE;BASE;BASE;MATE;VARIACION ALTA;;SI;;6;;CLASE 1;R9;;GRUPO BIa;GL Esmaltado;;;NO;;1600-2400 N - 35-45 N/mm2;1;015.440.0018.08972;60x60;CATLOGO PAMESA;;;60,8;60,8;9;3696,64;60,8x60,8;AT.VIGGO;FRESNO;https://www.pamesa.com/ERP/4.0/empresas/151/045/imagenes/t00010602/0154400188972.jpg
15;440;36;8972;0154400368972;SI;COM.GL;60,8x60,8 AT.VIGGO ROBLE;A;SI;SI;17.7500;PWO4;ATRIUM;PAMESA;F/30/04 9MM;;;8429991773328;M2;4;1.48;30;44.40;29.70;911.00;120.00;80.00;74.00;;9.00;30/10/2019;PAMESA;PAMESA;GRES PORCELNICO;0154400368972;;WOODS;VIGGO;MADERA;;POLIVALENTE;BASE;BASE;MATE;VARIACION ALTA;;SI;;6;;CLASE 1;R9;;GRUPO BIa;GL Esmaltado;;;NO;;1600-2400 N - 35-45 N/mm2;1;015.440.0036.08972;60X120(n);CATLOGO PAMESA;;;60,8;60,8;9;3696,64;60,8x60,8;AT.VIGGO;ROBLE;https://www.pamesa.com/ERP/4.0/empresas/151/045/imagenes/t00010602/0154400368972.jpg
15;440;18;15677;0154400033700;SI;COM.GL;60,8x60,8 VIGGO FRESNO;A;SI;SI;0.0000;PWO4;PAMESA;PAMESA;F/30/04 9MM;8429991471798;;8429991773182;M2;4;1.48;30;44.40;29.70;911.00;120.00;80.00;74.00;;9.00;07/07/2025;PAMESA;PAMESA;GRES PORCELNICO;0154400033700;;WOODS;VIGGO;MADERA;;POLIVALENTE;BASE;BASE;MATE;VARIACION ALTA;;SI;;;;CLASE 1;;;GRUPO BIa;GL Esmaltado;;;NO;;1600-2400 N - 35-45 N/mm2;1;015.440.0018.15677;60x60;CATLOGO PAMESA;;;60,8;60,8;9;3696,64;60,8x60,8;VIGGO;FRESNO;https://www.pamesa.com/ERP/4.0/empresas/151/045/imagenes/t00010602/0154400033700.jpg
15;440;34;15677;0154400033701;SI;COM.GL;60,8x60,8 VIGGO NOGAL;A;SI;SI;0.0000;PWO4;PAMESA;PAMESA;F/30/04 9MM;8429991471811;;8429991773182;M2;4;1.48;30;44.40;29.70;911.00;120.00;80.00;74.00;;9.00;07/07/2025;PAMESA;PAMESA;GRES PORCELNICO;0154400033701;;WOODS;VIGGO;MADERA;;POLIVALENTE;BASE;BASE;MATE;VARIACION ALTA;;SI;;;;CLASE 1;;;GRUPO BIa;GL Esmaltado;;;NO;;1600-2400 N - 35-45 N/mm2;1;015.440.0034.15677;60X120(n);CATLOGO PAMESA;;;60,8;60,8;9;3696,64;60,8x60,8;VIGGO;NOGAL;https://www.pamesa.com/ERP/4.0/empresas/151/045/imagenes/t00010602/0154400033701.jpg
15;440;36;15677;0154400033702;SI;COM.GL;60,8x60,8 VIGGO ROBLE;A;SI;SI;0.0000;PWO4;PAMESA;PAMESA;F/30/04 9MM;8429991471804;;8429991773182;M2;4;1.48;30;44.40;29.70;911.00;120.00;80.00;74.00;;9.00;07/07/2025;PAMESA;PAMESA;GRES PORCELNICO;0154400033702;;WOODS;VIGGO;MADERA;;POLIVALENTE;BASE;BASE;MATE;VARIACION ALTA;;SI;;;;CLASE 1;;;GRUPO BIa;GL Esmaltado;;;NO;;1600-2400 N - 35-45 N/mm2;1;015.440.0036.15677;60X120(n);CATLOGO PAMESA;;;60,8;60,8;9;3696,64;60,8x60,8;VIGGO;ROBLE;https://www.pamesa.com/ERP/4.0/empresas/151/045/imagenes/t00010602/0154400033702.jpg
17;241;198;8972;0172411988972;SI;REC.GLASS;20x120(n) AT.VIGGO ARCE;A;SI;SI;21.7500;PWO14;NO ENCAJAR;PAMESA;J/44/07;;;;M2;7;1.68;44;73.92;32.00;1,437.00;122.00;80.00;94.00;3;9.00;04/07/2018;PAMESA;PAMESA;GRES PORCELNICO;0172411988972;;WOODS;VIGGO;MADERA;;POLIVALENTE;BASE;BASE;MATE RECTIFICADO;VARIACION ALTA;;NO;;;;CLASE 1;R9;;GRUPO BIa;GL Esmaltado;;;NO;;1600-2400 N - 35-45 N/mm2;1;017.241.0198.08972;60X120(n);CATLOGO PAMESA;;;20;120;9;2400;20x120;AT.VIGGO;ARCE;https://www.pamesa.com/ERP/4.0/empresas/151/045/imagenes/t00010602/0172411988972.jpg
17;241;19;8972;0172410198972;SI;REC.GLASS;20x120(n) AT.VIGGO CENIZA;A;SI;SI;21.7500;PWO14;ATRIUM;PAMESA;J/44/07;;;8429991773335;M2;7;1.68;44;73.92;32.00;1,437.00;122.00;80.00;94.00;3;9.00;04/07/2018;PAMESA;PAMESA;GRES PORCELNICO;0172410198972;;WOODS;VIGGO;MADERA;;POLIVALENTE;BASE;BASE;MATE RECTIFICADO;VARIACION ALTA;;NO;;;;CLASE 1;R9;;GRUPO BIa;GL Esmaltado;;;NO;;1600-2400 N - 35-45 N/mm2;1;017.241.0019.08972;60x60;CATLOGO PAMESA;;;20;120;9;2400;20x120;AT.VIGGO;CENIZA;https://www.pamesa.com/ERP/4.0/empresas/151/045/imagenes/t00010602/0172410198972.jpg
17;241;18;8972;0172410188972;SI;REC.GLASS;20x120(n) AT.VIGGO FRESNO;A;SI;SI;21.7500;PWO14;NO ENCAJAR;PAMESA;J/44/07;;;;M2;7;1.68;44;73.92;32.00;1,437.00;122.00;80.00;94.00;3;9.00;04/07/2018;PAMESA;PAMESA;GRES PORCELNICO;0172410188972;;WOODS;VIGGO;MADERA;;POLIVALENTE;BASE;BASE;MATE RECTIFICADO;VARIACION ALTA;;NO;;;;CLASE 1;R9;;GRUPO BIa;GL Esmaltado;;;NO;;1600-2400 N - 35-45 N/mm2;1;017.241.0018.08972;60X120(n);CATLOGO PAMESA;;;20;120;9;2400;20x120;AT.VIGGO;FRESNO;https://www.pamesa.com/ERP/4.0/empresas/151/045/imagenes/t00010602/0172410188972.jpg
17;241;34;8972;0172410348972;SI;REC.GLASS;20x120(n) AT.VIGGO NOGAL;A;SI;SI;21.7500;PWO14;NO ENCAJAR;PAMESA;J/44/07;;;;M2;7;1.68;44;73.92;32.00;1,437.00;122.00;80.00;94.00;3;9.00;04/07/2018;PAMESA;PAMESA;GRES PORCELNICO;0172410348972;;WOODS;VIGGO;MADERA;;POLIVALENTE;BASE;BASE;MATE RECTIFICADO;VARIACION ALTA;;NO;;;;CLASE 1;R9;;GRUPO BIa;GL Esmaltado;;;NO;;1600-2400 N - 35-45 N/mm2;1;017.241.0034.08972;30x30(7)Malla;CATLOGO PAMESA;;;20;120;9;2400;20x120;AT.VIGGO;NOGAL;https://www.pamesa.com/ERP/4.0/empresas/151/045/imagenes/t00010602/0172410348972.jpg
17;241;36;8972;0172410368972;SI;REC.GLASS;20x120(n) AT.VIGGO ROBLE;A;SI;SI;21.7500;PWO14;NO ENCAJAR;PAMESA;J/44/07;;;;M2;7;1.68;44;73.92;32.00;1,437.00;122.00;80.00;94.00;3;9.00;04/07/2018;PAMESA;PAMESA;GRES PORCELNICO;0172410368972;;WOODS;VIGGO;MADERA;;POLIVALENTE;BASE;BASE;MATE RECTIFICADO;VARIACION ALTA;;NO;;;;CLASE 1;R9;;GRUPO BIa;GL Esmaltado;;;NO;;1600-2400 N - 35-45 N/mm2;1;017.241.0036.08972;30x30(7)Malla;CATLOGO PAMESA;;;20;120;9;2400;20x120;AT.VIGGO;ROBLE;https://www.pamesa.com/ERP/4.0/empresas/151/045/imagenes/t00010602/0172410368972.jpg
17;241;198;13406;0172410019779;SI;REC.GLASS;20x120(n) EXT.VIGGO ARCE;A;SI;SI;22.7500;PWO13;ADZ.ATRIUM;PAMESA;J/44/07;8429991838201;;8429991773335;M2;7;1.68;44;73.92;32.00;1,437.00;122.00;80.00;94.00;3;9.00;05/07/2023;PAMESA;PAMESA;GRES PORCELNICO;0172410019779;;WOODS;VIGGO;MADERA;;ANTIDESLIZANTE;BASE;BASE;MATE RECTIFICADO;VARIACION ALTA;NO;SI;;11;;CLASE 3;R11;C;GRUPO BIa;GL Esmaltado;;36 Low;NO;0.42;1600-2400 N - 35-45 N/mm2;1;017.241.0198.13406;60X60n(C);CATLOGO PAMESA;;;20;120;9;2400;20x120;EXT.VIGGO;ARCE;https://www.pamesa.com/ERP/4.0/empresas/151/045/imagenes/t00010602/0172410019779.jpg
17;241;19;13406;0172410023151;SI;REC.GLASS;20x120(n) EXT.VIGGO CENIZA;A;SI;SI;22.7500;PWO13;ADZ.ATRIUM;PAMESA;J/44/07;8429991928681;;8429991773335;M2;7;1.68;44;73.92;32.00;1,437.00;122.00;80.00;94.00;3;9.00;07/05/2024;PAMESA;PAMESA;GRES PORCELNICO;0172410023151;;WOODS;VIGGO;MADERA;;ANTIDESLIZANTE;BASE;BASE;MATE RECTIFICADO;VARIACION ALTA;NO;SI;;;;CLASE 3;R11;C;GRUPO BIa;GL Esmaltado;;36 Low;NO;0.42;1600-2400 N - 35-45 N/mm2;1;017.241.0019.13406;60x60;CATLOGO PAMESA;;;20;120;9;2400;20x120;EXT.VIGGO;CENIZA;https://www.pamesa.com/ERP/4.0/empresas/151/045/imagenes/t00010602/0172410023151.jpg
17;241;18;13406;0172410023150;SI;REC.GLASS;20x120(n) EXT.VIGGO FRESNO;A;SI;SI;22.7500;PWO13;ADZ.ATRIUM;PAMESA;J/44/07;8429991928711;;8429991773335;M2;7;1.68;44;73.92;32.00;1,437.00;122.00;80.00;94.00;3;9.00;07/05/2024;PAMESA;PAMESA;GRES PORCELNICO;0172410023150;;WOODS;VIGGO;MADERA;;ANTIDESLIZANTE;BASE;BASE;MATE RECTIFICADO;VARIACION ALTA;NO;SI;;;;CLASE 3;R11;C;GRUPO BIa;GL Esmaltado;;36 Low;NO;0.42;1600-2400 N - 35-45 N/mm2;1;017.241.0018.13406;60x60;CATLOGO PAMESA;;;20;120;9;2400;20x120;EXT.VIGGO;FRESNO;https://www.pamesa.com/ERP/4.0/empresas/151/045/imagenes/t00010602/0172410023150.jpg
17;241;34;13406;0172410019777;SI;REC.GLASS;20x120(n) EXT.VIGGO NOGAL;A;SI;SI;22.7500;PWO13;ADZ.ATRIUM;PAMESA;J/44/07;8429991838188;;8429991773335;M2;7;1.68;44;73.92;32.00;1,437.00;122.00;80.00;94.00;3;9.00;05/07/2023;PAMESA;PAMESA;GRES PORCELNICO;0172410019777;;WOODS;VIGGO;MADERA;;ANTIDESLIZANTE;BASE;BASE;MATE RECTIFICADO;VARIACION ALTA;NO;SI;;11;;CLASE 3;R11;C;GRUPO BIa;GL Esmaltado;;36 Low;NO;0.42;1600-2400 N - 35-45 N/mm2;1;017.241.0034.13406;30x30(7)Malla;CATLOGO PAMESA;;;20;120;9;2400;20x120;EXT.VIGGO;NOGAL;https://www.pamesa.com/ERP/4.0/empresas/151/045/imagenes/t00010602/0172410019777.jpg
17;241;36;13406;0172410019778;SI;REC.GLASS;20x120(n) EXT.VIGGO ROBLE;A;SI;SI;22.7500;PWO13;ADZ.ATRIUM;PAMESA;J/44/07;8429991838195;;8429991773335;M2;7;1.68;44;73.92;32.00;1,437.00;122.00;80.00;94.00;3;9.00;05/07/2023;PAMESA;PAMESA;GRES PORCELNICO;0172410019778;;WOODS;VIGGO;MADERA;;ANTIDESLIZANTE;BASE;BASE;MATE RECTIFICADO;VARIACION ALTA;NO;SI;;11;;CLASE 3;R11;C;GRUPO BIa;GL Esmaltado;;36 Low;NO;0.42;1600-2400 N - 35-45 N/mm2;1;017.241.0036.13406;30x30(7)Malla;CATLOGO PAMESA;;;20;120;9;2400;20x120;EXT.VIGGO;ROBLE;https://www.pamesa.com/ERP/4.0/empresas/151/045/imagenes/t00010602/0172410019778.jpg
17;241;198;15677;0172410033721;SI;REC.GLASS;20x120(n) VIGGO ARCE;A;SI;SI;0.0000;PWO14;PAMESA;PAMESA;J/44/07;8429991374020;;8429991773199;M2;7;1.68;44;73.92;32.00;1,437.00;122.00;80.00;94.00;3;9.00;07/07/2025;PAMESA;PAMESA;GRES PORCELNICO;0172410033721;;WOODS;VIGGO;MADERA;;POLIVALENTE;BASE;BASE;MATE RECTIFICADO;VARIACION ALTA;;NO;;;;CLASE 1;;;GRUPO BIa;GL Esmaltado;;;NO;;1600-2400 N - 35-45 N/mm2;1;017.241.0198.15677;60X60n(C);CATLOGO PAMESA;;;20;120;9;2400;20x120;VIGGO;ARCE;https://www.pamesa.com/ERP/4.0/empresas/151/045/imagenes/t00010602/0172410033721.jpg
17;241;19;15677;0172410033718;SI;REC.GLASS;20x120(n) VIGGO CENIZA;A;SI;SI;0.0000;PWO14;PAMESA;PAMESA;J/44/07;8429991373986;;8429991773199;M2;7;1.68;44;73.92;32.00;1,437.00;122.00;80.00;94.00;3;9.00;07/07/2025;PAMESA;PAMESA;GRES PORCELNICO;0172410033718;;WOODS;VIGGO;MADERA;;POLIVALENTE;BASE;BASE;MATE RECTIFICADO;VARIACION ALTA;;NO;;;;CLASE 1;;;GRUPO BIa;GL Esmaltado;;;NO;;1600-2400 N - 35-45 N/mm2;1;017.241.0019.15677;30x30(7)Malla;CATLOGO PAMESA;;;20;120;9;2400;20x120;VIGGO;CENIZA;https://www.pamesa.com/ERP/4.0/empresas/151/045/imagenes/t00010602/0172410033718.jpg
17;241;18;15677;0172410033716;SI;REC.GLASS;20x120(n) VIGGO FRESNO;A;SI;SI;0.0000;PWO14;PAMESA;PAMESA;J/44/07;8429991374013;;8429991773199;M2;7;1.68;44;73.92;32.00;1,437.00;122.00;80.00;94.00;3;9.00;07/07/2025;PAMESA;PAMESA;GRES PORCELNICO;0172410033716;;WOODS;VIGGO;MADERA;;POLIVALENTE;BASE;BASE;MATE RECTIFICADO;VARIACION ALTA;;NO;;;;CLASE 1;;;GRUPO BIa;GL Esmaltado;;;NO;;1600-2400 N - 35-45 N/mm2;1;017.241.0018.15677;60x60;CATLOGO PAMESA;;;20;120;9;2400;20x120;VIGGO;FRESNO;https://www.pamesa.com/ERP/4.0/empresas/151/045/imagenes/t00010602/0172410033716.jpg
17;241;34;15677;0172410033719;SI;REC.GLASS;20x120(n) VIGGO NOGAL;A;SI;SI;0.0000;PWO14;PAMESA;PAMESA;J/44/07;8429991374006;;8429991773199;M2;7;1.68;44;73.92;32.00;1,437.00;122.00;80.00;94.00;3;9.00;07/07/2025;PAMESA;PAMESA;GRES PORCELNICO;0172410033719;;WOODS;VIGGO;MADERA;;POLIVALENTE;BASE;BASE;MATE RECTIFICADO;VARIACION ALTA;;NO;;;;CLASE 1;;;GRUPO BIa;GL Esmaltado;;;NO;;1600-2400 N - 35-45 N/mm2;1;017.241.0034.15677;30x30(7)Malla;CATLOGO PAMESA;;;20;120;9;2400;20x120;VIGGO;NOGAL;https://www.pamesa.com/ERP/4.0/empresas/151/045/imagenes/t00010602/0172410033719.jpg
17;241;36;15677;0172410033720;SI;REC.GLASS;20x120(n) VIGGO ROBLE;A;SI;SI;0.0000;PWO14;PAMESA;PAMESA;J/44/07;8429991373993;;8429991773199;M2;7;1.68;44;73.92;32.00;1,437.00;122.00;80.00;94.00;3;9.00;07/07/2025;PAMESA;PAMESA;GRES PORCELNICO;0172410033720;;WOODS;VIGGO;MADERA;;POLIVALENTE;BASE;BASE;MATE RECTIFICADO;VARIACION ALTA;;NO;;;;CLASE 1;;;GRUPO BIa;GL Esmaltado;;;NO;;1600-2400 N - 35-45 N/mm2;1;017.241.0036.15677;60X120 RF;CATLOGO PAMESA;;;20;120;9;2400;20x120;VIGGO;ROBLE;https://www.pamesa.com/ERP/4.0/empresas/151/045/imagenes/t00010602/0172410033720.jpg
15;536;34;8972;0155360348972;SI;COM.GL;20x75 AT.VIGGO NOGAL;A;SI;SI;16.5000;PWO19;ATRIUM;PAMESA;F/72/07;;;8429991773328;M2;7;1.05;72;75.60;18.50;1,352.00;120.00;80.00;94.00;;;20/08/2020;PAMESA;PAMESA;GRES PORCELNICO;0155360348972;;WOODS;VIGGO;MADERA;;POLIVALENTE;BASE;BASE;MATE;VARIACION ALTA;;SI;;11;;CLASE 1;R9;;GRUPO BIa;GL Esmaltado;;;NO;;1600-2400 N - 35-45 N/mm2;1;015.536.0034.08972;30x30(7)Malla;CATLOGO PAMESA;;;20;75;8,2;1500;20x75;AT.VIGGO;NOGAL;https://www.pamesa.com/ERP/4.0/empresas/151/045/imagenes/t00010602/0155360348972.jpg
15;536;198;13406;0155360019779;SI;COM.GL;20x75 EXT.VIGGO ARCE;A;SI;SI;17.5000;PWO18;ADZ.ATRIUM;PAMESA;F/72/07;8429991820213;;8429991773328;M2;7;1.05;72;75.60;18.50;1,352.00;120.00;80.00;94.00;;;26/04/2023;PAMESA;PAMESA;GRES PORCELNICO;0155360019779;;WOODS;VIGGO;MADERA;;ANTIDESLIZANTE;BASE;BASE;MATE;VARIACION ALTA;NO;SI;;11;;CLASE 3;R11;C;GRUPO BIa;GL Esmaltado;;36 Low;NO;0.42;1600-2400 N - 35-45 N/mm2;1;015.536.0198.13406;60X120(n);CATLOGO PAMESA;;;20;75;8,2;1500;20x75;EXT.VIGGO;ARCE;https://www.pamesa.com/ERP/4.0/empresas/151/045/imagenes/t00010602/0155360019779.jpg
15;536;34;13406;0155360019777;SI;COM.GL;20x75 EXT.VIGGO NOGAL;A;SI;SI;17.5000;PWO18;ADZ.ATRIUM;PAMESA;F/72/07;8429991820190;;8429991773328;M2;7;1.05;72;75.60;18.50;1,352.00;120.00;80.00;94.00;;;26/04/2023;PAMESA;PAMESA;GRES PORCELNICO;0155360019777;;WOODS;VIGGO;MADERA;;ANTIDESLIZANTE;BASE;BASE;MATE;VARIACION ALTA;NO;SI;;11;;CLASE 3;R11;C;GRUPO BIa;GL Esmaltado;;36 Low;NO;0.42;1600-2400 N - 35-45 N/mm2;1;015.536.0034.13406;30x30(7)Malla;CATLOGO PAMESA;;;20;75;8,2;1500;20x75;EXT.VIGGO;NOGAL;https://www.pamesa.com/ERP/4.0/empresas/151/045/imagenes/t00010602/0155360019777.jpg
15;536;36;13406;0155360019778;SI;COM.GL;20x75 EXT.VIGGO ROBLE;A;SI;SI;17.5000;PWO18;ADZ.ATRIUM;PAMESA;F/72/07;8429991820206;;8429991773328;M2;7;1.05;72;75.60;18.50;1,352.00;120.00;80.00;94.00;;;26/04/2023;PAMESA;PAMESA;GRES PORCELNICO;0155360019778;;WOODS;VIGGO;MADERA;;ANTIDESLIZANTE;BASE;BASE;MATE;VARIACION ALTA;NO;SI;;11;;CLASE 3;R11;C;GRUPO BIa;GL Esmaltado;;36 Low;NO;0.42;1600-2400 N - 35-45 N/mm2;1;015.536.0036.13406;30x30(7)Malla;CATLOGO PAMESA;;;20;75;8,2;1500;20x75;EXT.VIGGO;ROBLE;https://www.pamesa.com/ERP/4.0/empresas/151/045/imagenes/t00010602/0155360019778.jpg
15;536;198;15677;0155360033707;SI;COM.GL;20x75 VIGGO ARCE;A;SI;SI;0.0000;PWO19;PAMESA;PAMESA;F/72/07;8429991568719;;8429991773182;M2;7;1.05;72;75.60;18.50;1,352.00;120.00;80.00;94.00;;;07/07/2025;PAMESA;PAMESA;GRES PORCELNICO;0155360033707;;WOODS;VIGGO;MADERA;;POLIVALENTE;BASE;BASE;MATE;VARIACION ALTA;;SI;;;;CLASE 1;;;GRUPO BIa;GL Esmaltado;;;NO;;1600-2400 N - 35-45 N/mm2;1;015.536.0198.15677;60X120(n);CATLOGO PAMESA;;;20;75;8,2;1500;20x75;VIGGO;ARCE;https://www.pamesa.com/ERP/4.0/empresas/151/045/imagenes/t00010602/0155360033707.jpg
15;536;19;15677;0155360033704;SI;COM.GL;20x75 VIGGO CENIZA;A;SI;SI;0.0000;PWO19;PAMESA;PAMESA;F/72/07;8429991568726;;8429991773182;M2;7;1.05;72;75.60;18.50;1,352.00;120.00;80.00;94.00;;;07/07/2025;PAMESA;PAMESA;GRES PORCELNICO;0155360033704;;WOODS;VIGGO;MADERA;;POLIVALENTE;BASE;BASE;MATE;VARIACION ALTA;;SI;;;;CLASE 1;;;GRUPO BIa;GL Esmaltado;;;NO;;1600-2400 N - 35-45 N/mm2;1;015.536.0019.15677;30,3X61,3;CATLOGO PAMESA;;;20;75;8,2;1500;20x75;VIGGO;CENIZA;https://www.pamesa.com/ERP/4.0/empresas/151/045/imagenes/t00010602/0155360033704.jpg
15;536;18;15677;0155360033703;SI;COM.GL;20x75 VIGGO FRESNO;A;SI;SI;0.0000;PWO19;PAMESA;PAMESA;F/72/07;8429991568740;;8429991773182;M2;7;1.05;72;75.60;18.50;1,352.00;120.00;80.00;94.00;;;07/07/2025;PAMESA;PAMESA;GRES PORCELNICO;0155360033703;;WOODS;VIGGO;MADERA;;POLIVALENTE;BASE;BASE;MATE;VARIACION ALTA;;SI;;;;CLASE 1;;;GRUPO BIa;GL Esmaltado;;;NO;;1600-2400 N - 35-45 N/mm2;1;015.536.0018.15677;30,3X61,3;CATLOGO PAMESA;;;20;75;8,2;1500;20x75;VIGGO;FRESNO;https://www.pamesa.com/ERP/4.0/empresas/151/045/imagenes/t00010602/0155360033703.jpg
15;536;34;15677;0155360033705;SI;COM.GL;20x75 VIGGO NOGAL;A;SI;SI;0.0000;PWO19;PAMESA;PAMESA;F/72/07;8429991568757;;8429991773182;M2;7;1.05;72;75.60;18.50;1,352.00;120.00;80.00;94.00;;;07/07/2025;PAMESA;PAMESA;GRES PORCELNICO;0155360033705;;WOODS;VIGGO;MADERA;;POLIVALENTE;BASE;BASE;MATE;VARIACION ALTA;;SI;;;;CLASE 1;;;GRUPO BIa;GL Esmaltado;;;NO;;1600-2400 N - 35-45 N/mm2;1;015.536.0034.15677;30x30(7)Malla;CATLOGO PAMESA;;;20;75;8,2;1500;20x75;VIGGO;NOGAL;https://www.pamesa.com/ERP/4.0/empresas/151/045/imagenes/t00010602/0155360033705.jpg
15;536;36;15677;0155360033706;SI;COM.GL;20x75 VIGGO ROBLE;A;SI;SI;0.0000;PWO19;PAMESA;PAMESA;F/72/07;8429991568733;;8429991773182;M2;7;1.05;72;75.60;18.50;1,352.00;120.00;80.00;94.00;;;07/07/2025;PAMESA;PAMESA;GRES PORCELNICO;0155360033706;;WOODS;VIGGO;MADERA;;POLIVALENTE;BASE;BASE;MATE;VARIACION ALTA;;SI;;;;CLASE 1;;;GRUPO BIa;GL Esmaltado;;;NO;;1600-2400 N - 35-45 N/mm2;1;015.536.0036.15677;60X120(n);CATLOGO PAMESA;;;20;75;8,2;1500;20x75;VIGGO;ROBLE;https://www.pamesa.com/ERP/4.0/empresas/151/045/imagenes/t00010602/0155360033706.jpg
43;18;109;14916;0430180030753;NO;QUICK NAT. REC.;20X120(T)C BRUME BROWN;A;SI;SI;0.0000;QCK03;PAMESA;PAMESA;25/32/06;8429991149079;;;M2;6;1.44;32;46.08;25.00;825.00;127.00;90.00;63.50;;9.30;11/06/2025;;;;0430180030753;;;;;;;;;;;;ESTRUCTURANTE;;;;CLASE 1;;;GRUPO BIa;GL Esmaltado;;;NO;;;;043.018.0109.14916;23X120(N);CATLOGO PAMESA;;;20;120;7,8;2400;20x120;BRUME;BROWN;https://www.pamesa.com/ERP/4.0/empresas/151/045/imagenes/t00010602/0430180030753.jpg
43;18;119;14916;0430180030754;NO;QUICK NAT. REC.;20X120(T)C BRUME SAND;A;SI;SI;0.0000;QCK03;PAMESA;PAMESA;25/32/06;8429991149086;;;M2;6;1.44;32;46.08;25.00;825.00;127.00;90.00;63.50;;9.30;11/06/2025;;;;0430180030754;;;;;;;;;;;;ESTRUCTURANTE;;;;CLASE 1;;;GRUPO BIa;GL Esmaltado;;;NO;;;;043.018.0119.14916;23X120(N);CATLOGO PAMESA;;;20;120;7,8;2400;20x120;BRUME;SAND;https://www.pamesa.com/ERP/4.0/empresas/151/045/imagenes/t00010602/0430180030754.jpg
43;18;369;14916;0430180030752;NO;QUICK NAT. REC.;20X120(T)C BRUME TAN;A;SI;SI;0.0000;QCK03;PAMESA;PAMESA;25/32/06;8429991149062;;;M2;6;1.44;32;46.08;25.00;825.00;127.00;90.00;63.50;;9.30;11/06/2025;;;;0430180030752;;;;;;;;;;;;ESTRUCTURANTE;;;;CLASE 1;;;GRUPO BIa;GL Esmaltado;;;NO;;;;043.018.0369.14916;20x120 (n);CATLOGO PAMESA;;;20;120;7,8;2400;20x120;BRUME;TAN;https://www.pamesa.com/ERP/4.0/empresas/151/045/imagenes/t00010602/0430180030752.jpg
43;18;370;14916;0430180030756;NO;QUICK NAT. REC.;20X120(T)C BRUME UMBER;A;SI;SI;0.0000;QCK03;PAMESA;PAMESA;25/32/06;8429991149109;;;M2;6;1.44;32;46.08;25.00;825.00;127.00;90.00;63.50;;9.30;11/06/2025;;;;0430180030756;;;;;;;;;;;;ESTRUCTURANTE;;;;CLASE 1;;;GRUPO BIa;GL Esmaltado;;;NO;;;;043.018.0370.14916;20x120 (n);CATLOGO PAMESA;;;20;120;7,8;2400;20x120;BRUME;UMBER;https://www.pamesa.com/ERP/4.0/empresas/151/045/imagenes/t00010602/0430180030756.jpg
43;18;108;14916;0430180030755;NO;QUICK NAT. REC.;20X120(T)C BRUME WHITE;A;SI;SI;0.0000;QCK03;PAMESA;PAMESA;25/32/06;8429991149093;;;M2;6;1.44;32;46.08;25.00;825.00;127.00;90.00;63.50;;9.30;11/06/2025;;;;0430180030755;;;;;;;;;;;;ESTRUCTURANTE;;;;CLASE 1;;;GRUPO BIa;GL Esmaltado;;;NO;;;;043.018.0108.14916;23X120(N);CATLOGO PAMESA;;;20;120;7,8;2400;20x120;BRUME;WHITE;https://www.pamesa.com/ERP/4.0/empresas/151/045/imagenes/t00010602/0430180030755.jpg
;;;;;;;;;;;;;;;;;;;;;;;;;;;;;;;;;;;;;;;;;;;;;;;;;;;;;;;;;;;;;;;;;;;;;;;;;;